granularity_geo,location_name,date,new_dose_1,new_dose_2,total_dose_1,total_dose_2,total_pr100_dose_1,total_pr100_dose_2,new_doses,total_doses,source
county,Oslo,2020-12-27,5,0,5,0,0.00072098677133472,0.0,5,5,fhi:git
county,Oslo,2020-12-28,264,0,269,0,0.0387890882978079,0.0,264,269,fhi:git
county,Oslo,2020-12-29,118,0,387,0,0.0558043761013073,0.0,118,387,fhi:git
county,Oslo,2020-12-30,58,0,445,0,0.06416782264879001,0.0,58,445,fhi:git
county,Oslo,2020-12-31,5,0,450,0,0.0648888094201248,0.0,5,450,fhi:git
county,Oslo,2021-01-01,6,0,456,0,0.0657539935457264,0.0,6,456,fhi:git
county,Oslo,2021-01-02,0,0,456,0,0.0657539935457264,0.0,0,456,fhi:git
county,Oslo,2021-01-03,0,0,456,0,0.0657539935457264,0.0,0,456,fhi:git
county,Oslo,2021-01-04,0,0,456,0,0.0657539935457264,0.0,0,456,fhi:git
county,Oslo,2021-01-05,479,0,935,0,0.134824526239593,0.0,479,935,fhi:git
county,Oslo,2021-01-06,604,0,1539,0,0.22191972821682698,0.0,604,1539,fhi:git
county,Oslo,2021-01-07,968,0,2507,0,0.36150276714722795,0.0,968,2507,fhi:git
county,Oslo,2021-01-08,449,0,2956,0,0.426247379213086,0.0,449,2956,fhi:git
county,Oslo,2021-01-09,126,0,3082,0,0.444416245850721,0.0,126,3082,fhi:git
county,Oslo,2021-01-10,100,0,3182,0,0.45883598127741604,0.0,100,3182,fhi:git
county,Oslo,2021-01-11,76,0,3258,0,0.46979498020170296,0.0,76,3258,fhi:git
county,Oslo,2021-01-12,242,0,3500,0,0.504690739934304,0.0,242,3500,fhi:git
county,Oslo,2021-01-13,489,0,3989,0,0.575203246170839,0.0,489,3989,fhi:git
county,Oslo,2021-01-14,1233,0,5222,0,0.7529985839819809,0.0,1233,5222,fhi:git
county,Oslo,2021-01-15,1640,0,6862,0,0.989482244979769,0.0,1640,6862,fhi:git
county,Oslo,2021-01-16,644,0,7506,0,1.08234534112768,0.0,644,7506,fhi:git
county,Oslo,2021-01-17,275,5,7781,5,1.1219996135510901,0.00072098677133472,280,7786,fhi:git
county,Oslo,2021-01-18,760,231,8541,236,1.23158960279397,0.0340305756069988,991,8777,fhi:git
county,Oslo,2021-01-19,810,69,9351,305,1.34838945975019,0.0439801930514179,879,9656,fhi:git
county,Oslo,2021-01-20,991,99,10342,404,1.49128903782873,0.0582557311238453,1090,10746,fhi:git
county,Oslo,2021-01-21,1018,21,11360,425,1.6380819444724801,0.0612838755634512,1039,11785,fhi:git
county,Oslo,2021-01-22,668,6,12028,431,1.7344057771228,0.0621490596890528,674,12459,fhi:git
county,Oslo,2021-01-23,232,0,12260,431,1.7678595633127299,0.0621490596890528,232,12691,fhi:git
county,Oslo,2021-01-24,67,0,12327,431,1.77752078604862,0.0621490596890528,67,12758,fhi:git
county,Oslo,2021-01-25,258,0,12585,431,1.81472370344949,0.0621490596890528,258,13016,fhi:git
county,Oslo,2021-01-26,312,403,12897,834,1.85971327798078,0.12026059345863101,715,13731,fhi:git
county,Oslo,2021-01-27,1032,527,13929,1361,2.00852494758426,0.19625259915731103,1559,15290,fhi:git
county,Oslo,2021-01-28,872,843,14801,2204,2.13426504050504,0.31781096880434395,1715,17005,fhi:git
county,Oslo,2021-01-29,424,501,15225,2705,2.19540471871422,0.3900538432920829,925,17930,fhi:git
county,Oslo,2021-01-30,93,151,15318,2856,2.2088150726610496,0.4118276437863921,244,18174,fhi:git
county,Oslo,2021-01-31,61,45,15379,2901,2.21761111127133,0.41831652472840397,106,18280,fhi:git
county,Oslo,2021-02-01,52,46,15431,2947,2.22510937369321,0.424949603024684,98,18378,fhi:git
county,Oslo,2021-02-02,1524,150,16955,3097,2.4448661415960298,0.44657920616472496,1674,20052,fhi:git
county,Oslo,2021-02-03,2445,457,19400,3554,2.79742867277871,0.512477397064719,2902,22954,fhi:git
county,Oslo,2021-02-04,2049,1230,21449,4784,3.0928890516716803,0.6898401428130599,3279,26233,fhi:git
county,Oslo,2021-02-05,1381,1570,22830,6354,3.2920255979143302,0.9162299890121619,2951,29184,fhi:git
county,Oslo,2021-02-06,241,632,23071,6986,3.32677716029266,1.0073627169088701,873,30057,fhi:git
county,Oslo,2021-02-07,215,269,23286,7255,3.35777959146006,1.04615180520668,484,30541,fhi:git
county,Oslo,2021-02-08,45,443,23331,7698,3.3642684724020695,1.11003123314693,488,31029,fhi:git
county,Oslo,2021-02-09,1164,244,24495,7942,3.5321141927687902,1.14521538758807,1408,32437,fhi:git
county,Oslo,2021-02-10,1834,808,26329,8750,3.7965721404943698,1.26172684983576,2642,35079,fhi:git
county,Oslo,2021-02-11,1587,743,27916,9493,4.02541334171601,1.3688654840560999,2330,37409,fhi:git
county,Oslo,2021-02-12,1353,426,29269,9919,4.22051236203918,1.43029355697382,1779,39188,fhi:git
county,Oslo,2021-02-13,272,193,29541,10112,4.25973404239979,1.4581236463473402,465,39653,fhi:git
county,Oslo,2021-02-14,103,0,29644,10112,4.27458636988929,1.4581236463473402,103,39756,fhi:git
county,Oslo,2021-02-15,260,442,29904,10554,4.31207768199869,1.52185887693333,702,40458,fhi:git
county,Oslo,2021-02-16,701,771,30605,11325,4.413160027339821,1.63303503707314,1472,41930,fhi:git
county,Oslo,2021-02-17,1403,1081,32008,12406,4.61546891537634,1.7889123770357098,2484,44414,fhi:git
county,Oslo,2021-02-18,1041,912,33049,13318,4.76557836116823,1.92042036412716,1953,46367,fhi:git
county,Oslo,2021-02-19,1493,967,34542,14285,4.98086501108878,2.0598592057032903,2460,48827,fhi:git
county,Oslo,2021-02-20,100,112,34642,14397,4.99528474651547,2.07600930938119,212,49039,fhi:git
county,Oslo,2021-02-21,4,61,34646,14458,4.995861535932541,2.08480534799148,65,49104,fhi:git
county,Oslo,2021-02-22,600,111,35246,14569,5.08237994849271,2.10081125431511,711,49815,fhi:git
county,Oslo,2021-02-23,330,1526,35576,16095,5.1299650754008,2.32085641692646,1856,51671,fhi:git
county,Oslo,2021-02-24,673,2332,36249,18427,5.227009894822451,2.65712464707698,3005,54676,fhi:git
county,Oslo,2021-02-25,539,1948,36788,20375,5.30473226877233,2.93802109318898,2487,57163,fhi:git
county,Oslo,2021-02-26,710,1364,37498,21739,5.407112390301861,3.1347062844090896,2074,59237,fhi:git
county,Oslo,2021-02-27,259,97,37757,21836,5.444459505057,3.1486934277729905,356,59593,fhi:git
county,Oslo,2021-02-28,101,62,37858,21898,5.45902343783796,3.15763366373754,163,59756,fhi:git
county,Oslo,2021-03-01,993,37,38851,21935,5.60221141062504,3.16296896584542,1030,60786,fhi:git
county,Oslo,2021-03-02,694,134,39545,22069,5.702284374486299,3.18229141131719,828,61614,fhi:git
county,Rogaland,2020-12-27,0,0,0,0,0.0,0.0,0,0,fhi:git
county,Rogaland,2020-12-28,1,0,1,0,0.00020838021888258202,0.0,1,1,fhi:git
county,Rogaland,2020-12-29,0,0,1,0,0.00020838021888258202,0.0,0,1,fhi:git
county,Rogaland,2020-12-30,0,0,1,0,0.00020838021888258202,0.0,0,1,fhi:git
county,Rogaland,2020-12-31,0,0,1,0,0.00020838021888258202,0.0,0,1,fhi:git
county,Rogaland,2021-01-01,0,0,1,0,0.00020838021888258202,0.0,0,1,fhi:git
county,Rogaland,2021-01-02,0,0,1,0,0.00020838021888258202,0.0,0,1,fhi:git
county,Rogaland,2021-01-03,0,0,1,0,0.00020838021888258202,0.0,0,1,fhi:git
county,Rogaland,2021-01-04,0,0,1,0,0.00020838021888258202,0.0,0,1,fhi:git
county,Rogaland,2021-01-05,548,0,549,0,0.11440074016653698,0.0,548,549,fhi:git
county,Rogaland,2021-01-06,641,0,1190,0,0.24797246047027302,0.0,641,1190,fhi:git
county,Rogaland,2021-01-07,211,0,1401,0,0.291940686654497,0.0,211,1401,fhi:git
county,Rogaland,2021-01-08,20,0,1421,0,0.296108291032149,0.0,20,1421,fhi:git
county,Rogaland,2021-01-09,1,0,1422,0,0.296316671251032,0.0,1,1422,fhi:git
county,Rogaland,2021-01-10,0,0,1422,0,0.296316671251032,0.0,0,1422,fhi:git
county,Rogaland,2021-01-11,1,0,1423,0,0.29652505146991404,0.0,1,1423,fhi:git
county,Rogaland,2021-01-12,117,0,1540,0,0.320905537079176,0.0,117,1540,fhi:git
county,Rogaland,2021-01-13,761,0,2301,0,0.479482883648821,0.0,761,2301,fhi:git
county,Rogaland,2021-01-14,536,0,2837,0,0.591174680969885,0.0,536,2837,fhi:git
county,Rogaland,2021-01-15,290,0,3127,0,0.6516049444458341,0.0,290,3127,fhi:git
county,Rogaland,2021-01-16,0,0,3127,0,0.6516049444458341,0.0,0,3127,fhi:git
county,Rogaland,2021-01-17,1,0,3128,0,0.6518133246647161,0.0,1,3128,fhi:git
county,Rogaland,2021-01-18,71,0,3199,0,0.66660832020538,0.0,71,3199,fhi:git
county,Rogaland,2021-01-19,512,0,3711,0,0.7732989922732622,0.0,512,3711,fhi:git
county,Rogaland,2021-01-20,656,0,4367,0,0.9099964158602349,0.0,656,4367,fhi:git
county,Rogaland,2021-01-21,427,0,4794,0,0.998974769323098,0.0,427,4794,fhi:git
county,Rogaland,2021-01-22,273,0,5067,0,1.0558625690780399,0.0,273,5067,fhi:git
county,Rogaland,2021-01-23,0,0,5067,0,1.0558625690780399,0.0,0,5067,fhi:git
county,Rogaland,2021-01-24,0,0,5067,0,1.0558625690780399,0.0,0,5067,fhi:git
county,Rogaland,2021-01-25,150,0,5217,0,1.0871196019104301,0.0,150,5217,fhi:git
county,Rogaland,2021-01-26,338,381,5555,381,1.15755211589274,0.0793928633942637,719,5936,fhi:git
county,Rogaland,2021-01-27,862,603,6417,984,1.33717586456953,0.20504613538046104,1465,7401,fhi:git
county,Rogaland,2021-01-28,522,282,6939,1266,1.44595033882624,0.26380935710534903,804,8205,fhi:git
county,Rogaland,2021-01-29,410,22,7349,1288,1.5313862285680901,0.268393721920766,432,8637,fhi:git
county,Rogaland,2021-01-30,3,1,7352,1289,1.53201136922474,0.268602102139648,4,8641,fhi:git
county,Rogaland,2021-01-31,0,0,7352,1289,1.53201136922474,0.268602102139648,0,8641,fhi:git
county,Rogaland,2021-02-01,12,5,7364,1294,1.53451193185133,0.269644003234061,17,8658,fhi:git
county,Rogaland,2021-02-02,449,75,7813,1369,1.62807465012961,0.285272519650255,524,9182,fhi:git
county,Rogaland,2021-02-03,2428,635,10241,2004,2.13402182157652,0.41759395864069393,3063,12245,fhi:git
county,Rogaland,2021-02-04,1874,549,12115,2553,2.52452635176248,0.531994698807232,2423,14668,fhi:git
county,Rogaland,2021-02-05,657,281,12772,2834,2.66143215556834,0.590549540313237,938,15606,fhi:git
county,Rogaland,2021-02-06,0,0,12772,2834,2.66143215556834,0.590549540313237,0,15606,fhi:git
county,Rogaland,2021-02-07,0,0,12772,2834,2.66143215556834,0.590549540313237,0,15606,fhi:git
county,Rogaland,2021-02-08,7,71,12779,2905,2.66289081710051,0.605344535853901,78,15684,fhi:git
county,Rogaland,2021-02-09,586,394,13365,3299,2.78500162536571,0.6874463420936379,980,16664,fhi:git
county,Rogaland,2021-02-10,1911,680,15276,3979,3.1832162236503194,0.8291448909337941,2591,19255,fhi:git
county,Rogaland,2021-02-11,1178,491,16454,4470,3.428688121494,0.9314595784051409,1669,20924,fhi:git
county,Rogaland,2021-02-12,482,264,16936,4734,3.5291273869954103,0.9864719561901429,746,21670,fhi:git
county,Rogaland,2021-02-13,0,0,16936,4734,3.5291273869954103,0.9864719561901429,0,21670,fhi:git
county,Rogaland,2021-02-14,0,0,16936,4734,3.5291273869954103,0.9864719561901429,0,21670,fhi:git
county,Rogaland,2021-02-15,0,147,16936,4881,3.5291273869954103,1.0171038483658799,147,21817,fhi:git
county,Rogaland,2021-02-16,475,314,17411,5195,3.6281079909646294,1.0825352370950099,789,22606,fhi:git
county,Rogaland,2021-02-17,1474,781,18885,5976,3.93526043359756,1.24528018804231,2255,24861,fhi:git
county,Rogaland,2021-02-18,1092,470,19977,6446,4.16281163261734,1.3432188909171199,1562,26423,fhi:git
county,Rogaland,2021-02-19,438,410,20415,6856,4.25408216848791,1.42865478065898,848,27271,fhi:git
county,Rogaland,2021-02-20,1,1,20416,6857,4.25429054870679,1.4288631608778601,2,27273,fhi:git
county,Rogaland,2021-02-21,0,0,20416,6857,4.25429054870679,1.4288631608778601,0,27273,fhi:git
county,Rogaland,2021-02-22,251,13,20667,6870,4.30659398364632,1.43157210372334,264,27537,fhi:git
county,Rogaland,2021-02-23,379,405,21046,7275,4.3855700866028196,1.51596609237078,784,28321,fhi:git
county,Rogaland,2021-02-24,644,2161,21690,9436,4.5197669475632,1.96627574537604,2805,31126,fhi:git
county,Rogaland,2021-02-25,976,1780,22666,11216,4.723146041192599,2.3371925349870404,2756,33882,fhi:git
county,Rogaland,2021-02-26,943,672,23609,11888,4.91964858759888,2.47722404207613,1615,35497,fhi:git
county,Rogaland,2021-02-27,1,0,23610,11888,4.9198569678177595,2.47722404207613,1,35498,fhi:git
county,Rogaland,2021-02-28,4,0,23614,11888,4.92069048869329,2.47722404207613,4,35502,fhi:git
county,Rogaland,2021-03-01,579,2,24193,11890,5.041342635426299,2.4776408025139,581,36083,fhi:git
county,Rogaland,2021-03-02,454,479,24647,12369,5.135947254799,2.57745492735866,933,37016,fhi:git
county,Møre og Romsdal,2020-12-27,0,0,0,0,0.0,0.0,0,0,fhi:git
county,Møre og Romsdal,2020-12-28,0,0,0,0,0.0,0.0,0,0,fhi:git
county,Møre og Romsdal,2020-12-29,0,0,0,0,0.0,0.0,0,0,fhi:git
county,Møre og Romsdal,2020-12-30,0,0,0,0,0.0,0.0,0,0,fhi:git
county,Møre og Romsdal,2020-12-31,0,0,0,0,0.0,0.0,0,0,fhi:git
county,Møre og Romsdal,2021-01-01,0,0,0,0,0.0,0.0,0,0,fhi:git
county,Møre og Romsdal,2021-01-02,0,0,0,0,0.0,0.0,0,0,fhi:git
county,Møre og Romsdal,2021-01-03,0,0,0,0,0.0,0.0,0,0,fhi:git
county,Møre og Romsdal,2021-01-04,0,0,0,0,0.0,0.0,0,0,fhi:git
county,Møre og Romsdal,2021-01-05,186,0,186,0,0.0701256984293352,0.0,186,186,fhi:git
county,Møre og Romsdal,2021-01-06,497,0,683,0,0.257504580791591,0.0,497,683,fhi:git
county,Møre og Romsdal,2021-01-07,457,0,1140,0,0.429802667792699,0.0,457,1140,fhi:git
county,Møre og Romsdal,2021-01-08,35,0,1175,0,0.442998363733703,0.0,35,1175,fhi:git
county,Møre og Romsdal,2021-01-09,1,0,1176,0,0.4433753836177321,0.0,1,1176,fhi:git
county,Møre og Romsdal,2021-01-10,0,0,1176,0,0.4433753836177321,0.0,0,1176,fhi:git
county,Møre og Romsdal,2021-01-11,1,0,1177,0,0.443752403501761,0.0,1,1177,fhi:git
county,Møre og Romsdal,2021-01-12,227,0,1404,0,0.529335917176272,0.0,227,1404,fhi:git
county,Møre og Romsdal,2021-01-13,387,0,1791,0,0.6752426122953721,0.0,387,1791,fhi:git
county,Møre og Romsdal,2021-01-14,410,0,2201,0,0.829820764747133,0.0,410,2201,fhi:git
county,Møre og Romsdal,2021-01-15,152,0,2353,0,0.8871277871194929,0.0,152,2353,fhi:git
county,Møre og Romsdal,2021-01-16,1,0,2354,0,0.887504807003522,0.0,1,2354,fhi:git
county,Møre og Romsdal,2021-01-17,1,0,2355,0,0.88788182688755,0.0,1,2355,fhi:git
county,Møre og Romsdal,2021-01-18,11,0,2366,0,0.892029045611866,0.0,11,2366,fhi:git
county,Møre og Romsdal,2021-01-19,203,0,2569,0,0.968564082069688,0.0,203,2569,fhi:git
county,Møre og Romsdal,2021-01-20,500,0,3069,0,1.15707402408403,0.0,500,3069,fhi:git
county,Møre og Romsdal,2021-01-21,800,0,3869,0,1.4586899313069799,0.0,800,3869,fhi:git
county,Møre og Romsdal,2021-01-22,212,0,4081,0,1.53861814672106,0.0,212,4081,fhi:git
county,Møre og Romsdal,2021-01-23,0,0,4081,0,1.53861814672106,0.0,0,4081,fhi:git
county,Møre og Romsdal,2021-01-24,0,0,4081,0,1.53861814672106,0.0,0,4081,fhi:git
county,Møre og Romsdal,2021-01-25,3,0,4084,0,1.53974920637314,0.0,3,4084,fhi:git
county,Møre og Romsdal,2021-01-26,78,129,4162,129,1.56915675732738,0.0486355650397002,207,4291,fhi:git
county,Møre og Romsdal,2021-01-27,538,359,4700,488,1.7719934549348102,0.183985703405998,897,5188,fhi:git
county,Møre og Romsdal,2021-01-28,487,509,5187,997,1.95560213845678,0.37588882437659793,996,6184,fhi:git
county,Møre og Romsdal,2021-01-29,93,77,5280,1074,1.9906649876714502,0.404919355446806,170,6354,fhi:git
county,Møre og Romsdal,2021-01-30,0,1,5280,1075,1.9906649876714502,0.40529637533083496,1,6355,fhi:git
county,Møre og Romsdal,2021-01-31,0,0,5280,1075,1.9906649876714502,0.40529637533083496,0,6355,fhi:git
county,Møre og Romsdal,2021-02-01,0,0,5280,1075,1.9906649876714502,0.40529637533083496,0,6355,fhi:git
county,Møre og Romsdal,2021-02-02,279,195,5559,1270,2.0958535353154497,0.47881525271642794,474,6829,fhi:git
county,Møre og Romsdal,2021-02-03,1052,312,6611,1582,2.49247845331363,0.5964454565333779,1364,8193,fhi:git
county,Møre og Romsdal,2021-02-04,1532,463,8143,2045,3.0700729156455697,0.7710056628386579,1995,10188,fhi:git
county,Møre og Romsdal,2021-02-05,207,156,8350,2201,3.1481160316395096,0.829820764747133,363,10551,fhi:git
county,Møre og Romsdal,2021-02-06,1,2,8351,2203,3.14849305152354,0.83057480451519,3,10554,fhi:git
county,Møre og Romsdal,2021-02-07,0,1,8351,2204,3.14849305152354,0.8309518243992191,1,10555,fhi:git
county,Møre og Romsdal,2021-02-08,0,2,8351,2206,3.14849305152354,0.8317058641672759,2,10557,fhi:git
county,Møre og Romsdal,2021-02-09,317,183,8668,2389,3.2680083547606302,0.900700502944526,500,11057,fhi:git
county,Møre og Romsdal,2021-02-10,1178,435,9846,2824,3.71213777814642,1.064704152497,1613,12670,fhi:git
county,Møre og Romsdal,2021-02-11,1227,804,11073,3628,4.17474117584962,1.36782813925606,2031,14701,fhi:git
county,Møre og Romsdal,2021-02-12,309,207,11382,3835,4.29124032001448,1.4458712552500002,516,15217,fhi:git
county,Møre og Romsdal,2021-02-13,24,0,11406,3835,4.30028879723117,1.4458712552500002,24,15241,fhi:git
county,Møre og Romsdal,2021-02-14,0,0,11406,3835,4.30028879723117,1.4458712552500002,0,15241,fhi:git
county,Møre og Romsdal,2021-02-15,1,8,11407,3843,4.30066581711519,1.44888741432223,9,15250,fhi:git
county,Møre og Romsdal,2021-02-16,342,58,11749,3901,4.429606617453009,1.47075456759589,400,15650,fhi:git
county,Møre og Romsdal,2021-02-17,1184,415,12933,4316,4.875998160142969,1.6272178194678,1599,17249,fhi:git
county,Møre og Romsdal,2021-02-18,1152,513,14085,4829,5.31032506654401,1.82062901997451,1665,18914,fhi:git
county,Møre og Romsdal,2021-02-19,495,83,14580,4912,5.49694990913821,1.8519216703488899,578,19492,fhi:git
county,Møre og Romsdal,2021-02-20,9,0,14589,4912,5.5003430880944695,1.8519216703488899,9,19501,fhi:git
county,Møre og Romsdal,2021-02-21,0,0,14589,4912,5.5003430880944695,1.8519216703488899,0,19501,fhi:git
county,Møre og Romsdal,2021-02-22,14,0,14603,4912,5.50562136647087,1.8519216703488899,14,19515,fhi:git
county,Møre og Romsdal,2021-02-23,387,179,14990,5091,5.6515280615899695,1.91940822959003,566,20081,fhi:git
county,Møre og Romsdal,2021-02-24,717,839,15707,5930,5.92185131843853,2.23572791229009,1556,21637,fhi:git
county,Møre og Romsdal,2021-02-25,694,1449,16401,7379,6.18350311795444,2.78202972424766,2143,23780,fhi:git
county,Møre og Romsdal,2021-02-26,239,191,16640,7570,6.273610870237301,2.85404052209714,430,24210,fhi:git
county,Møre og Romsdal,2021-02-27,2,0,16642,7570,6.2743649100053505,2.85404052209714,2,24212,fhi:git
county,Møre og Romsdal,2021-02-28,0,0,16642,7570,6.2743649100053505,2.85404052209714,0,24212,fhi:git
county,Møre og Romsdal,2021-03-01,94,1,16736,7571,6.30980477910405,2.85441754198116,95,24307,fhi:git
county,Møre og Romsdal,2021-03-02,597,191,17333,7762,6.53488564986917,2.92642833983064,788,25095,fhi:git
county,Nordland,2020-12-27,0,0,0,0,0.0,0.0,0,0,fhi:git
county,Nordland,2020-12-28,0,0,0,0,0.0,0.0,0,0,fhi:git
county,Nordland,2020-12-29,0,0,0,0,0.0,0.0,0,0,fhi:git
county,Nordland,2020-12-30,1,0,1,0,0.00041453354612722,0.0,1,1,fhi:git
county,Nordland,2020-12-31,0,0,1,0,0.00041453354612722,0.0,0,1,fhi:git
county,Nordland,2021-01-01,0,0,1,0,0.00041453354612722,0.0,0,1,fhi:git
county,Nordland,2021-01-02,0,0,1,0,0.00041453354612722,0.0,0,1,fhi:git
county,Nordland,2021-01-03,0,0,1,0,0.00041453354612722,0.0,0,1,fhi:git
county,Nordland,2021-01-04,0,0,1,0,0.00041453354612722,0.0,0,1,fhi:git
county,Nordland,2021-01-05,200,0,201,0,0.0833212427715713,0.0,200,201,fhi:git
county,Nordland,2021-01-06,686,0,887,0,0.367691255414845,0.0,686,887,fhi:git
county,Nordland,2021-01-07,238,0,1125,0,0.46635023939312303,0.0,238,1125,fhi:git
county,Nordland,2021-01-08,114,0,1239,0,0.513607063651626,0.0,114,1239,fhi:git
county,Nordland,2021-01-09,0,0,1239,0,0.513607063651626,0.0,0,1239,fhi:git
county,Nordland,2021-01-10,0,0,1239,0,0.513607063651626,0.0,0,1239,fhi:git
county,Nordland,2021-01-11,0,0,1239,0,0.513607063651626,0.0,0,1239,fhi:git
county,Nordland,2021-01-12,291,0,1530,0,0.6342363255746469,0.0,291,1530,fhi:git
county,Nordland,2021-01-13,627,0,2157,0,0.894148858996414,0.0,627,2157,fhi:git
county,Nordland,2021-01-14,273,0,2430,0,1.00731651708915,0.0,273,2430,fhi:git
county,Nordland,2021-01-15,69,0,2499,0,1.03591933177192,0.0,69,2499,fhi:git
county,Nordland,2021-01-16,0,0,2499,0,1.03591933177192,0.0,0,2499,fhi:git
county,Nordland,2021-01-17,1,0,2500,0,1.03633386531805,0.0,1,2500,fhi:git
county,Nordland,2021-01-18,0,0,2500,0,1.03633386531805,0.0,0,2500,fhi:git
county,Nordland,2021-01-19,313,0,2813,0,1.1660828652558701,0.0,313,2813,fhi:git
county,Nordland,2021-01-20,786,0,3599,0,1.4919062325118702,0.0,786,3599,fhi:git
county,Nordland,2021-01-21,614,0,4213,0,1.74642982983398,0.0,614,4213,fhi:git
county,Nordland,2021-01-22,172,0,4385,0,1.8177295997678602,0.0,172,4385,fhi:git
county,Nordland,2021-01-23,4,0,4389,0,1.81938773395237,0.0,4,4389,fhi:git
county,Nordland,2021-01-24,0,0,4389,0,1.81938773395237,0.0,0,4389,fhi:git
county,Nordland,2021-01-25,51,0,4440,0,1.84052894480486,0.0,51,4440,fhi:git
county,Nordland,2021-01-26,119,90,4559,90,1.889858436794,0.0373080191514498,209,4649,fhi:git
county,Nordland,2021-01-27,626,528,5185,618,2.14935643666964,0.256181731506622,1154,5803,fhi:git
county,Nordland,2021-01-28,471,365,5656,983,2.34460173689556,0.407486475843058,836,6639,fhi:git
county,Nordland,2021-01-29,212,144,5868,1127,2.4324828486745296,0.46717930648537703,356,6995,fhi:git
county,Nordland,2021-01-30,0,0,5868,1127,2.4324828486745296,0.46717930648537703,0,6995,fhi:git
county,Nordland,2021-01-31,0,0,5868,1127,2.4324828486745296,0.46717930648537703,0,6995,fhi:git
county,Nordland,2021-02-01,9,4,5877,1131,2.43621365058967,0.46883744066988603,13,7008,fhi:git
county,Nordland,2021-02-02,110,199,5987,1330,2.48181234066367,0.551329616349203,309,7317,fhi:git
county,Nordland,2021-02-03,1418,457,7405,1787,3.06962090907207,0.740771446929343,1875,9192,fhi:git
county,Nordland,2021-02-04,1670,347,9075,2134,3.76189193110452,0.8846145874354879,2017,11209,fhi:git
county,Nordland,2021-02-05,328,125,9403,2259,3.8978589342342502,0.9364312807013909,453,11662,fhi:git
county,Nordland,2021-02-06,0,0,9403,2259,3.8978589342342502,0.9364312807013909,0,11662,fhi:git
county,Nordland,2021-02-07,1,0,9404,2259,3.89827346778038,0.9364312807013909,1,11663,fhi:git
county,Nordland,2021-02-08,6,1,9410,2260,3.9007606690571404,0.9368458142475179,7,11670,fhi:git
county,Nordland,2021-02-09,70,262,9480,2522,3.9297780172860497,1.04545360333285,332,12002,fhi:git
county,Nordland,2021-02-10,2001,587,11481,3109,4.75925964308662,1.28878479490953,2588,14590,fhi:git
county,Nordland,2021-02-11,1209,560,12690,3669,5.260430700354429,1.5209235807407702,1769,16359,fhi:git
county,Nordland,2021-02-12,284,238,12974,3907,5.37815822745456,1.6195825647190498,522,16881,fhi:git
county,Nordland,2021-02-13,52,3,13026,3910,5.399713971853171,1.62082616535743,55,16936,fhi:git
county,Nordland,2021-02-14,0,0,13026,3910,5.399713971853171,1.62082616535743,0,16936,fhi:git
county,Nordland,2021-02-15,0,1,13026,3911,5.399713971853171,1.6212406989035602,1,16937,fhi:git
county,Nordland,2021-02-16,219,70,13245,3981,5.490496818455029,1.65025804713246,289,17226,fhi:git
county,Nordland,2021-02-17,1480,515,14725,4496,6.1040064667233205,1.8637428233879798,1995,19221,fhi:git
county,Nordland,2021-02-18,844,607,15569,5103,6.45387277965469,2.11536468588721,1451,20672,fhi:git
county,Nordland,2021-02-19,304,230,15873,5333,6.57989097767737,2.2107074014964705,534,21206,fhi:git
county,Nordland,2021-02-20,1,0,15874,5333,6.5803055112235,2.2107074014964705,1,21207,fhi:git
county,Nordland,2021-02-21,0,0,15874,5333,6.5803055112235,2.2107074014964705,0,21207,fhi:git
county,Nordland,2021-02-22,268,0,16142,5333,6.69140050158559,2.2107074014964705,268,21475,fhi:git
county,Nordland,2021-02-23,306,56,16448,5389,6.8182477667005195,2.23392128007959,362,21837,fhi:git
county,Nordland,2021-02-24,951,977,17399,6366,7.212469169067509,2.63892055464588,1928,23765,fhi:git
county,Nordland,2021-02-25,579,1840,17978,8206,7.45248409227517,3.4016622795199702,2419,26184,fhi:git
county,Nordland,2021-02-26,389,394,18367,8600,7.613737641718661,3.5649884966941,783,26967,fhi:git
county,Nordland,2021-02-27,0,4,18367,8604,7.613737641718661,3.5666466308786,4,26971,fhi:git
county,Nordland,2021-02-28,0,1,18367,8605,7.613737641718661,3.56706116442473,1,26972,fhi:git
county,Nordland,2021-03-01,228,0,18595,8605,7.70825129023566,3.56706116442473,228,27200,fhi:git
county,Nordland,2021-03-02,467,50,19062,8655,7.90183845627707,3.5877878417310898,517,27717,fhi:git
county,Viken,2020-12-27,0,0,0,0,0.0,0.0,0,0,fhi:git
county,Viken,2020-12-28,65,0,65,0,0.00523701522360041,0.0,65,65,fhi:git
county,Viken,2020-12-29,689,0,754,0,0.0607493765937647,0.0,689,754,fhi:git
county,Viken,2020-12-30,216,0,970,0,0.0781523810291138,0.0,216,970,fhi:git
county,Viken,2020-12-31,67,0,1037,0,0.0835505351826711,0.0,67,1037,fhi:git
county,Viken,2021-01-01,0,0,1037,0,0.0835505351826711,0.0,0,1037,fhi:git
county,Viken,2021-01-02,0,0,1037,0,0.0835505351826711,0.0,0,1037,fhi:git
county,Viken,2021-01-03,0,0,1037,0,0.0835505351826711,0.0,0,1037,fhi:git
county,Viken,2021-01-04,0,0,1037,0,0.0835505351826711,0.0,0,1037,fhi:git
county,Viken,2021-01-05,525,0,1562,0,0.125849504296367,0.0,525,1562,fhi:git
county,Viken,2021-01-06,1646,0,3208,0,0.258466843650925,0.0,1646,3208,fhi:git
county,Viken,2021-01-07,1917,0,5125,0,0.41291850801464797,0.0,1917,5125,fhi:git
county,Viken,2021-01-08,281,0,5406,0,0.43555852767359704,0.0,281,5406,fhi:git
county,Viken,2021-01-09,6,0,5412,0,0.43604194446346795,0.0,6,5412,fhi:git
county,Viken,2021-01-10,5,0,5417,0,0.43644479178835993,0.0,5,5417,fhi:git
county,Viken,2021-01-11,56,0,5473,0,0.44095668182715403,0.0,56,5473,fhi:git
county,Viken,2021-01-12,787,0,6260,0,0.504364850765209,0.0,787,6260,fhi:git
county,Viken,2021-01-13,1943,0,8203,0,0.660911321218372,0.0,1943,8203,fhi:git
county,Viken,2021-01-14,1951,0,10154,0,0.818102347391362,0.0,1951,10154,fhi:git
county,Viken,2021-01-15,1042,0,11196,0,0.9020557298989259,0.0,1042,11196,fhi:git
county,Viken,2021-01-16,87,0,11283,0,0.909065273352052,0.0,87,11283,fhi:git
county,Viken,2021-01-17,22,0,11305,0,0.9108378015815791,0.0,22,11305,fhi:git
county,Viken,2021-01-18,141,51,11446,51,0.922198096143543,0.00410904271390186,192,11497,fhi:git
county,Viken,2021-01-19,644,384,12090,435,0.9740848315896758,0.0350477172656335,1028,12525,fhi:git
county,Viken,2021-01-20,1488,342,13578,777,1.09397219547764,0.0626024742882695,1830,14355,fhi:git
county,Viken,2021-01-21,1998,99,15576,876,1.25494998650461,0.0705788513211378,2097,16452,fhi:git
county,Viken,2021-01-22,819,1,16395,877,1.3209363783219799,0.0706594207861163,820,17272,fhi:git
county,Viken,2021-01-23,97,0,16492,877,1.3287516164248898,0.0706594207861163,97,17369,fhi:git
county,Viken,2021-01-24,0,0,16492,877,1.3287516164248898,0.0706594207861163,0,17369,fhi:git
county,Viken,2021-01-25,60,0,16552,877,1.3335857843236,0.0706594207861163,60,17429,fhi:git
county,Viken,2021-01-26,561,401,17113,1278,1.3787852541765202,0.10296777624248199,962,18391,fhi:git
county,Viken,2021-01-27,1936,1165,19049,2443,1.5347677383748302,0.196831202942397,3101,21492,fhi:git
county,Viken,2021-01-28,3106,1705,22155,4148,1.7850164965979498,0.33420214073068394,4811,26303,fhi:git
county,Viken,2021-01-29,1037,421,23192,4569,1.8685670317806298,0.36812188548661895,1458,27761,fhi:git
county,Viken,2021-01-30,5,17,23197,4586,1.86896987910552,0.369491566391253,22,27783,fhi:git
county,Viken,2021-01-31,3,3,23200,4589,1.86921158750045,0.36973327478618895,6,27789,fhi:git
county,Viken,2021-02-01,31,45,23231,4634,1.87170924091479,0.37335890071022,76,27865,fhi:git
county,Viken,2021-02-02,1017,685,24248,5319,1.9536483867978898,0.42854898422046994,1702,29567,fhi:git
county,Viken,2021-02-03,4738,1716,28986,7035,2.33538651186587,0.5668061861235211,6454,36021,fhi:git
county,Viken,2021-02-04,6623,1750,35609,8785,2.86899807841826,0.70780274983584,8373,44394,fhi:git
county,Viken,2021-02-05,3137,1092,38746,9877,3.12174449005571,0.795784605592327,4229,48623,fhi:git
county,Viken,2021-02-06,37,87,38783,9964,3.1247255602599195,0.8027941490454531,124,48747,fhi:git
county,Viken,2021-02-07,15,19,38798,9983,3.12593410223459,0.8043249688800441,34,48781,fhi:git
county,Viken,2021-02-08,17,95,38815,10078,3.12730378313923,0.8119790680529991,112,48893,fhi:git
county,Viken,2021-02-09,790,565,39605,10643,3.1909536604722204,0.8575008157658329,1355,50248,fhi:git
county,Viken,2021-02-10,3430,1326,43035,11969,3.46730692534836,0.9643359263272808,4756,55004,fhi:git
county,Viken,2021-02-11,4836,1912,47871,13881,3.85694085798423,1.1183847433661103,6748,61752,fhi:git
county,Viken,2021-02-12,2415,971,50286,14852,4.05151611590723,1.1966176938602,3386,65138,fhi:git
county,Viken,2021-02-13,23,96,50309,14948,4.05336921360174,1.2043523624981398,119,65257,fhi:git
county,Viken,2021-02-14,6,0,50315,14948,4.05385263039161,1.2043523624981398,6,65263,fhi:git
county,Viken,2021-02-15,352,123,50667,15071,4.08221308206403,1.21426240669049,475,65738,fhi:git
county,Viken,2021-02-16,1407,353,52074,15424,4.19557431928873,1.24270342782789,1760,67498,fhi:git
county,Viken,2021-02-17,4376,1787,56450,17211,4.54814629803451,1.3866810617444099,6163,73661,fhi:git
county,Viken,2021-02-18,4839,2917,61289,20128,4.93802193906531,1.6217021910866,7756,81417,fhi:git
county,Viken,2021-02-19,3782,1278,65071,21406,5.24273565561388,1.7246699673290802,5060,86477,fhi:git
county,Viken,2021-02-20,28,4,65099,21410,5.244991600633281,1.724992245189,32,86509,fhi:git
county,Viken,2021-02-21,0,3,65099,21413,5.244991600633281,1.7252339535839298,3,86512,fhi:git
county,Viken,2021-02-22,679,7,65778,21420,5.2996982673536595,1.7257979398387802,686,87198,fhi:git
county,Viken,2021-02-23,2058,740,67836,22160,5.465510226279339,1.7854193439228503,2798,89996,fhi:git
county,Viken,2021-02-24,2421,4151,70257,26311,5.66056890099221,2.11986319304847,6572,96568,fhi:git
county,Viken,2021-02-25,2331,6228,72588,32539,5.8483763238570186,2.6216498209343597,8559,105127,fhi:git
county,Viken,2021-02-26,1701,2687,74289,35226,5.985424983785401,2.83813997333151,4388,109515,fhi:git
county,Viken,2021-02-27,166,85,74455,35311,5.99879951497182,2.8449883778546803,251,109766,fhi:git
county,Viken,2021-02-28,416,0,74871,35311,6.03231641240286,2.8449883778546803,416,110182,fhi:git
county,Viken,2021-03-01,1352,1,76223,35312,6.14124632905375,2.84506894731966,1353,111535,fhi:git
county,Viken,2021-03-02,2737,496,78960,35808,6.3617649546998205,2.88503140194898,3233,114768,fhi:git
county,Innlandet,2020-12-27,0,0,0,0,0.0,0.0,0,0,fhi:git
county,Innlandet,2020-12-28,272,0,272,0,0.0732393607711674,0.0,272,272,fhi:git
county,Innlandet,2020-12-29,260,0,532,0,0.143247573273019,0.0,260,532,fhi:git
county,Innlandet,2020-12-30,149,0,681,0,0.183367664283695,0.0,149,681,fhi:git
county,Innlandet,2020-12-31,0,0,681,0,0.183367664283695,0.0,0,681,fhi:git
county,Innlandet,2021-01-01,0,0,681,0,0.183367664283695,0.0,0,681,fhi:git
county,Innlandet,2021-01-02,0,0,681,0,0.183367664283695,0.0,0,681,fhi:git
county,Innlandet,2021-01-03,0,0,681,0,0.183367664283695,0.0,0,681,fhi:git
county,Innlandet,2021-01-04,0,0,681,0,0.183367664283695,0.0,0,681,fhi:git
county,Innlandet,2021-01-05,271,0,952,0,0.25633776269908604,0.0,271,952,fhi:git
county,Innlandet,2021-01-06,703,0,1655,0,0.44562919880985996,0.0,703,1655,fhi:git
county,Innlandet,2021-01-07,717,0,2372,0,0.638690307901504,0.0,717,2372,fhi:git
county,Innlandet,2021-01-08,76,0,2448,0,0.6591542469405071,0.0,76,2448,fhi:git
county,Innlandet,2021-01-09,0,0,2448,0,0.6591542469405071,0.0,0,2448,fhi:git
county,Innlandet,2021-01-10,0,0,2448,0,0.6591542469405071,0.0,0,2448,fhi:git
county,Innlandet,2021-01-11,50,0,2498,0,0.672617364729324,0.0,50,2498,fhi:git
county,Innlandet,2021-01-12,403,0,2901,0,0.781130094107193,0.0,403,2901,fhi:git
county,Innlandet,2021-01-13,994,0,3895,0,1.04877687574889,0.0,994,3895,fhi:git
county,Innlandet,2021-01-14,958,0,4853,0,1.30673021258263,0.0,958,4853,fhi:git
county,Innlandet,2021-01-15,279,0,5132,0,1.38185440984423,0.0,279,5132,fhi:git
county,Innlandet,2021-01-16,4,0,5136,0,1.38293145926734,0.0,4,5136,fhi:git
county,Innlandet,2021-01-17,0,0,5136,0,1.38293145926734,0.0,0,5136,fhi:git
county,Innlandet,2021-01-18,62,0,5198,0,1.39962572532547,0.0,62,5198,fhi:git
county,Innlandet,2021-01-19,331,318,5529,318,1.48875156508744,0.0856254291368795,649,5847,fhi:git
county,Innlandet,2021-01-20,665,252,6194,570,1.66781103167872,0.15347954279252,917,6764,fhi:git
county,Innlandet,2021-01-21,832,48,7026,618,1.8918373116846396,0.166404135869785,880,7644,fhi:git
county,Innlandet,2021-01-22,238,0,7264,618,1.95592175235941,0.166404135869785,238,7882,fhi:git
county,Innlandet,2021-01-23,5,0,7269,618,1.95726806413829,0.166404135869785,5,7887,fhi:git
county,Innlandet,2021-01-24,0,0,7269,618,1.95726806413829,0.166404135869785,0,7887,fhi:git
county,Innlandet,2021-01-25,1,0,7270,618,1.95753732649407,0.166404135869785,1,7888,fhi:git
county,Innlandet,2021-01-26,150,131,7420,749,1.99792667986052,0.201677504476487,281,8169,fhi:git
county,Innlandet,2021-01-27,933,603,8353,1352,2.2491484577998597,0.364042705009626,1536,9705,fhi:git
county,Innlandet,2021-01-28,903,707,9256,2059,2.4922923650658997,0.554411190543506,1610,11315,fhi:git
county,Innlandet,2021-01-29,319,132,9575,2191,2.5781870565585603,0.589953821505984,451,11766,fhi:git
county,Innlandet,2021-01-30,1,0,9576,2191,2.57845631891433,0.589953821505984,1,11767,fhi:git
county,Innlandet,2021-01-31,1,0,9577,2191,2.57872558127011,0.589953821505984,1,11768,fhi:git
county,Innlandet,2021-02-01,9,49,9586,2240,2.5811489424721,0.6031476769390259,58,11826,fhi:git
county,Innlandet,2021-02-02,609,341,10195,2581,2.7451297171399,0.694966140258761,950,12776,fhi:git
county,Innlandet,2021-02-03,2309,871,12504,3452,3.3668564966274905,0.929493652139963,3180,15956,fhi:git
county,Innlandet,2021-02-04,2653,997,15157,4449,4.08120952650215,1.19794822084898,3650,19606,fhi:git
county,Innlandet,2021-02-05,813,269,15970,4718,4.30011982174832,1.2703797945528201,1082,20688,fhi:git
county,Innlandet,2021-02-06,7,4,15977,4722,4.30200465823875,1.27145684397593,11,20699,fhi:git
county,Innlandet,2021-02-07,0,0,15977,4722,4.30200465823875,1.27145684397593,0,20699,fhi:git
county,Innlandet,2021-02-08,2,62,15979,4784,4.30254318295031,1.2881511100340601,64,20763,fhi:git
county,Innlandet,2021-02-09,256,269,16235,5053,4.37147434602905,1.3605826837379,525,21288,fhi:git
county,Innlandet,2021-02-10,2071,579,18306,5632,4.92911668484188,1.51648558773241,2650,23938,fhi:git
county,Innlandet,2021-02-11,2225,846,20531,6478,5.52822542644426,1.7442815407192,3071,27009,fhi:git
county,Innlandet,2021-02-12,429,279,20960,6757,5.643738977072309,1.8194057379808,708,27717,fhi:git
county,Innlandet,2021-02-13,0,5,20960,6762,5.643738977072309,1.82075204975968,5,27722,fhi:git
county,Innlandet,2021-02-14,1,0,20961,6762,5.64400823942809,1.82075204975968,1,27723,fhi:git
county,Innlandet,2021-02-15,87,14,21048,6776,5.667434064380631,1.8245217227405501,101,27824,fhi:git
county,Innlandet,2021-02-16,518,93,21566,6869,5.80691196467278,1.84956312182775,611,28435,fhi:git
county,Innlandet,2021-02-17,1501,764,23067,7633,6.21107476069308,2.0552795616408797,2265,30700,fhi:git
county,Innlandet,2021-02-18,1437,900,24504,8533,6.5980047659437,2.2976156818396003,2337,33037,fhi:git
county,Innlandet,2021-02-19,540,296,25044,8829,6.74340643806293,2.3773173391494,836,33873,fhi:git
county,Innlandet,2021-02-20,0,0,25044,8829,6.74340643806293,2.3773173391494,0,33873,fhi:git
county,Innlandet,2021-02-21,0,1,25044,8830,6.74340643806293,2.3775866015051803,1,33874,fhi:git
county,Innlandet,2021-02-22,250,3,25294,8833,6.81072202700702,2.37839438857251,253,34127,fhi:git
county,Innlandet,2021-02-23,281,305,25575,9138,6.886384748980171,2.46051940708429,586,34713,fhi:git
county,Innlandet,2021-02-24,810,2313,26385,11451,7.10448725715901,3.0833232359949903,3123,37836,fhi:git
county,Innlandet,2021-02-25,1711,2422,28096,13873,7.56519514789235,3.73547666168531,4133,41969,fhi:git
county,Innlandet,2021-02-26,598,779,28694,14652,7.726214036646611,3.94523203683509,1377,43346,fhi:git
county,Innlandet,2021-02-27,3,1,28697,14653,7.72702182371394,3.94550129919087,4,43350,fhi:git
county,Innlandet,2021-02-28,3,0,28700,14653,7.727829610781269,3.94550129919087,3,43353,fhi:git
county,Innlandet,2021-03-01,123,2,28823,14655,7.7609488805417595,3.94603982390242,125,43478,fhi:git
county,Innlandet,2021-03-02,496,154,29319,14809,7.89450300900683,3.9875062266919796,650,44128,fhi:git
county,Vestfold og Telemark,2020-12-27,0,0,0,0,0.0,0.0,0,0,fhi:git
county,Vestfold og Telemark,2020-12-28,0,0,0,0,0.0,0.0,0,0,fhi:git
county,Vestfold og Telemark,2020-12-29,0,0,0,0,0.0,0.0,0,0,fhi:git
county,Vestfold og Telemark,2020-12-30,0,0,0,0,0.0,0.0,0,0,fhi:git
county,Vestfold og Telemark,2020-12-31,0,0,0,0,0.0,0.0,0,0,fhi:git
county,Vestfold og Telemark,2021-01-01,0,0,0,0,0.0,0.0,0,0,fhi:git
county,Vestfold og Telemark,2021-01-02,0,0,0,0,0.0,0.0,0,0,fhi:git
county,Vestfold og Telemark,2021-01-03,0,0,0,0,0.0,0.0,0,0,fhi:git
county,Vestfold og Telemark,2021-01-04,1,0,1,0,0.00023843813484153399,0.0,1,1,fhi:git
county,Vestfold og Telemark,2021-01-05,218,0,219,0,0.052217951530296,0.0,218,219,fhi:git
county,Vestfold og Telemark,2021-01-06,1026,0,1245,0,0.29685547787771,0.0,1026,1245,fhi:git
county,Vestfold og Telemark,2021-01-07,442,0,1687,0,0.40224513347766794,0.0,442,1687,fhi:git
county,Vestfold og Telemark,2021-01-08,64,0,1751,0,0.417505174107526,0.0,64,1751,fhi:git
county,Vestfold og Telemark,2021-01-09,0,0,1751,0,0.417505174107526,0.0,0,1751,fhi:git
county,Vestfold og Telemark,2021-01-10,2,0,1753,0,0.417982050377209,0.0,2,1753,fhi:git
county,Vestfold og Telemark,2021-01-11,3,0,1756,0,0.41869736478173397,0.0,3,1756,fhi:git
county,Vestfold og Telemark,2021-01-12,418,0,2174,0,0.518364505145495,0.0,418,2174,fhi:git
county,Vestfold og Telemark,2021-01-13,1166,0,3340,0,0.796383370370724,0.0,1166,3340,fhi:git
county,Vestfold og Telemark,2021-01-14,582,0,3922,0,0.935154364848496,0.0,582,3922,fhi:git
county,Vestfold og Telemark,2021-01-15,157,0,4079,0,0.9725891520186171,0.0,157,4079,fhi:git
county,Vestfold og Telemark,2021-01-16,3,0,4082,0,0.9733044664231421,0.0,3,4082,fhi:git
county,Vestfold og Telemark,2021-01-17,41,0,4123,0,0.983080429951645,0.0,41,4123,fhi:git
county,Vestfold og Telemark,2021-01-18,7,0,4130,0,0.984749496895535,0.0,7,4130,fhi:git
county,Vestfold og Telemark,2021-01-19,233,0,4363,0,1.04030558231361,0.0,233,4363,fhi:git
county,Vestfold og Telemark,2021-01-20,1606,0,5969,0,1.42323722686912,0.0,1606,5969,fhi:git
county,Vestfold og Telemark,2021-01-21,830,0,6799,0,1.62114087878759,0.0,830,6799,fhi:git
county,Vestfold og Telemark,2021-01-22,180,0,6979,0,1.66405974305907,0.0,180,6979,fhi:git
county,Vestfold og Telemark,2021-01-23,3,0,6982,0,1.6647750574635902,0.0,3,6982,fhi:git
county,Vestfold og Telemark,2021-01-24,0,0,6982,0,1.6647750574635902,0.0,0,6982,fhi:git
county,Vestfold og Telemark,2021-01-25,44,0,7026,0,1.67526633539662,0.0,44,7026,fhi:git
county,Vestfold og Telemark,2021-01-26,103,178,7129,178,1.6998254632853,0.0424419880017931,281,7307,fhi:git
county,Vestfold og Telemark,2021-01-27,1622,898,8751,1076,2.08657211799826,0.25655943308949103,2520,9827,fhi:git
county,Vestfold og Telemark,2021-01-28,652,449,9403,1525,2.24203378191494,0.363618155633339,1101,10928,fhi:git
county,Vestfold og Telemark,2021-01-29,87,91,9490,1616,2.2627778996461605,0.38531602590391906,178,11106,fhi:git
county,Vestfold og Telemark,2021-01-30,0,0,9490,1616,2.2627778996461605,0.38531602590391906,0,11106,fhi:git
county,Vestfold og Telemark,2021-01-31,1,1,9491,1617,2.263016337781,0.385554464038761,2,11108,fhi:git
county,Vestfold og Telemark,2021-02-01,50,1,9541,1618,2.27493824452308,0.38579290217360207,51,11159,fhi:git
county,Vestfold og Telemark,2021-02-02,463,327,10004,1945,2.38533510095471,0.463762172266784,790,11949,fhi:git
county,Vestfold og Telemark,2021-02-03,3214,847,13218,2792,3.1516752663354,0.665719272477563,4061,16010,fhi:git
county,Vestfold og Telemark,2021-02-04,1901,708,15119,3500,3.60494616066915,0.834533471945369,2609,18619,fhi:git
county,Vestfold og Telemark,2021-02-05,959,244,16078,3744,3.83360833198218,0.892712376846703,1203,19822,fhi:git
county,Vestfold og Telemark,2021-02-06,0,4,16078,3748,3.83360833198218,0.8936661293860699,4,19826,fhi:git
county,Vestfold og Telemark,2021-02-07,2,1,16080,3749,3.8340852082518704,0.893904567520911,3,19829,fhi:git
county,Vestfold og Telemark,2021-02-08,17,46,16097,3795,3.83813865654417,0.9048727217236221,63,19892,fhi:git
county,Vestfold og Telemark,2021-02-09,354,208,16451,4003,3.9225457562780806,0.9544678537706609,562,20454,fhi:git
county,Vestfold og Telemark,2021-02-10,2880,1395,19331,5398,4.6092475846216905,1.2870890518746,4275,24729,fhi:git
county,Vestfold og Telemark,2021-02-11,1534,877,20865,6275,4.975011683468611,1.4961992961306299,2411,27140,fhi:git
county,Vestfold og Telemark,2021-02-12,603,213,21468,6488,5.11878987877805,1.54698661885187,816,27956,fhi:git
county,Vestfold og Telemark,2021-02-13,2,2,21470,6490,5.11926675504774,1.54746349512156,4,27960,fhi:git
county,Vestfold og Telemark,2021-02-14,0,0,21470,6490,5.11926675504774,1.54746349512156,0,27960,fhi:git
county,Vestfold og Telemark,2021-02-15,4,2,21474,6492,5.120220507587099,1.54794037139124,6,27966,fhi:git
county,Vestfold og Telemark,2021-02-16,574,76,22048,6568,5.25708399698614,1.5660616696392,650,28616,fhi:git
county,Vestfold og Telemark,2021-02-17,3014,1521,25062,8089,5.9757365353985294,1.9287260727331699,4535,33151,fhi:git
county,Vestfold og Telemark,2021-02-18,1806,626,26868,8715,6.40635580692234,2.07798834514397,2432,35583,fhi:git
county,Vestfold og Telemark,2021-02-19,280,83,27148,8798,6.473118484677969,2.09777871033582,363,35946,fhi:git
county,Vestfold og Telemark,2021-02-20,0,1,27148,8799,6.473118484677969,2.09801714847066,1,35947,fhi:git
county,Vestfold og Telemark,2021-02-21,1,1,27149,8800,6.47335692281281,2.0982555866055,2,35949,fhi:git
county,Vestfold og Telemark,2021-02-22,50,0,27199,8800,6.48527882955488,2.0982555866055,50,35999,fhi:git
county,Vestfold og Telemark,2021-02-23,627,382,27826,9182,6.6347795401005305,2.18933895411497,1009,37008,fhi:git
county,Vestfold og Telemark,2021-02-24,655,2846,28481,12028,6.790956518421731,2.8679338858739705,3501,40509,fhi:git
county,Vestfold og Telemark,2021-02-25,667,1907,29148,13935,6.94999475436103,3.3226354090167796,2574,43083,fhi:git
county,Vestfold og Telemark,2021-02-26,536,810,29684,14745,7.077797594636099,3.51577029823842,1346,44429,fhi:git
county,Vestfold og Telemark,2021-02-27,3,0,29687,14745,7.0785129090406205,3.51577029823842,3,44432,fhi:git
county,Vestfold og Telemark,2021-02-28,0,0,29687,14745,7.0785129090406205,3.51577029823842,0,44432,fhi:git
county,Vestfold og Telemark,2021-03-01,572,0,30259,14745,7.214899522169981,3.51577029823842,572,45004,fhi:git
county,Vestfold og Telemark,2021-03-02,755,341,31014,15086,7.39492031397534,3.59707770221938,1096,46100,fhi:git
county,Agder,2020-12-27,0,0,0,0,0.0,0.0,0,0,fhi:git
county,Agder,2020-12-28,0,0,0,0,0.0,0.0,0,0,fhi:git
county,Agder,2020-12-29,0,0,0,0,0.0,0.0,0,0,fhi:git
county,Agder,2020-12-30,0,0,0,0,0.0,0.0,0,0,fhi:git
county,Agder,2020-12-31,0,0,0,0,0.0,0.0,0,0,fhi:git
county,Agder,2021-01-01,0,0,0,0,0.0,0.0,0,0,fhi:git
county,Agder,2021-01-02,0,0,0,0,0.0,0.0,0,0,fhi:git
county,Agder,2021-01-03,3,0,3,0,0.000976463963597423,0.0,3,3,fhi:git
county,Agder,2021-01-04,0,0,3,0,0.000976463963597423,0.0,0,3,fhi:git
county,Agder,2021-01-05,79,0,82,0,0.0266900150049962,0.0,79,82,fhi:git
county,Agder,2021-01-06,791,0,873,0,0.28415101340685,0.0,791,873,fhi:git
county,Agder,2021-01-07,230,0,1103,0,0.359013250615986,0.0,230,1103,fhi:git
county,Agder,2021-01-08,49,0,1152,0,0.37496216202141097,0.0,49,1152,fhi:git
county,Agder,2021-01-09,0,0,1152,0,0.37496216202141097,0.0,0,1152,fhi:git
county,Agder,2021-01-10,0,0,1152,0,0.37496216202141097,0.0,0,1152,fhi:git
county,Agder,2021-01-11,1,0,1153,0,0.375287650009276,0.0,1,1153,fhi:git
county,Agder,2021-01-12,225,0,1378,0,0.44852244727908297,0.0,225,1378,fhi:git
county,Agder,2021-01-13,851,0,2229,0,0.725512724952886,0.0,851,2229,fhi:git
county,Agder,2021-01-14,519,0,2748,0,0.89444099065524,0.0,519,2748,fhi:git
county,Agder,2021-01-15,118,0,2866,0,0.9328485732234051,0.0,118,2866,fhi:git
county,Agder,2021-01-16,1,0,2867,0,0.933174061211271,0.0,1,2867,fhi:git
county,Agder,2021-01-17,2,0,2869,0,0.933825037187002,0.0,2,2869,fhi:git
county,Agder,2021-01-18,15,0,2884,0,0.93870735700499,0.0,15,2884,fhi:git
county,Agder,2021-01-19,347,0,3231,0,1.05165168879443,0.0,347,3231,fhi:git
county,Agder,2021-01-20,459,0,3690,0,1.20105067522483,0.0,459,3690,fhi:git
county,Agder,2021-01-21,341,0,4031,0,1.3120420790870702,0.0,341,4031,fhi:git
county,Agder,2021-01-22,63,0,4094,0,1.3325478223226201,0.0,63,4094,fhi:git
county,Agder,2021-01-23,1,0,4095,0,1.33287331031048,0.0,1,4095,fhi:git
county,Agder,2021-01-24,0,0,4095,0,1.33287331031048,0.0,0,4095,fhi:git
county,Agder,2021-01-25,1,0,4096,0,1.3331987982983502,0.0,1,4096,fhi:git
county,Agder,2021-01-26,63,66,4159,66,1.3537045415338897,0.0214822071991433,129,4225,fhi:git
county,Agder,2021-01-27,565,681,4724,747,1.53760525467808,0.243139526935758,1246,5471,fhi:git
county,Agder,2021-01-28,961,248,5685,995,1.8503992110171201,0.323860547926479,1209,6680,fhi:git
county,Agder,2021-01-29,204,61,5889,1056,1.91679876054174,0.34371531518629306,265,6945,fhi:git
county,Agder,2021-01-30,32,0,5921,1056,1.92721437615345,0.34371531518629306,32,6977,fhi:git
county,Agder,2021-01-31,20,0,5941,1056,1.9337241359107598,0.34371531518629306,20,6997,fhi:git
county,Agder,2021-02-01,0,2,5941,1058,1.9337241359107598,0.34436629116202505,2,6999,fhi:git
county,Agder,2021-02-02,203,170,6144,1228,1.9997981974475199,0.39969924909921206,373,7372,fhi:git
county,Agder,2021-02-03,1332,592,7476,1820,2.4333481972847797,0.59238813791577,1924,9296,fhi:git
county,Agder,2021-02-04,1705,500,9181,2320,2.98830521659598,0.7551321318486741,2205,11501,fhi:git
county,Agder,2021-02-05,618,133,9799,2453,3.1894567930970497,0.798422034234827,751,12252,fhi:git
county,Agder,2021-02-06,508,2,10307,2455,3.35480469093288,0.799073010210558,510,12762,fhi:git
county,Agder,2021-02-07,83,2,10390,2457,3.38182019392574,0.79972398618629,85,12847,fhi:git
county,Agder,2021-02-08,13,2,10403,2459,3.3860515377679996,0.800374962162021,15,12862,fhi:git
county,Agder,2021-02-09,188,254,10591,2713,3.44724327948677,0.8830489110799371,442,13304,fhi:git
county,Agder,2021-02-10,1149,371,11740,3084,3.82122897754458,1.00380495457815,1520,14824,fhi:git
county,Agder,2021-02-11,1001,412,12741,3496,4.14704245339826,1.1379060055788601,1413,16237,fhi:git
county,Agder,2021-02-12,352,69,13093,3565,4.26161422512702,1.1603646767416,421,16658,fhi:git
county,Agder,2021-02-13,509,1,13602,3566,4.42728761095072,1.16069016472947,510,17168,fhi:git
county,Agder,2021-02-14,0,0,13602,3566,4.42728761095072,1.16069016472947,0,17168,fhi:git
county,Agder,2021-02-15,1,2,13603,3568,4.42761309893858,1.1613411407052,3,17171,fhi:git
county,Agder,2021-02-16,139,113,13742,3681,4.47285592925193,1.19812128333404,252,17423,fhi:git
county,Agder,2021-02-17,1212,435,14954,4116,4.86734737054529,1.33970855805567,1647,19070,fhi:git
county,Agder,2021-02-18,1073,835,16027,4951,5.216595981525299,1.6114910279236103,1908,20978,fhi:git
county,Agder,2021-02-19,714,336,16741,5287,5.448994404861491,1.7208549918465301,1050,22028,fhi:git
county,Agder,2021-02-20,9,25,16750,5312,5.45192379675228,1.7289921915431699,34,22062,fhi:git
county,Agder,2021-02-21,53,20,16803,5332,5.46917466010917,1.73550195130049,73,22135,fhi:git
county,Agder,2021-02-22,224,0,17027,5332,5.54208396939111,1.73550195130049,224,22359,fhi:git
county,Agder,2021-02-23,294,201,17321,5533,5.637777437823661,1.80092503686151,495,22854,fhi:git
county,Agder,2021-02-24,626,1095,17947,6628,5.84153291822765,2.15733438357457,1721,24575,fhi:git
county,Agder,2021-02-25,704,1559,18651,8187,6.07067646168518,2.66477015665737,2263,26838,fhi:git
county,Agder,2021-02-26,375,464,19026,8651,6.19273445713486,2.8157965830271,839,27677,fhi:git
county,Agder,2021-02-27,0,0,19026,8651,6.19273445713486,2.8157965830271,0,27677,fhi:git
county,Agder,2021-02-28,8,81,19034,8732,6.1953383610377895,2.84216111004423,89,27766,fhi:git
county,Agder,2021-03-01,259,0,19293,8732,6.27963974989503,2.84216111004423,259,28025,fhi:git
county,Agder,2021-03-02,453,192,19746,8924,6.427085808398241,2.9046548037144704,645,28670,fhi:git
county,Vestland,2020-12-27,0,0,0,0,0.0,0.0,0,0,fhi:git
county,Vestland,2020-12-28,0,0,0,0,0.0,0.0,0,0,fhi:git
county,Vestland,2020-12-29,0,0,0,0,0.0,0.0,0,0,fhi:git
county,Vestland,2020-12-30,0,0,0,0,0.0,0.0,0,0,fhi:git
county,Vestland,2020-12-31,0,0,0,0,0.0,0.0,0,0,fhi:git
county,Vestland,2021-01-01,0,0,0,0,0.0,0.0,0,0,fhi:git
county,Vestland,2021-01-02,0,0,0,0,0.0,0.0,0,0,fhi:git
county,Vestland,2021-01-03,0,0,0,0,0.0,0.0,0,0,fhi:git
county,Vestland,2021-01-04,2,0,2,0,0.00031420307887597003,0.0,2,2,fhi:git
county,Vestland,2021-01-05,416,0,418,0,0.0656684434850777,0.0,416,418,fhi:git
county,Vestland,2021-01-06,1254,0,1672,0,0.262673773940311,0.0,1254,1672,fhi:git
county,Vestland,2021-01-07,718,0,2390,0,0.375472679256784,0.0,718,2390,fhi:git
county,Vestland,2021-01-08,139,0,2529,0,0.39730979323866394,0.0,139,2529,fhi:git
county,Vestland,2021-01-09,0,0,2529,0,0.39730979323866394,0.0,0,2529,fhi:git
county,Vestland,2021-01-10,0,0,2529,0,0.39730979323866394,0.0,0,2529,fhi:git
county,Vestland,2021-01-11,65,0,2594,0,0.407521393302133,0.0,65,2594,fhi:git
county,Vestland,2021-01-12,855,0,3449,0,0.54184320952161,0.0,855,3449,fhi:git
county,Vestland,2021-01-13,1124,0,4573,0,0.7184253398499051,0.0,1124,4573,fhi:git
county,Vestland,2021-01-14,996,0,5569,0,0.8748984731301379,0.0,996,5569,fhi:git
county,Vestland,2021-01-15,424,0,5993,0,0.9415095258518441,0.0,424,5993,fhi:git
county,Vestland,2021-01-16,2,0,5995,0,0.94182372893072,0.0,2,5995,fhi:git
county,Vestland,2021-01-17,1,0,5996,0,0.941980830470158,0.0,1,5996,fhi:git
county,Vestland,2021-01-18,62,0,6058,0,0.9517211259153129,0.0,62,6058,fhi:git
county,Vestland,2021-01-19,368,0,6426,0,1.00953449242849,0.0,368,6426,fhi:git
county,Vestland,2021-01-20,1235,0,7661,0,1.2035548936343998,0.0,1235,7661,fhi:git
county,Vestland,2021-01-21,783,0,8444,0,1.32656539901435,0.0,783,8444,fhi:git
county,Vestland,2021-01-22,312,0,8756,0,1.375581079319,0.0,312,8756,fhi:git
county,Vestland,2021-01-23,0,0,8756,0,1.375581079319,0.0,0,8756,fhi:git
county,Vestland,2021-01-24,0,0,8756,0,1.375581079319,0.0,0,8756,fhi:git
county,Vestland,2021-01-25,2,0,8758,0,1.37589528239787,0.0,2,8758,fhi:git
county,Vestland,2021-01-26,152,174,8910,174,1.39977471639245,0.0273356678622094,326,9084,fhi:git
county,Vestland,2021-01-27,1590,1208,10500,1382,1.6495661640988402,0.217114327503295,2798,11882,fhi:git
county,Vestland,2021-01-28,1931,677,12431,2059,1.9529292367535902,0.323472069702811,2608,14490,fhi:git
county,Vestland,2021-01-29,481,176,12912,2235,2.02849507722326,0.351121940643896,657,15147,fhi:git
county,Vestland,2021-01-30,1,0,12913,2235,2.0286521787627,0.351121940643896,1,15148,fhi:git
county,Vestland,2021-01-31,1,0,12914,2235,2.02880928030214,0.351121940643896,1,15149,fhi:git
county,Vestland,2021-02-01,12,59,12926,2294,2.03069449877539,0.3603909314707371,71,15220,fhi:git
county,Vestland,2021-02-02,722,581,13648,2875,2.14412181024962,0.45166692588420704,1303,16523,fhi:git
county,Vestland,2021-02-03,2828,1038,16476,3913,2.58840496378024,0.6147383238208349,3866,20389,fhi:git
county,Vestland,2021-02-04,2558,1057,19034,4970,2.9902707016626096,0.780794651006785,3615,24004,fhi:git
county,Vestland,2021-02-05,910,485,19944,5455,3.13323310255117,0.856988897634208,1395,25399,fhi:git
county,Vestland,2021-02-06,0,2,19944,5457,3.13323310255117,0.857303100713084,2,25401,fhi:git
county,Vestland,2021-02-07,2,1,19946,5458,3.13354730563005,0.857460202252522,3,25404,fhi:git
county,Vestland,2021-02-08,8,49,19954,5507,3.13480411794555,0.8651581776849828,57,25461,fhi:git
county,Vestland,2021-02-09,886,305,20840,5812,3.27399608188761,0.9130741472135692,1191,26652,fhi:git
county,Vestland,2021-02-10,2745,970,23585,6782,3.70523980764488,1.06546264046841,3715,30367,fhi:git
county,Vestland,2021-02-11,2680,834,26265,7616,4.12627193333868,1.19648532435969,3514,33881,fhi:git
county,Vestland,2021-02-12,609,457,26874,8073,4.221946770856411,1.26828072788285,1066,34947,fhi:git
county,Vestland,2021-02-13,0,0,26874,8073,4.221946770856411,1.26828072788285,0,34947,fhi:git
county,Vestland,2021-02-14,0,2,26874,8075,4.221946770856411,1.26859493096173,2,34949,fhi:git
county,Vestland,2021-02-15,92,1,26966,8076,4.2364001124847,1.2687520325011699,93,35042,fhi:git
county,Vestland,2021-02-16,1058,56,28024,8132,4.40261354121009,1.27754971870969,1114,36156,fhi:git
county,Vestland,2021-02-17,2673,1325,30697,9457,4.82254595612783,1.48570925846502,3998,40154,fhi:git
county,Vestland,2021-02-18,1929,1971,32626,11428,5.1255948257037005,1.7953563926972902,3900,44054,fhi:git
county,Vestland,2021-02-19,1132,538,33758,11966,5.3034337683475,1.8798770209149298,1670,45724,fhi:git
county,Vestland,2021-02-20,0,3,33758,11969,5.3034337683475,1.8803483255332398,3,45727,fhi:git
county,Vestland,2021-02-21,0,1,33758,11970,5.3034337683475,1.88050542707268,1,45728,fhi:git
county,Vestland,2021-02-22,48,2,33806,11972,5.310974642240519,1.88081963015156,50,45778,fhi:git
county,Vestland,2021-02-23,509,589,34315,12561,5.39093932581445,1.9733524368805302,1098,46876,fhi:git
county,Vestland,2021-02-24,1302,2378,35617,14939,5.59548553016271,2.34693989766406,3680,50556,fhi:git
county,Vestland,2021-02-25,1232,2622,36849,17561,5.789034626750309,2.75886013407045,3854,54410,fhi:git
county,Vestland,2021-02-26,1365,863,38214,18424,6.00347822808316,2.89443876260544,2228,56638,fhi:git
county,Vestland,2021-02-27,1,0,38215,18424,6.0036353296226,2.89443876260544,1,56639,fhi:git
county,Vestland,2021-02-28,0,7,38215,18431,6.0036353296226,2.8955384733815004,7,56646,fhi:git
county,Vestland,2021-03-01,379,10,38594,18441,6.063176813069591,2.8971094887758797,389,57035,fhi:git
county,Vestland,2021-03-02,1065,734,39659,19175,6.23048995257105,3.0124220187233597,1799,58834,fhi:git
county,Trøndelag,2020-12-27,0,0,0,0,0.0,0.0,0,0,fhi:git
county,Trøndelag,2020-12-28,0,0,0,0,0.0,0.0,0,0,fhi:git
county,Trøndelag,2020-12-29,0,0,0,0,0.0,0.0,0,0,fhi:git
county,Trøndelag,2020-12-30,0,0,0,0,0.0,0.0,0,0,fhi:git
county,Trøndelag,2020-12-31,0,0,0,0,0.0,0.0,0,0,fhi:git
county,Trøndelag,2021-01-01,0,0,0,0,0.0,0.0,0,0,fhi:git
county,Trøndelag,2021-01-02,0,0,0,0,0.0,0.0,0,0,fhi:git
county,Trøndelag,2021-01-03,0,0,0,0,0.0,0.0,0,0,fhi:git
county,Trøndelag,2021-01-04,3,0,3,0,0.000640065542711574,0.0,3,3,fhi:git
county,Trøndelag,2021-01-05,407,0,410,0,0.0874756241705817,0.0,407,410,fhi:git
county,Trøndelag,2021-01-06,674,0,1084,0,0.231277016099782,0.0,674,1084,fhi:git
county,Trøndelag,2021-01-07,484,0,1568,0,0.33454092365724897,0.0,484,1568,fhi:git
county,Trøndelag,2021-01-08,141,0,1709,0,0.364624004164693,0.0,141,1709,fhi:git
county,Trøndelag,2021-01-09,0,0,1709,0,0.364624004164693,0.0,0,1709,fhi:git
county,Trøndelag,2021-01-10,0,0,1709,0,0.364624004164693,0.0,0,1709,fhi:git
county,Trøndelag,2021-01-11,95,0,1804,0,0.38489274635056,0.0,95,1804,fhi:git
county,Trøndelag,2021-01-12,500,0,2304,0,0.491570336802489,0.0,500,2304,fhi:git
county,Trøndelag,2021-01-13,860,0,3164,0,0.6750557923798061,0.0,860,3164,fhi:git
county,Trøndelag,2021-01-14,670,0,3834,0,0.8180037635853911,0.0,670,3834,fhi:git
county,Trøndelag,2021-01-15,253,0,4087,0,0.871982624354067,0.0,253,4087,fhi:git
county,Trøndelag,2021-01-16,0,0,4087,0,0.871982624354067,0.0,0,4087,fhi:git
county,Trøndelag,2021-01-17,0,0,4087,0,0.871982624354067,0.0,0,4087,fhi:git
county,Trøndelag,2021-01-18,152,0,4239,0,0.904412611851454,0.0,152,4239,fhi:git
county,Trøndelag,2021-01-19,568,0,4807,0,1.02559835460484,0.0,568,4807,fhi:git
county,Trøndelag,2021-01-20,729,0,5536,0,1.18113428148376,0.0,729,5536,fhi:git
county,Trøndelag,2021-01-21,525,0,6061,0,1.29314575145828,0.0,525,6061,fhi:git
county,Trøndelag,2021-01-22,283,0,6344,0,1.3535252676540699,0.0,283,6344,fhi:git
county,Trøndelag,2021-01-23,1,0,6345,0,1.35373862283498,0.0,1,6345,fhi:git
county,Trøndelag,2021-01-24,0,0,6345,0,1.35373862283498,0.0,0,6345,fhi:git
county,Trøndelag,2021-01-25,1,0,6346,0,1.35395197801588,0.0,1,6346,fhi:git
county,Trøndelag,2021-01-26,313,184,6659,184,1.42073214963879,0.0392573532863098,497,6843,fhi:git
county,Trøndelag,2021-01-27,988,590,7647,774,1.6315270683718002,0.165136910019586,1578,8421,fhi:git
county,Trøndelag,2021-01-28,728,481,8375,1255,1.7868496400698102,0.26776075203434196,1209,9630,fhi:git
county,Trøndelag,2021-01-29,419,229,8794,1484,1.87624546086853,0.316619088461325,648,10278,fhi:git
county,Trøndelag,2021-01-30,1,0,8795,1484,1.87645881604943,0.316619088461325,1,10279,fhi:git
county,Trøndelag,2021-01-31,0,1,8795,1485,1.87645881604943,0.316832443642229,1,10280,fhi:git
county,Trøndelag,2021-02-01,13,86,8808,1571,1.8792324334011798,0.33518098919996103,99,10379,fhi:git
county,Trøndelag,2021-02-02,835,392,9643,1963,2.0573840094559,0.418816220114273,1227,11606,fhi:git
county,Trøndelag,2021-02-03,2041,809,11684,2772,2.49284193368068,0.591420561465494,2850,14456,fhi:git
county,Trøndelag,2021-02-04,2126,594,13810,3366,2.94643504828228,0.718153538922386,2720,17176,fhi:git
county,Trøndelag,2021-02-05,1292,320,15102,3686,3.22208994201006,0.78642719681162,1612,18788,fhi:git
county,Trøndelag,2021-02-06,7,0,15109,3686,3.2235834282763904,0.78642719681162,7,18795,fhi:git
county,Trøndelag,2021-02-07,1,0,15110,3686,3.22379678345729,0.78642719681162,1,18796,fhi:git
county,Trøndelag,2021-02-08,3,150,15113,3836,3.224436849,0.8184304739471991,153,18949,fhi:git
county,Trøndelag,2021-02-09,836,523,15949,4359,3.4028017802356296,0.9300152335599171,1359,20308,fhi:git
county,Trøndelag,2021-02-10,2107,620,18056,4979,3.85234114640006,1.06229544572031,2727,23035,fhi:git
county,Trøndelag,2021-02-11,2312,579,20368,5558,4.34561832464978,1.18582809546364,2891,25926,fhi:git
county,Trøndelag,2021-02-12,891,344,21259,5902,4.53571779083512,1.25922227769457,1235,27161,fhi:git
county,Trøndelag,2021-02-13,1,0,21260,5902,4.535931146016019,1.25922227769457,1,27162,fhi:git
county,Trøndelag,2021-02-14,0,0,21260,5902,4.535931146016019,1.25922227769457,0,27162,fhi:git
county,Trøndelag,2021-02-15,0,2,21260,5904,4.535931146016019,1.25964898805638,2,27164,fhi:git
county,Trøndelag,2021-02-16,338,210,21598,6114,4.60804519716152,1.30445357604619,548,27712,fhi:git
county,Trøndelag,2021-02-17,2044,895,23642,7009,5.044143186929009,1.4954064629551398,2939,30651,fhi:git
county,Trøndelag,2021-02-18,1824,752,25466,7761,5.433303036897651,1.65584955899484,2576,33227,fhi:git
county,Trøndelag,2021-02-19,1023,409,26489,8170,5.6515653869622895,1.74311182798452,1432,34659,fhi:git
county,Trøndelag,2021-02-20,0,1,26489,8171,5.6515653869622895,1.74332518316542,1,34660,fhi:git
county,Trøndelag,2021-02-21,0,0,26489,8171,5.6515653869622895,1.74332518316542,0,34660,fhi:git
county,Trøndelag,2021-02-22,18,0,26507,8171,5.655405780218559,1.74332518316542,18,34678,fhi:git
county,Trøndelag,2021-02-23,334,672,26841,8843,5.72666641064045,1.8866998647328201,1006,35684,fhi:git
county,Trøndelag,2021-02-24,942,1967,27783,10810,5.92764699105188,2.3063695055707,2909,38593,fhi:git
county,Trøndelag,2021-02-25,461,1927,28244,12737,6.0260037294485596,2.71750493917244,2388,40981,fhi:git
county,Trøndelag,2021-02-26,608,1134,28852,13871,6.15572367943811,2.95944971431741,1742,42723,fhi:git
county,Trøndelag,2021-02-27,4,1,28856,13872,6.156577100161719,2.9596630694983195,5,42728,fhi:git
county,Trøndelag,2021-02-28,1,0,28857,13872,6.15679045534263,2.9596630694983195,1,42729,fhi:git
county,Trøndelag,2021-03-01,508,0,29365,13872,6.26517488724179,2.9596630694983195,508,43237,fhi:git
county,Trøndelag,2021-03-02,769,652,30134,14524,6.4292450213568495,3.09877064744763,1421,44658,fhi:git
county,Troms og Finnmark,2020-12-27,0,0,0,0,0.0,0.0,0,0,fhi:git
county,Troms og Finnmark,2020-12-28,1,0,1,0,0.00041099662571770297,0.0,1,1,fhi:git
county,Troms og Finnmark,2020-12-29,0,0,1,0,0.00041099662571770297,0.0,0,1,fhi:git
county,Troms og Finnmark,2020-12-30,0,0,1,0,0.00041099662571770297,0.0,0,1,fhi:git
county,Troms og Finnmark,2020-12-31,0,0,1,0,0.00041099662571770297,0.0,0,1,fhi:git
county,Troms og Finnmark,2021-01-01,0,0,1,0,0.00041099662571770297,0.0,0,1,fhi:git
county,Troms og Finnmark,2021-01-02,0,0,1,0,0.00041099662571770297,0.0,0,1,fhi:git
county,Troms og Finnmark,2021-01-03,0,0,1,0,0.00041099662571770297,0.0,0,1,fhi:git
county,Troms og Finnmark,2021-01-04,0,0,1,0,0.00041099662571770297,0.0,0,1,fhi:git
county,Troms og Finnmark,2021-01-05,53,0,54,0,0.022193817788756,0.0,53,54,fhi:git
county,Troms og Finnmark,2021-01-06,530,0,584,0,0.24002202941913797,0.0,530,584,fhi:git
county,Troms og Finnmark,2021-01-07,187,0,771,0,0.31687839842834903,0.0,187,771,fhi:git
county,Troms og Finnmark,2021-01-08,247,0,1018,0,0.418394564980622,0.0,247,1018,fhi:git
county,Troms og Finnmark,2021-01-09,0,0,1018,0,0.418394564980622,0.0,0,1018,fhi:git
county,Troms og Finnmark,2021-01-10,0,0,1018,0,0.418394564980622,0.0,0,1018,fhi:git
county,Troms og Finnmark,2021-01-11,1,0,1019,0,0.41880556160633897,0.0,1,1019,fhi:git
county,Troms og Finnmark,2021-01-12,188,0,1207,0,0.49607292724126706,0.0,188,1207,fhi:git
county,Troms og Finnmark,2021-01-13,569,0,1776,0,0.7299300072746401,0.0,569,1776,fhi:git
county,Troms og Finnmark,2021-01-14,329,0,2105,0,0.865147897135765,0.0,329,2105,fhi:git
county,Troms og Finnmark,2021-01-15,37,0,2142,0,0.8803547722873192,0.0,37,2142,fhi:git
county,Troms og Finnmark,2021-01-16,2,0,2144,0,0.881176765538755,0.0,2,2144,fhi:git
county,Troms og Finnmark,2021-01-17,1,0,2145,0,0.8815877621644731,0.0,1,2145,fhi:git
county,Troms og Finnmark,2021-01-18,0,1,2145,1,0.8815877621644731,0.00041099662571770297,1,2146,fhi:git
county,Troms og Finnmark,2021-01-19,249,0,2394,1,0.9839259219681808,0.00041099662571770297,249,2395,fhi:git
county,Troms og Finnmark,2021-01-20,914,0,3308,1,1.3595768378741597,0.00041099662571770297,914,3309,fhi:git
county,Troms og Finnmark,2021-01-21,248,0,3556,1,1.4615040010521498,0.00041099662571770297,248,3557,fhi:git
county,Troms og Finnmark,2021-01-22,81,0,3637,1,1.49479472773529,0.00041099662571770297,81,3638,fhi:git
county,Troms og Finnmark,2021-01-23,12,0,3649,1,1.4997266872439,0.00041099662571770297,12,3650,fhi:git
county,Troms og Finnmark,2021-01-24,0,0,3649,1,1.4997266872439,0.00041099662571770297,0,3650,fhi:git
county,Troms og Finnmark,2021-01-25,6,0,3655,1,1.5021926669981998,0.00041099662571770297,6,3656,fhi:git
county,Troms og Finnmark,2021-01-26,84,0,3739,1,1.53671638355849,0.00041099662571770297,84,3740,fhi:git
county,Troms og Finnmark,2021-01-27,668,357,4407,358,1.81126212953792,0.14713679200693802,1025,4765,fhi:git
county,Troms og Finnmark,2021-01-28,234,275,4641,633,1.9074353399558601,0.260160864079306,509,5274,fhi:git
county,Troms og Finnmark,2021-01-29,103,243,4744,876,1.9497679924047802,0.36003304412870796,346,5620,fhi:git
county,Troms og Finnmark,2021-01-30,0,0,4744,876,1.9497679924047802,0.36003304412870796,0,5620,fhi:git
county,Troms og Finnmark,2021-01-31,0,0,4744,876,1.9497679924047802,0.36003304412870796,0,5620,fhi:git
county,Troms og Finnmark,2021-02-01,0,2,4744,878,1.9497679924047802,0.36085503738014296,2,5622,fhi:git
county,Troms og Finnmark,2021-02-02,121,21,4865,899,1.9994985841166202,0.36948596652021504,142,5764,fhi:git
county,Troms og Finnmark,2021-02-03,1160,563,6025,1462,2.47625466994916,0.600877066799282,1723,7487,fhi:git
county,Troms og Finnmark,2021-02-04,1150,378,7175,1840,2.94890078952452,0.7562337913205729,1528,9015,fhi:git
county,Troms og Finnmark,2021-02-05,286,140,7461,1980,3.0664458244797794,0.8137733189210521,426,9441,fhi:git
county,Troms og Finnmark,2021-02-06,1,1,7462,1981,3.0668568211055,0.8141843155467691,2,9443,fhi:git
county,Troms og Finnmark,2021-02-07,0,1,7462,1982,3.0668568211055,0.814595312172487,1,9444,fhi:git
county,Troms og Finnmark,2021-02-08,0,0,7462,1982,3.0668568211055,0.814595312172487,0,9444,fhi:git
county,Troms og Finnmark,2021-02-09,72,26,7534,2008,3.09644857815717,0.825281224441147,98,9542,fhi:git
county,Troms og Finnmark,2021-02-10,1403,804,8937,2812,3.67307684403911,1.15572251151818,2207,11749,fhi:git
county,Troms og Finnmark,2021-02-11,993,466,9930,3278,4.08119649337679,1.34724693910263,1459,13208,fhi:git
county,Troms og Finnmark,2021-02-12,289,113,10219,3391,4.19997451820921,1.39368955780873,402,13610,fhi:git
county,Troms og Finnmark,2021-02-13,5,2,10224,3393,4.2020295013377895,1.39451155106017,7,13617,fhi:git
county,Troms og Finnmark,2021-02-14,0,0,10224,3393,4.2020295013377895,1.39451155106017,0,13617,fhi:git
county,Troms og Finnmark,2021-02-15,0,6,10224,3399,4.2020295013377895,1.39697753081447,6,13623,fhi:git
county,Troms og Finnmark,2021-02-16,131,52,10355,3451,4.25587005930681,1.4183493553517899,183,13806,fhi:git
county,Troms og Finnmark,2021-02-17,958,581,11313,4032,4.64960482674437,1.6571383948937801,1539,15345,fhi:git
county,Troms og Finnmark,2021-02-18,1276,262,12589,4294,5.17403652116016,1.76481951083182,1538,16883,fhi:git
county,Troms og Finnmark,2021-02-19,234,132,12823,4426,5.2702097315781,1.8190710654265498,366,17249,fhi:git
county,Troms og Finnmark,2021-02-20,0,0,12823,4426,5.2702097315781,1.8190710654265498,0,17249,fhi:git
county,Troms og Finnmark,2021-02-21,0,0,12823,4426,5.2702097315781,1.8190710654265498,0,17249,fhi:git
county,Troms og Finnmark,2021-02-22,106,0,12929,4426,5.31377537390418,1.8190710654265498,106,17355,fhi:git
county,Troms og Finnmark,2021-02-23,79,78,13008,4504,5.34624410733588,1.85112880223253,157,17512,fhi:git
county,Troms og Finnmark,2021-02-24,406,983,13414,5487,5.513108737377269,2.25513848531304,1389,18901,fhi:git
county,Troms og Finnmark,2021-02-25,562,1052,13976,6539,5.74408884103062,2.6875069355680603,1614,20515,fhi:git
county,Troms og Finnmark,2021-02-26,147,402,14123,6941,5.80450534501112,2.85272757910658,549,21064,fhi:git
county,Troms og Finnmark,2021-02-27,0,0,14123,6941,5.80450534501112,2.85272757910658,0,21064,fhi:git
county,Troms og Finnmark,2021-02-28,0,0,14123,6941,5.80450534501112,2.85272757910658,0,21064,fhi:git
county,Troms og Finnmark,2021-03-01,318,0,14441,6941,5.935202271989349,2.85272757910658,318,21382,fhi:git
county,Troms og Finnmark,2021-03-02,511,70,14952,7011,6.145221547731089,2.88149734290681,581,21963,fhi:git
nation,Norge,2020-12-27,5,0,5,0,9.31518486915891e-05,0.0,5,5,fhi:git
nation,Norge,2020-12-28,603,0,608,0,0.0113272648008972,0.0,603,608,fhi:git
nation,Norge,2020-12-29,1067,0,1675,0,0.0312058693116824,0.0,1067,1675,fhi:git
nation,Norge,2020-12-30,424,0,2099,0,0.0391051460807291,0.0,424,2099,fhi:git
nation,Norge,2020-12-31,72,0,2171,0,0.040446532701888,0.0,72,2171,fhi:git
nation,Norge,2021-01-01,6,0,2177,0,0.0405583149203179,0.0,6,2177,fhi:git
nation,Norge,2021-01-02,0,0,2177,0,0.0405583149203179,0.0,0,2177,fhi:git
nation,Norge,2021-01-03,3,0,2180,0,0.0406142060295329,0.0,3,2180,fhi:git
nation,Norge,2021-01-04,6,0,2186,0,0.040546287965079,0.0,6,2186,fhi:git
nation,Norge,2021-01-05,3384,0,5570,0,0.10331327720287699,0.0,3384,5570,fhi:git
nation,Norge,2021-01-06,9062,0,14632,0,0.271396745427738,0.0,9062,14632,fhi:git
nation,Norge,2021-01-07,6571,0,21203,0,0.393276735463664,0.0,6571,21203,fhi:git
nation,Norge,2021-01-08,1615,0,22818,0,0.42323202140309796,0.0,1615,22818,fhi:git
nation,Norge,2021-01-09,134,0,22952,0,0.42571747546866107,0.0,134,22952,fhi:git
nation,Norge,2021-01-10,107,0,23059,0,0.42770212908817795,0.0,107,23059,fhi:git
nation,Norge,2021-01-11,350,0,23409,0,0.434193986722111,0.0,350,23409,fhi:git
nation,Norge,2021-01-12,4254,0,27663,0,0.5130978792214,0.0,4254,27663,fhi:git
nation,Norge,2021-01-13,9776,0,37439,0,0.694424737019484,0.0,9776,37439,fhi:git
nation,Norge,2021-01-14,8472,0,45911,0,0.851564788090001,0.0,8472,45911,fhi:git
nation,Norge,2021-01-15,4471,0,50382,0,0.9344936323223292,0.0,4471,50382,fhi:git
nation,Norge,2021-01-16,744,0,51126,0,0.948293466835603,0.0,744,51126,fhi:git
nation,Norge,2021-01-17,345,5,51471,5,0.954692583646194,9.27408233419007e-05,350,51476,fhi:git
nation,Norge,2021-01-18,1282,283,52753,288,0.978471330751058,0.00534187142449348,1565,53041,fhi:git
nation,Norge,2021-01-19,4584,771,57337,1059,1.0634961175909101,0.0196425063838146,5355,58396,fhi:git
nation,Norge,2021-01-20,10040,693,67377,1752,1.24971969086145,0.032496384499002,10733,69129,fhi:git
nation,Norge,2021-01-21,8425,168,75802,1920,1.40598797819255,0.0356124761632899,8593,77722,fhi:git
nation,Norge,2021-01-22,3307,7,79109,1927,1.4673267587508898,0.0357423133159685,3314,81036,fhi:git
nation,Norge,2021-01-23,356,0,79465,1927,1.47392990537283,0.0357423133159685,356,81392,fhi:git
nation,Norge,2021-01-24,67,0,79532,1927,1.47517263240561,0.0357423133159685,67,81459,fhi:git
nation,Norge,2021-01-25,577,0,80109,1927,1.4858749234192699,0.0357423133159685,577,82036,fhi:git
nation,Norge,2021-01-26,2273,2139,82382,4066,1.52803490171049,0.0754168375416337,4412,86448,fhi:git
nation,Norge,2021-01-27,11370,7525,93752,11591,1.73892753398998,0.21499177667119398,18895,105343,fhi:git
nation,Norge,2021-01-28,10875,6545,104627,18136,1.9406388247586102,0.33638951442574205,17420,122763,fhi:git
nation,Norge,2021-01-29,3796,2098,108423,20234,2.01104765783978,0.37530356390000397,5894,128657,fhi:git
nation,Norge,2021-01-30,136,170,108559,20404,2.01357020823468,0.378456751893629,306,128963,fhi:git
nation,Norge,2021-01-31,87,50,108646,20454,2.01518389856083,0.37938416012704795,137,129100,fhi:git
nation,Norge,2021-02-01,188,300,108834,20754,2.01867095351848,0.38494860952756205,488,129588,fhi:git
nation,Norge,2021-02-02,6336,3136,115170,23890,2.1361921248573403,0.44311565392760205,9472,139060,fhi:git
nation,Norge,2021-02-03,24982,8301,140152,32191,2.5995623746028103,0.597083968839825,33283,172343,fhi:git
nation,Norge,2021-02-04,25869,8585,166021,40776,3.0793848464091402,0.756319962517869,34454,206797,fhi:git
nation,Norge,2021-02-05,10596,4826,176617,45602,3.2759211992352997,0.845833405207472,15422,222219,fhi:git
nation,Norge,2021-02-06,802,735,177419,46337,3.29079682729934,0.859466306238731,1537,223756,fhi:git
nation,Norge,2021-02-07,320,294,177739,46631,3.29673223999322,0.8649194666512349,614,224370,fhi:git
nation,Norge,2021-02-08,119,922,177858,47553,3.29893947158876,0.8820208744754809,1041,225411,fhi:git
nation,Norge,2021-02-09,5520,3234,183378,50787,3.40132534055821,0.942005639013022,8754,234165,fhi:git
nation,Norge,2021-02-10,22721,8584,206099,59371,3.8227581899884804,1.1012230845264,31305,265470,fhi:git
nation,Norge,2021-02-11,20788,8533,226887,67904,4.2083374371147695,1.25949457364169,29321,294791,fhi:git
nation,Norge,2021-02-12,8018,3588,234905,71492,4.35705662142584,1.32604538847183,11606,306397,fhi:git
nation,Norge,2021-02-13,888,303,235793,71795,4.3735273916513595,1.33166548236635,1191,307588,fhi:git
nation,Norge,2021-02-14,110,2,235903,71797,4.37556768976488,1.33170257869569,112,307700,fhi:git
nation,Norge,2021-02-15,798,748,236701,72545,4.39036912517025,1.3455766058676397,1546,309246,fhi:git
nation,Norge,2021-02-16,5907,2167,242608,74712,4.49993313386637,1.3857704787040201,8074,317320,fhi:git
nation,Norge,2021-02-17,21342,10108,263950,84820,4.89578806421894,1.573255327172,31450,348770,fhi:git
nation,Norge,2021-02-18,18329,10770,282279,95590,5.235757374425679,1.7730190606504599,29099,377869,fhi:git
nation,Norge,2021-02-19,10438,4768,292717,100358,5.42936311723423,1.8614567097892902,15206,393075,fhi:git
nation,Norge,2021-02-20,148,147,292865,100505,5.432108245605151,1.86418328999555,295,393370,fhi:git
nation,Norge,2021-02-21,58,87,292923,100592,5.433184039155919,1.8657969803217,145,393515,fhi:git
nation,Norge,2021-02-22,2510,136,295433,100728,5.479739932473549,1.8683195307166,2646,396161,fhi:git
nation,Norge,2021-02-23,5593,5135,301026,105863,5.583479817463799,1.96356435628873,10728,406889,fhi:git
nation,Norge,2021-02-24,10160,22052,311186,127915,5.7719291704945395,2.37258848355585,32212,439101,fhi:git
nation,Norge,2021-02-25,10470,24751,321656,152666,5.966128454572481,2.8316741072629203,35221,474322,fhi:git
nation,Norge,2021-02-26,7623,9768,329279,162434,6.10752111383955,3.0128525797436603,17391,491713,fhi:git
nation,Norge,2021-02-27,440,188,329719,162622,6.115682306293629,3.01633963470132,628,492341,fhi:git
nation,Norge,2021-02-28,533,151,330252,162773,6.12556847806188,3.0191404075662405,684,493025,fhi:git
nation,Norge,2021-03-01,5409,54,335661,162827,6.22589550075315,3.02014200845833,5463,498488,fhi:git
nation,Norge,2021-03-02,9008,3495,344669,166322,6.392977368085919,3.0849678439743196,12503,510991,fhi:git
