granularity_geo,location_name,date,new_dose_1,new_dose_2,total_dose_1,total_dose_2,total_pr100_dose_1,total_pr100_dose_2,new_doses,total_doses,source
county,Oslo,2020-12-27,5,0,5,0,0.00072098677133472,0.0,5,5,fhi:git
county,Oslo,2020-12-28,264,0,269,0,0.0387890882978079,0.0,264,269,fhi:git
county,Oslo,2020-12-29,118,0,387,0,0.0558043761013073,0.0,118,387,fhi:git
county,Oslo,2020-12-30,58,0,445,0,0.06416782264879001,0.0,58,445,fhi:git
county,Oslo,2020-12-31,5,0,450,0,0.0648888094201248,0.0,5,450,fhi:git
county,Oslo,2021-01-01,6,0,456,0,0.0657539935457264,0.0,6,456,fhi:git
county,Oslo,2021-01-02,0,0,456,0,0.0657539935457264,0.0,0,456,fhi:git
county,Oslo,2021-01-03,0,0,456,0,0.0657539935457264,0.0,0,456,fhi:git
county,Oslo,2021-01-04,0,0,456,0,0.06542230384069099,0.0,0,456,fhi:git
county,Oslo,2021-01-05,479,0,935,0,0.13414441686632902,0.0,479,935,fhi:git
county,Oslo,2021-01-06,604,0,1539,0,0.220800275462332,0.0,604,1539,fhi:git
county,Oslo,2021-01-07,967,0,2506,0,0.359535731194674,0.0,967,2506,fhi:git
county,Oslo,2021-01-08,450,0,2956,0,0.42409721524798794,0.0,450,2956,fhi:git
county,Oslo,2021-01-09,127,0,3083,0,0.44231790074747895,0.0,127,3083,fhi:git
county,Oslo,2021-01-10,100,0,3183,0,0.45666489720377007,0.0,100,3183,fhi:git
county,Oslo,2021-01-11,76,0,3259,0,0.467568614510552,0.0,76,3259,fhi:git
county,Oslo,2021-01-12,242,0,3501,0,0.502288345934779,0.0,242,3501,fhi:git
county,Oslo,2021-01-13,490,0,3991,0,0.572588628570609,0.0,490,3991,fhi:git
county,Oslo,2021-01-14,1233,0,5224,0,0.749487094876688,0.0,1233,5224,fhi:git
county,Oslo,2021-01-15,1637,0,6861,0,0.9843474268661859,0.0,1637,6861,fhi:git
county,Oslo,2021-01-16,644,0,7505,0,1.07674208404471,0.0,644,7505,fhi:git
county,Oslo,2021-01-17,275,5,7780,5,1.1161963242995099,0.0007173498228145941,280,7785,fhi:git
county,Oslo,2021-01-18,760,231,8540,236,1.22523349736733,0.0338589116368488,991,8776,fhi:git
county,Oslo,2021-01-19,810,69,9350,305,1.34144416866329,0.0437583391916902,879,9655,fhi:git
county,Oslo,2021-01-20,990,99,10340,404,1.48347943358058,0.0579618656834192,1089,10744,fhi:git
county,Oslo,2021-01-21,1018,21,11358,425,1.62953185750563,0.0609747349392405,1039,11783,fhi:git
county,Oslo,2021-01-22,667,6,12025,431,1.7252263238691001,0.061835554726617996,673,12456,fhi:git
county,Oslo,2021-01-23,233,0,12258,431,1.75865482561226,0.061835554726617996,233,12689,fhi:git
county,Oslo,2021-01-24,67,0,12325,431,1.7682673132379698,0.061835554726617996,67,12756,fhi:git
county,Oslo,2021-01-25,258,0,12583,431,1.80528256409521,0.061835554726617996,258,13014,fhi:git
county,Oslo,2021-01-26,312,403,12895,834,1.85004519303884,0.119653950445474,715,13729,fhi:git
county,Oslo,2021-01-27,1035,527,13930,1361,1.99853660636146,0.195262621770132,1562,15291,fhi:git
county,Oslo,2021-01-28,870,842,14800,2203,2.1233554755312,0.31606433193211,1712,17003,fhi:git
county,Oslo,2021-01-29,424,502,15224,2705,2.1841867405058797,0.388086254142695,926,17929,fhi:git
county,Oslo,2021-01-30,94,152,15318,2857,2.1976729171747897,0.40989368875625903,246,18175,fhi:git
county,Oslo,2021-01-31,61,45,15379,2902,2.20642458501313,0.41634983716159,106,18281,fhi:git
county,Oslo,2021-02-01,52,46,15431,2948,2.2138850231704,0.42294945553148405,98,18379,fhi:git
county,Oslo,2021-02-02,1524,150,16955,3098,2.43253324916429,0.44446995021592206,1674,20053,fhi:git
county,Oslo,2021-02-03,2445,458,19400,3556,2.7833173125206203,0.510179193985739,2903,22956,fhi:git
county,Oslo,2021-02-04,2050,1230,21450,4786,3.0774307398746097,0.6866472503981291,3280,26236,fhi:git
county,Oslo,2021-02-05,1381,1568,22831,6354,3.275562760936,0.9116081548327859,2949,29185,fhi:git
county,Oslo,2021-02-06,241,632,23072,6986,3.3101390223956604,1.0022811724365501,873,30058,fhi:git
county,Oslo,2021-02-07,215,269,23287,7255,3.34098506477669,1.04087459290398,484,30542,fhi:git
county,Oslo,2021-02-08,46,443,23333,7698,3.3475846831465796,1.1044317872053502,489,31031,fhi:git
county,Oslo,2021-02-09,1165,244,24498,7942,3.51472719186238,1.1394384585586999,1409,32440,fhi:git
county,Oslo,2021-02-10,1834,808,26332,8750,3.77785110687078,1.25536218992554,2642,35082,fhi:git
county,Oslo,2021-02-11,1589,743,27921,9493,4.00582488056125,1.36196037359579,2332,37414,fhi:git
county,Oslo,2021-02-12,1354,425,29275,9918,4.20008321257945,1.42293510853503,1779,39193,fhi:git
county,Oslo,2021-02-13,272,194,29547,10112,4.23910704294056,1.4507682816602299,466,39659,fhi:git
county,Oslo,2021-02-14,103,0,29650,10112,4.25388444929054,1.4507682816602299,103,39762,fhi:git
county,Oslo,2021-02-15,260,443,29910,10555,4.2911866400769005,1.51432547596161,703,40465,fhi:git
county,Oslo,2021-02-16,699,771,30609,11326,4.39147214530638,1.6249408186396201,1470,41935,fhi:git
county,Oslo,2021-02-17,1406,1082,32015,12408,4.5931909154818396,1.7801753202967,2488,44423,fhi:git
county,Oslo,2021-02-18,1041,914,33056,13322,4.74254314859184,1.9113068679071998,1955,46378,fhi:git
county,Oslo,2021-02-19,1495,967,34551,14289,4.95703074561341,2.0500423236395497,2462,48840,fhi:git
county,Oslo,2021-02-20,100,113,34651,14402,4.9713777420697,2.06625442963516,213,49053,fhi:git
county,Oslo,2021-02-21,4,61,34655,14463,4.971951621927951,2.07500609747349,65,49118,fhi:git
county,Oslo,2021-02-22,600,113,35255,14576,5.0580336006657,2.0912182034691,713,49831,fhi:git
county,Oslo,2021-02-23,330,1527,35585,16103,5.10537868897146,2.3102968393566803,1857,51688,fhi:git
county,Oslo,2021-02-24,685,2334,36270,18437,5.203655614697059,2.64515573664653,3019,54707,fhi:git
county,Oslo,2021-02-25,550,1952,36820,20389,5.28256409520667,2.92520910747335,2502,57209,fhi:git
county,Oslo,2021-02-26,709,1367,37529,21756,5.38428430008178,3.12133254903086,2076,59285,fhi:git
county,Oslo,2021-02-27,259,97,37788,21853,5.42144302090357,3.1352491355934604,356,59641,fhi:git
county,Oslo,2021-02-28,101,62,37889,21915,5.43593348732443,3.1441442733963596,163,59804,fhi:git
county,Oslo,2021-03-01,1000,37,38889,21952,5.57940345188735,3.14945266208519,1037,60841,fhi:git
county,Oslo,2021-03-02,735,135,39624,22087,5.68485387584109,3.16882110730119,870,61711,fhi:git
county,Oslo,2021-03-03,1296,135,40920,22222,5.87079094991464,3.1881895525171804,1431,63142,fhi:git
county,Oslo,2021-03-04,1105,201,42025,22423,6.029325260756661,3.21702701539433,1306,64448,fhi:git
county,Oslo,2021-03-05,1207,60,43232,22483,6.2024935079841,3.2256352132681,1267,65715,fhi:git
county,Oslo,2021-03-06,96,2,43328,22485,6.216266624582139,3.22592215319723,98,65813,fhi:git
county,Oslo,2021-03-07,68,0,43396,22485,6.22602258217242,3.22592215319723,68,65881,fhi:git
county,Rogaland,2020-12-27,0,0,0,0,0.0,0.0,0,0,fhi:git
county,Rogaland,2020-12-28,1,0,1,0,0.00020838021888258202,0.0,1,1,fhi:git
county,Rogaland,2020-12-29,0,0,1,0,0.00020838021888258202,0.0,0,1,fhi:git
county,Rogaland,2020-12-30,0,0,1,0,0.00020838021888258202,0.0,0,1,fhi:git
county,Rogaland,2020-12-31,0,0,1,0,0.00020838021888258202,0.0,0,1,fhi:git
county,Rogaland,2021-01-01,0,0,1,0,0.00020838021888258202,0.0,0,1,fhi:git
county,Rogaland,2021-01-02,0,0,1,0,0.00020838021888258202,0.0,0,1,fhi:git
county,Rogaland,2021-01-03,0,0,1,0,0.00020838021888258202,0.0,0,1,fhi:git
county,Rogaland,2021-01-04,0,0,1,0,0.00020719162117084,0.0,0,1,fhi:git
county,Rogaland,2021-01-05,548,0,549,0,0.11374820002279101,0.0,548,549,fhi:git
county,Rogaland,2021-01-06,641,0,1190,0,0.24655802919329897,0.0,641,1190,fhi:git
county,Rogaland,2021-01-07,212,0,1402,0,0.290482652881517,0.0,212,1402,fhi:git
county,Rogaland,2021-01-08,20,0,1422,0,0.29462648530493396,0.0,20,1422,fhi:git
county,Rogaland,2021-01-09,1,0,1423,0,0.29483367692610496,0.0,1,1423,fhi:git
county,Rogaland,2021-01-10,0,0,1423,0,0.29483367692610496,0.0,0,1423,fhi:git
county,Rogaland,2021-01-11,1,0,1424,0,0.295040868547276,0.0,1,1424,fhi:git
county,Rogaland,2021-01-12,117,0,1541,0,0.31928228822426397,0.0,117,1541,fhi:git
county,Rogaland,2021-01-13,761,0,2302,0,0.47695511193527296,0.0,761,2302,fhi:git
county,Rogaland,2021-01-14,535,0,2837,0,0.5878026292616729,0.0,535,2837,fhi:git
county,Rogaland,2021-01-15,291,0,3128,0,0.6480953910223871,0.0,291,3128,fhi:git
county,Rogaland,2021-01-16,0,0,3128,0,0.6480953910223871,0.0,0,3128,fhi:git
county,Rogaland,2021-01-17,1,0,3129,0,0.648302582643558,0.0,1,3129,fhi:git
county,Rogaland,2021-01-18,71,0,3200,0,0.6630131877466879,0.0,71,3200,fhi:git
county,Rogaland,2021-01-19,512,0,3712,0,0.769095297786158,0.0,512,3712,fhi:git
county,Rogaland,2021-01-20,655,0,4367,0,0.904805809653058,0.0,655,4367,fhi:git
county,Rogaland,2021-01-21,427,0,4794,0,0.993276631893006,0.0,427,4794,fhi:git
county,Rogaland,2021-01-22,272,0,5066,0,1.04963275285147,0.0,272,5066,fhi:git
county,Rogaland,2021-01-23,0,0,5066,0,1.04963275285147,0.0,0,5066,fhi:git
county,Rogaland,2021-01-24,0,0,5066,0,1.04963275285147,0.0,0,5066,fhi:git
county,Rogaland,2021-01-25,150,0,5216,0,1.0807114960271,0.0,150,5216,fhi:git
county,Rogaland,2021-01-26,338,381,5554,381,1.15074226398284,0.07894000766609,719,5935,fhi:git
county,Rogaland,2021-01-27,862,603,6416,984,1.32934144143211,0.203876555232106,1465,7400,fhi:git
county,Rogaland,2021-01-28,523,283,6939,1267,1.43770265930446,0.262511784023454,806,8206,fhi:git
county,Rogaland,2021-01-29,410,22,7349,1289,1.5226512239844998,0.267069999689213,432,8638,fhi:git
county,Rogaland,2021-01-30,3,1,7352,1290,1.52327279884801,0.267277191310383,4,8642,fhi:git
county,Rogaland,2021-01-31,0,0,7352,1290,1.52327279884801,0.267277191310383,0,8642,fhi:git
county,Rogaland,2021-02-01,12,5,7364,1295,1.5257590983020601,0.268313149416238,17,8659,fhi:git
county,Rogaland,2021-02-02,449,76,7813,1371,1.61878813620777,0.284059712625221,525,9184,fhi:git
county,Rogaland,2021-02-03,2429,635,10242,2006,2.12205658403174,0.41562639206870505,3064,12248,fhi:git
county,Rogaland,2021-02-04,1885,549,12127,2555,2.5126127899387796,0.5293745920914961,2434,14682,fhi:git
county,Rogaland,2021-02-05,657,281,12784,2836,2.6487376850480198,0.587595437640502,938,15620,fhi:git
county,Rogaland,2021-02-06,0,0,12784,2836,2.6487376850480198,0.587595437640502,0,15620,fhi:git
county,Rogaland,2021-02-07,0,0,12784,2836,2.6487376850480198,0.587595437640502,0,15620,fhi:git
county,Rogaland,2021-02-08,7,71,12791,2907,2.65018802639621,0.6023060427436321,78,15698,fhi:git
county,Rogaland,2021-02-09,586,394,13377,3301,2.7716023164023196,0.683939541484942,980,16678,fhi:git
county,Rogaland,2021-02-10,1917,682,15294,3983,3.1687886541868298,0.8252442271234549,2599,19277,fhi:git
county,Rogaland,2021-02-11,1181,491,16475,4474,3.41348195878959,0.9269753131183371,1672,20949,fhi:git
county,Rogaland,2021-02-12,482,264,16957,4738,3.51334832019393,0.9816739011074391,746,21695,fhi:git
county,Rogaland,2021-02-13,0,0,16957,4738,3.51334832019393,0.9816739011074391,0,21695,fhi:git
county,Rogaland,2021-02-14,0,0,16957,4738,3.51334832019393,0.9816739011074391,0,21695,fhi:git
county,Rogaland,2021-02-15,0,147,16957,4885,3.51334832019393,1.01213106941955,147,21842,fhi:git
county,Rogaland,2021-02-16,475,314,17432,5199,3.61176434025008,1.0771892384672,789,22631,fhi:git
county,Rogaland,2021-02-17,1474,781,18906,5980,3.9171647898559,1.23900589460162,2255,24886,fhi:git
county,Rogaland,2021-02-18,1091,471,19997,6451,4.14321084855328,1.3365931481730902,1562,26448,fhi:git
county,Rogaland,2021-02-19,438,411,20435,6862,4.23396077862611,1.4217489044743001,849,27297,fhi:git
county,Rogaland,2021-02-20,1,1,20436,6863,4.23416797024728,1.4219560960954698,2,27299,fhi:git
county,Rogaland,2021-02-21,0,0,20436,6863,4.23416797024728,1.4219560960954698,0,27299,fhi:git
county,Rogaland,2021-02-22,251,12,20687,6875,4.28617306716116,1.42444239554952,263,27562,fhi:git
county,Rogaland,2021-02-23,379,405,21066,7280,4.36469869158491,1.50835500212371,784,28346,fhi:git
county,Rogaland,2021-02-24,655,2164,21721,9444,4.5004092034518095,1.95671767033741,2819,31165,fhi:git
county,Rogaland,2021-02-25,1146,1806,22867,11250,4.737850801313599,2.3309057381719502,2952,34117,fhi:git
county,Rogaland,2021-02-26,986,673,23853,11923,4.94214173978804,2.47034569921992,1659,35776,fhi:git
county,Rogaland,2021-02-27,1,0,23854,11923,4.94234893140921,2.47034569921992,1,35777,fhi:git
county,Rogaland,2021-02-28,4,0,23858,11923,4.9431776978939,2.47034569921992,4,35781,fhi:git
county,Rogaland,2021-03-01,620,2,24478,11925,5.07163650301982,2.4707600824622697,622,36403,fhi:git
county,Rogaland,2021-03-02,645,542,25123,12467,5.20527509867501,2.58305794113686,1187,37590,fhi:git
county,Rogaland,2021-03-03,1050,1429,26173,13896,5.42282630090439,2.8791347677899903,2479,40069,fhi:git
county,Rogaland,2021-03-04,1006,1446,27179,15342,5.6312610718022595,3.1787338520030297,2452,42521,fhi:git
county,Rogaland,2021-03-05,462,417,27641,15759,5.726983600783191,3.26513275803127,879,43400,fhi:git
county,Rogaland,2021-03-06,1,0,27642,15759,5.727190792404361,3.26513275803127,1,43401,fhi:git
county,Rogaland,2021-03-07,0,0,27642,15759,5.727190792404361,3.26513275803127,0,43401,fhi:git
county,Møre og Romsdal,2020-12-27,0,0,0,0,0.0,0.0,0,0,fhi:git
county,Møre og Romsdal,2020-12-28,0,0,0,0,0.0,0.0,0,0,fhi:git
county,Møre og Romsdal,2020-12-29,0,0,0,0,0.0,0.0,0,0,fhi:git
county,Møre og Romsdal,2020-12-30,0,0,0,0,0.0,0.0,0,0,fhi:git
county,Møre og Romsdal,2020-12-31,0,0,0,0,0.0,0.0,0,0,fhi:git
county,Møre og Romsdal,2021-01-01,0,0,0,0,0.0,0.0,0,0,fhi:git
county,Møre og Romsdal,2021-01-02,0,0,0,0,0.0,0.0,0,0,fhi:git
county,Møre og Romsdal,2021-01-03,0,0,0,0,0.0,0.0,0,0,fhi:git
county,Møre og Romsdal,2021-01-04,0,0,0,0,0.0,0.0,0,0,fhi:git
county,Møre og Romsdal,2021-01-05,186,0,186,0,0.0700448889826168,0.0,186,186,fhi:git
county,Møre og Romsdal,2021-01-06,497,0,683,0,0.257207845027566,0.0,497,683,fhi:git
county,Møre og Romsdal,2021-01-07,457,0,1140,0,0.4293073840870061,0.0,457,1140,fhi:git
county,Møre og Romsdal,2021-01-08,36,0,1176,0,0.442864459373964,0.0,36,1176,fhi:git
county,Møre og Romsdal,2021-01-09,1,0,1177,0,0.443241044798602,0.0,1,1177,fhi:git
county,Møre og Romsdal,2021-01-10,0,0,1177,0,0.443241044798602,0.0,0,1177,fhi:git
county,Møre og Romsdal,2021-01-11,1,0,1178,0,0.44361763022323997,0.0,1,1178,fhi:git
county,Møre og Romsdal,2021-01-12,225,0,1403,0,0.528349350766728,0.0,225,1403,fhi:git
county,Møre og Romsdal,2021-01-13,387,0,1790,0,0.674087910101528,0.0,387,1790,fhi:git
county,Møre og Romsdal,2021-01-14,410,0,2200,0,0.828487934202995,0.0,410,2200,fhi:git
county,Møre og Romsdal,2021-01-15,152,0,2352,0,0.885728918747929,0.0,152,2352,fhi:git
county,Møre og Romsdal,2021-01-16,1,0,2353,0,0.886105504172566,0.0,1,2353,fhi:git
county,Møre og Romsdal,2021-01-17,1,0,2354,0,0.886482089597204,0.0,1,2354,fhi:git
county,Møre og Romsdal,2021-01-18,11,0,2365,0,0.8906245292682192,0.0,11,2365,fhi:git
county,Møre og Romsdal,2021-01-19,203,0,2568,0,0.967071370469677,0.0,203,2568,fhi:git
county,Møre og Romsdal,2021-01-20,501,0,3069,0,1.1557406682131801,0.0,501,3069,fhi:git
county,Møre og Romsdal,2021-01-21,801,0,3870,0,1.457385593348,0.0,801,3870,fhi:git
county,Møre og Romsdal,2021-01-22,212,0,4082,0,1.53722170337119,0.0,212,4082,fhi:git
county,Møre og Romsdal,2021-01-23,0,0,4082,0,1.53722170337119,0.0,0,4082,fhi:git
county,Møre og Romsdal,2021-01-24,0,0,4082,0,1.53722170337119,0.0,0,4082,fhi:git
county,Møre og Romsdal,2021-01-25,3,0,4085,0,1.53835145964511,0.0,3,4085,fhi:git
county,Møre og Romsdal,2021-01-26,78,129,4163,129,1.56772512276685,0.0485795197782665,207,4292,fhi:git
county,Møre og Romsdal,2021-01-27,537,359,4700,488,1.7699514957973101,0.18377368722321,896,5188,fhi:git
county,Møre og Romsdal,2021-01-28,486,509,5186,997,1.95297201217124,0.37545566836381206,995,6183,fhi:git
county,Møre og Romsdal,2021-01-29,93,78,5279,1075,1.98799445666255,0.404829331485554,171,6354,fhi:git
county,Møre og Romsdal,2021-01-30,0,1,5279,1076,1.98799445666255,0.405205916910192,1,6355,fhi:git
county,Møre og Romsdal,2021-01-31,0,0,5279,1076,1.98799445666255,0.405205916910192,0,6355,fhi:git
county,Møre og Romsdal,2021-02-01,0,0,5279,1076,1.98799445666255,0.405205916910192,0,6355,fhi:git
county,Møre og Romsdal,2021-02-02,279,193,5558,1269,2.09306179013647,0.47788690386527294,472,6827,fhi:git
county,Møre og Romsdal,2021-02-03,1052,312,6610,1581,2.48922965685536,0.5953815563522429,1364,8191,fhi:git
county,Møre og Romsdal,2021-02-04,1533,463,8143,2044,3.0665351128249903,0.7697406079595099,1996,10187,fhi:git
county,Møre og Romsdal,2021-02-05,208,156,8351,2200,3.14486488114964,0.828487934202995,364,10551,fhi:git
county,Møre og Romsdal,2021-02-06,1,2,8352,2202,3.1452414665742796,0.82924110505227,3,10554,fhi:git
county,Møre og Romsdal,2021-02-07,0,1,8352,2203,3.1452414665742796,0.8296176904769079,1,10555,fhi:git
county,Møre og Romsdal,2021-02-08,0,2,8352,2205,3.1452414665742796,0.830370861326183,2,10557,fhi:git
county,Møre og Romsdal,2021-02-09,317,183,8669,2388,3.2646190461844395,0.8992859940348871,500,11057,fhi:git
county,Møre og Romsdal,2021-02-10,1227,436,9896,2824,3.72668936221493,1.06347723917693,1663,12720,fhi:git
county,Møre og Romsdal,2021-02-11,1239,805,11135,3629,4.19327870334107,1.3666285060102998,2044,14764,fhi:git
county,Møre og Romsdal,2021-02-12,298,207,11433,3836,4.30550115988311,1.44458168891031,505,15269,fhi:git
county,Møre og Romsdal,2021-02-13,24,0,11457,3836,4.31453921007441,1.44458168891031,24,15293,fhi:git
county,Møre og Romsdal,2021-02-14,0,0,11457,3836,4.31453921007441,1.44458168891031,0,15293,fhi:git
county,Møre og Romsdal,2021-02-15,1,8,11458,3844,4.31491579549905,1.4475943723074098,9,15302,fhi:git
county,Møre og Romsdal,2021-02-16,342,58,11800,3902,4.4437080107251505,1.4694363269364,400,15702,fhi:git
county,Møre og Romsdal,2021-02-17,1185,414,12985,4316,4.88996173892086,1.62534269273642,1599,17301,fhi:git
county,Møre og Romsdal,2021-02-18,1154,512,14139,4828,5.3245413189527895,1.8181544301509398,1666,18967,fhi:git
county,Møre og Romsdal,2021-02-19,495,85,14634,4913,5.510951104148459,1.8501641912451399,580,19547,fhi:git
county,Møre og Romsdal,2021-02-20,9,0,14643,4913,5.514340372970201,1.8501641912451399,9,19556,fhi:git
county,Møre og Romsdal,2021-02-21,0,0,14643,4913,5.514340372970201,1.8501641912451399,0,19556,fhi:git
county,Møre og Romsdal,2021-02-22,15,0,14658,4913,5.51998915433977,1.8501641912451399,15,19571,fhi:git
county,Møre og Romsdal,2021-02-23,390,211,15048,5124,5.66685746994848,1.9296237158437,601,20172,fhi:git
county,Møre og Romsdal,2021-02-24,718,839,15766,5963,5.93724580483837,2.24557888711475,1557,21729,fhi:git
county,Møre og Romsdal,2021-02-25,696,1448,16462,7411,6.199349260386231,2.79087458199018,2144,23873,fhi:git
county,Møre og Romsdal,2021-02-26,259,191,16721,7602,6.2968848853674,2.8628023980959796,450,24323,fhi:git
county,Møre og Romsdal,2021-02-27,2,1,16723,7603,6.2976380562166705,2.86317898352062,3,24326,fhi:git
county,Møre og Romsdal,2021-02-28,0,0,16723,7603,6.2976380562166705,2.86317898352062,0,24326,fhi:git
county,Møre og Romsdal,2021-03-01,95,1,16818,7604,6.33341367155726,2.86355556894526,96,24422,fhi:git
county,Møre og Romsdal,2021-03-02,725,219,17543,7823,6.6064381044196105,2.9460277769409196,944,25366,fhi:git
county,Møre og Romsdal,2021-03-03,863,1031,18406,8854,6.93143132588196,3.3342873497424197,1894,27260,fhi:git
county,Møre og Romsdal,2021-03-04,953,1250,19359,10104,7.29031723556172,3.80501913053957,2203,29463,fhi:git
county,Møre og Romsdal,2021-03-05,752,234,20111,10338,7.57350947488928,3.8931401199048,986,30449,fhi:git
county,Møre og Romsdal,2021-03-06,3,6,20114,10344,7.5746392311632,3.8953996324526297,9,30458,fhi:git
county,Møre og Romsdal,2021-03-07,0,0,20114,10344,7.5746392311632,3.8953996324526297,0,30458,fhi:git
county,Nordland,2020-12-27,0,0,0,0,0.0,0.0,0,0,fhi:git
county,Nordland,2020-12-28,0,0,0,0,0.0,0.0,0,0,fhi:git
county,Nordland,2020-12-29,0,0,0,0,0.0,0.0,0,0,fhi:git
county,Nordland,2020-12-30,1,0,1,0,0.00041453354612722,0.0,1,1,fhi:git
county,Nordland,2020-12-31,0,0,1,0,0.00041453354612722,0.0,0,1,fhi:git
county,Nordland,2021-01-01,0,0,1,0,0.00041453354612722,0.0,0,1,fhi:git
county,Nordland,2021-01-02,0,0,1,0,0.00041453354612722,0.0,0,1,fhi:git
county,Nordland,2021-01-03,0,0,1,0,0.00041453354612722,0.0,0,1,fhi:git
county,Nordland,2021-01-04,0,0,1,0,0.000416068568100023,0.0,0,1,fhi:git
county,Nordland,2021-01-05,200,0,201,0,0.0836297821881046,0.0,200,201,fhi:git
county,Nordland,2021-01-06,686,0,887,0,0.36905281990471994,0.0,686,887,fhi:git
county,Nordland,2021-01-07,238,0,1125,0,0.468077139112526,0.0,238,1125,fhi:git
county,Nordland,2021-01-08,114,0,1239,0,0.5155089558759279,0.0,114,1239,fhi:git
county,Nordland,2021-01-09,0,0,1239,0,0.5155089558759279,0.0,0,1239,fhi:git
county,Nordland,2021-01-10,0,0,1239,0,0.5155089558759279,0.0,0,1239,fhi:git
county,Nordland,2021-01-11,0,0,1239,0,0.5155089558759279,0.0,0,1239,fhi:git
county,Nordland,2021-01-12,292,0,1531,0,0.6370009777611351,0.0,292,1531,fhi:git
county,Nordland,2021-01-13,627,0,2158,0,0.8978759699598491,0.0,627,2158,fhi:git
county,Nordland,2021-01-14,272,0,2430,0,1.01104662048306,0.0,272,2430,fhi:git
county,Nordland,2021-01-15,69,0,2499,0,1.03975535168196,0.0,69,2499,fhi:git
county,Nordland,2021-01-16,0,0,2499,0,1.03975535168196,0.0,0,2499,fhi:git
county,Nordland,2021-01-17,1,0,2500,0,1.04017142025006,0.0,1,2500,fhi:git
county,Nordland,2021-01-18,0,0,2500,0,1.04017142025006,0.0,0,2500,fhi:git
county,Nordland,2021-01-19,313,0,2813,0,1.1704008820653602,0.0,313,2813,fhi:git
county,Nordland,2021-01-20,786,0,3599,0,1.4974307765919799,0.0,786,3599,fhi:git
county,Nordland,2021-01-21,616,0,4215,0,1.7537290145416,0.0,616,4215,fhi:git
county,Nordland,2021-01-22,173,0,4388,0,1.8257088768229,0.0,173,4388,fhi:git
county,Nordland,2021-01-23,4,0,4392,0,1.8273731510953,0.0,4,4392,fhi:git
county,Nordland,2021-01-24,0,0,4392,0,1.8273731510953,0.0,0,4392,fhi:git
county,Nordland,2021-01-25,51,0,4443,0,1.8485926480684,0.0,51,4443,fhi:git
county,Nordland,2021-01-26,120,90,4563,90,1.8985208762403998,0.0374461711290021,210,4653,fhi:git
county,Nordland,2021-01-27,626,528,5189,618,2.15897979987102,0.257130375085814,1154,5807,fhi:git
county,Nordland,2021-01-28,471,365,5660,983,2.35494809544613,0.40899540244232296,836,6643,fhi:git
county,Nordland,2021-01-29,211,144,5871,1127,2.44273856331523,0.468909276248726,355,6998,fhi:git
county,Nordland,2021-01-30,1,0,5872,1127,2.44315463188333,0.468909276248726,1,6999,fhi:git
county,Nordland,2021-01-31,0,0,5872,1127,2.44315463188333,0.468909276248726,0,6999,fhi:git
county,Nordland,2021-02-01,9,4,5881,1131,2.4468992489962402,0.47057355052112604,13,7012,fhi:git
county,Nordland,2021-02-02,110,200,5991,1331,2.49266679148724,0.553787264141131,310,7322,fhi:git
county,Nordland,2021-02-03,1417,457,7408,1788,3.0822359524849703,0.743930599762841,1874,9196,fhi:git
county,Nordland,2021-02-04,1670,346,9078,2134,3.7770704612120096,0.8878903243254491,2016,11212,fhi:git
county,Nordland,2021-02-05,327,125,9405,2259,3.9131248829807204,0.9398988953379521,452,11664,fhi:git
county,Nordland,2021-02-06,0,0,9405,2259,3.9131248829807204,0.9398988953379521,0,11664,fhi:git
county,Nordland,2021-02-07,1,0,9406,2259,3.9135409515488195,0.9398988953379521,1,11665,fhi:git
county,Nordland,2021-02-08,6,1,9412,2260,3.91603736295742,0.940314963906052,7,11672,fhi:git
county,Nordland,2021-02-09,70,262,9482,2522,3.94516216272442,1.04932492874826,332,12004,fhi:git
county,Nordland,2021-02-10,2011,588,11493,3110,4.781876053173559,1.29397324679107,2599,14603,fhi:git
county,Nordland,2021-02-11,1220,560,12713,3670,5.28947970625559,1.52697164492708,1780,16383,fhi:git
county,Nordland,2021-02-12,287,238,13000,3908,5.4088913853003,1.6259959641348898,525,16908,fhi:git
county,Nordland,2021-02-13,53,3,13053,3911,5.430943019409599,1.62724416983919,56,16964,fhi:git
county,Nordland,2021-02-14,0,0,13053,3911,5.430943019409599,1.62724416983919,0,16964,fhi:git
county,Nordland,2021-02-15,0,1,13053,3912,5.430943019409599,1.62766023840729,1,16965,fhi:git
county,Nordland,2021-02-16,219,71,13272,3983,5.5220620358235,1.6572011067423897,290,17255,fhi:git
county,Nordland,2021-02-17,1480,515,14752,4498,6.13784351661154,1.8714764193139,1995,19250,fhi:git
county,Nordland,2021-02-18,844,608,15596,5106,6.489005388087961,2.12444610871872,1452,20702,fhi:git
county,Nordland,2021-02-19,306,230,15902,5336,6.61632236992656,2.2201418793817203,536,21238,fhi:git
county,Nordland,2021-02-20,1,1,15903,5337,6.61673843849466,2.22055794794982,2,21240,fhi:git
county,Nordland,2021-02-21,0,0,15903,5337,6.61673843849466,2.22055794794982,0,21240,fhi:git
county,Nordland,2021-02-22,268,0,16171,5337,6.72824481474547,2.22055794794982,268,21508,fhi:git
county,Nordland,2021-02-23,306,56,16477,5393,6.85556179658408,2.24385778776342,362,21870,fhi:git
county,Nordland,2021-02-24,963,976,17440,6369,7.2562358276644,2.6499407102290498,1939,23809,fhi:git
county,Nordland,2021-02-25,580,1844,18020,8213,7.49755559716241,3.4171711498054904,2424,26233,fhi:git
county,Nordland,2021-02-26,410,396,18430,8609,7.66814371008342,3.5819343027731003,806,27039,fhi:git
county,Nordland,2021-02-27,0,4,18430,8613,7.66814371008342,3.5835985770455,4,27043,fhi:git
county,Nordland,2021-02-28,0,1,18430,8614,7.66814371008342,3.5840146456136,1,27044,fhi:git
county,Nordland,2021-03-01,228,0,18658,8614,7.763007343610231,3.5840146456136,228,27272,fhi:git
county,Nordland,2021-03-02,493,50,19151,8664,7.96812914768354,3.6048180740186,543,27815,fhi:git
county,Nordland,2021-03-03,615,1530,19766,10194,8.224011317065049,4.24140298321163,2145,29960,fhi:git
county,Nordland,2021-03-04,702,1347,20468,11541,8.51609145187127,4.80184734444236,2049,32009,fhi:git
county,Nordland,2021-03-05,401,319,20869,11860,8.68293494767938,4.934573217666269,720,32729,fhi:git
county,Nordland,2021-03-06,13,51,20882,11911,8.688343839064679,4.95579271463937,64,32793,fhi:git
county,Nordland,2021-03-07,0,0,20882,11911,8.688343839064679,4.95579271463937,0,32793,fhi:git
county,Viken,2020-12-27,0,0,0,0,0.0,0.0,0,0,fhi:git
county,Viken,2020-12-28,65,0,65,0,0.00523701522360041,0.0,65,65,fhi:git
county,Viken,2020-12-29,689,0,754,0,0.0607493765937647,0.0,689,754,fhi:git
county,Viken,2020-12-30,216,0,970,0,0.0781523810291138,0.0,216,970,fhi:git
county,Viken,2020-12-31,67,0,1037,0,0.0835505351826711,0.0,67,1037,fhi:git
county,Viken,2021-01-01,0,0,1037,0,0.0835505351826711,0.0,0,1037,fhi:git
county,Viken,2021-01-02,0,0,1037,0,0.0835505351826711,0.0,0,1037,fhi:git
county,Viken,2021-01-03,0,0,1037,0,0.0835505351826711,0.0,0,1037,fhi:git
county,Viken,2021-01-04,0,0,1037,0,0.0828020798732657,0.0,0,1037,fhi:git
county,Viken,2021-01-05,525,0,1562,0,0.124722129953752,0.0,525,1562,fhi:git
county,Viken,2021-01-06,1647,0,3209,0,0.25623131563482104,0.0,1647,3209,fhi:git
county,Viken,2021-01-07,1920,0,5129,0,0.409538927357743,0.0,1920,5129,fhi:git
county,Viken,2021-01-08,281,0,5410,0,0.431976135115109,0.0,281,5410,fhi:git
county,Viken,2021-01-09,6,0,5416,0,0.432455221401743,0.0,6,5416,fhi:git
county,Viken,2021-01-10,5,0,5421,0,0.432854459973938,0.0,5,5421,fhi:git
county,Viken,2021-01-11,57,0,5478,0,0.43740577969696204,0.0,57,5478,fhi:git
county,Viken,2021-01-12,788,0,6266,0,0.500325778674911,0.0,788,6266,fhi:git
county,Viken,2021-01-13,1944,0,8210,0,0.65554973554437,0.0,1944,8210,fhi:git
county,Viken,2021-01-14,1952,0,10162,0,0.8114124741293409,0.0,1952,10162,fhi:git
county,Viken,2021-01-15,1043,0,11205,0,0.8946936402892409,0.0,1043,11205,fhi:git
county,Viken,2021-01-16,87,0,11292,0,0.901640391445435,0.0,87,11292,fhi:git
county,Viken,2021-01-17,22,0,11314,0,0.903397041163094,0.0,22,11314,fhi:git
county,Viken,2021-01-18,142,51,11456,51,0.914735416613435,0.00407223343639012,193,11507,fhi:git
county,Viken,2021-01-19,645,384,12101,435,0.966237192426604,0.0347337557809745,1029,12536,fhi:git
county,Viken,2021-01-20,1489,342,13590,777,1.0851304392263101,0.06204167411912001,1831,14367,fhi:git
county,Viken,2021-01-21,1998,99,15588,876,1.24466617267547,0.0699465978485832,2097,16464,fhi:git
county,Viken,2021-01-22,819,1,16407,877,1.3100614508010302,0.0700264455630222,820,17284,fhi:git
county,Viken,2021-01-23,96,0,16503,877,1.31772683138718,0.0700264455630222,96,17380,fhi:git
county,Viken,2021-01-24,0,0,16503,877,1.31772683138718,0.0700264455630222,0,17380,fhi:git
county,Viken,2021-01-25,60,0,16563,877,1.3225176942535202,0.0700264455630222,60,17440,fhi:git
county,Viken,2021-01-26,561,401,17124,1278,1.36731226205381,0.10204537905307,962,18402,fhi:git
county,Viken,2021-01-27,1936,1165,19060,2443,1.5218974372077598,0.19506796637453103,3101,21503,fhi:git
county,Viken,2021-01-28,3106,1708,22166,4151,1.7699044382553601,0.33144786263638,4814,26317,fhi:git
county,Viken,2021-01-29,1040,427,23206,4578,1.85294606127194,0.365542836701842,1467,27784,fhi:git
county,Viken,2021-01-30,6,18,23212,4596,1.8534251475585801,0.366980095561745,24,27808,fhi:git
county,Viken,2021-01-31,7,3,23219,4599,1.85398408155965,0.367219638705062,10,27818,fhi:git
county,Viken,2021-02-01,35,45,23254,4644,1.85677875156502,0.37081278585481803,80,27898,fhi:git
county,Viken,2021-02-02,1019,687,24273,5331,1.9381435725783798,0.42566816567442606,1706,29604,fhi:git
county,Viken,2021-02-03,4741,1719,29014,7050,2.31670158673378,0.562926386795104,6460,36064,fhi:git
county,Viken,2021-02-04,6627,1750,35641,8800,2.84585239032118,0.702659887063393,8377,44441,fhi:git
county,Viken,2021-02-05,3142,1093,38783,9893,3.0967339090885897,0.7899334389452439,4235,48676,fhi:git
county,Viken,2021-02-06,37,87,38820,9980,3.0996882745228302,0.7968801901014391,124,48800,fhi:git
county,Viken,2021-02-07,15,19,38835,9999,3.10088599023942,0.79839729667578,34,48834,fhi:git
county,Viken,2021-02-08,15,96,38850,10095,3.1020837059560002,0.8060626772619259,111,48945,fhi:git
county,Viken,2021-02-09,790,565,39640,10660,3.16516340036283,0.8511766359199742,1355,50300,fhi:git
county,Viken,2021-02-10,3433,1326,43073,11986,3.4392806040319903,0.9570547052661159,4759,55059,fhi:git
county,Viken,2021-02-11,4837,1913,47910,13899,3.82550399877354,1.1098033829879699,6750,61809,fhi:git
county,Viken,2021-02-12,2419,973,50329,14872,4.01865562000153,1.18749520913713,3392,65201,fhi:git
county,Viken,2021-02-13,23,95,50352,14967,4.02049211743363,1.19508074200884,118,65319,fhi:git
county,Viken,2021-02-14,6,0,50358,14967,4.020971203720269,1.19508074200884,6,65325,fhi:git
county,Viken,2021-02-15,352,123,50710,15090,4.0490775992028,1.20490201088484,475,65800,fhi:git
county,Viken,2021-02-16,1410,353,52120,15443,4.16166287656182,1.23308825408182,1763,67563,fhi:git
county,Viken,2021-02-17,4385,1796,56505,17239,4.5117951043769295,1.3764947492142998,6181,73744,fhi:git
county,Viken,2021-02-18,4838,2917,61343,20156,4.89809834683292,1.60941053223293,7755,81499,fhi:git
county,Viken,2021-02-19,3787,1280,65130,21436,5.2004816414135,1.71161560671487,5067,86566,fhi:git
county,Viken,2021-02-20,28,5,65158,21441,5.20271737741779,1.71201484528707,33,86599,fhi:git
county,Viken,2021-02-21,0,6,65158,21447,5.20271737741779,1.7124939315737,6,86605,fhi:git
county,Viken,2021-02-22,695,7,65853,21454,5.25821153895291,1.71305286557478,702,87307,fhi:git
county,Viken,2021-02-23,2081,753,67934,22207,5.42437463270051,1.7731781945473601,2834,90141,fhi:git
county,Viken,2021-02-24,2439,4158,70373,26365,5.61912320821729,2.10518499118481,6597,96738,fhi:git
county,Viken,2021-02-25,2345,6238,72718,32603,5.80636609857679,2.60327503385543,8583,105321,fhi:git
county,Viken,2021-02-26,1714,2705,74432,35308,5.943225081125281,2.8192631014129903,4419,109740,fhi:git
county,Viken,2021-02-27,166,86,74598,35394,5.9564798017221605,2.8261300048547406,252,109992,fhi:git
county,Viken,2021-02-28,416,0,75014,35394,5.989696450928791,2.8261300048547406,416,110408,fhi:git
county,Viken,2021-03-01,1393,1,76407,35395,6.10092431714235,2.82620985256918,1394,111802,fhi:git
county,Viken,2021-03-02,2891,516,79298,35911,6.331764059585559,2.8674112732197203,3407,115209,fhi:git
county,Viken,2021-03-03,4857,2558,84155,38469,6.71958440861589,3.07166172675473,7415,122624,fhi:git
county,Viken,2021-03-04,3947,3242,88102,41711,7.03474333750671,3.3305280169660403,7189,129813,fhi:git
county,Viken,2021-03-05,2359,1710,90461,43421,7.22310409586836,3.46706760865677,4069,133882,fhi:git
county,Viken,2021-03-06,157,0,90618,43421,7.23564018703529,3.46706760865677,157,134039,fhi:git
county,Viken,2021-03-07,17,0,90635,43421,7.236997598180749,3.46706760865677,17,134056,fhi:git
county,Innlandet,2020-12-27,0,0,0,0,0.0,0.0,0,0,fhi:git
county,Innlandet,2020-12-28,272,0,272,0,0.0732393607711674,0.0,272,272,fhi:git
county,Innlandet,2020-12-29,260,0,532,0,0.143247573273019,0.0,260,532,fhi:git
county,Innlandet,2020-12-30,149,0,681,0,0.183367664283695,0.0,149,681,fhi:git
county,Innlandet,2020-12-31,0,0,681,0,0.183367664283695,0.0,0,681,fhi:git
county,Innlandet,2021-01-01,0,0,681,0,0.183367664283695,0.0,0,681,fhi:git
county,Innlandet,2021-01-02,0,0,681,0,0.183367664283695,0.0,0,681,fhi:git
county,Innlandet,2021-01-03,0,0,681,0,0.183367664283695,0.0,0,681,fhi:git
county,Innlandet,2021-01-04,0,0,681,0,0.18375458374594897,0.0,0,681,fhi:git
county,Innlandet,2021-01-05,271,0,952,0,0.256878654517098,0.0,271,952,fhi:git
county,Innlandet,2021-01-06,703,0,1655,0,0.44656950969096293,0.0,703,1655,fhi:git
county,Innlandet,2021-01-07,717,0,2372,0,0.6400379921371391,0.0,717,2372,fhi:git
county,Innlandet,2021-01-08,76,0,2448,0,0.6605451116153941,0.0,76,2448,fhi:git
county,Innlandet,2021-01-09,0,0,2448,0,0.6605451116153941,0.0,0,2448,fhi:git
county,Innlandet,2021-01-10,0,0,2448,0,0.6605451116153941,0.0,0,2448,fhi:git
county,Innlandet,2021-01-11,50,0,2498,0,0.674036637587931,0.0,50,2498,fhi:git
county,Innlandet,2021-01-12,403,0,2901,0,0.782778336926576,0.0,403,2901,fhi:git
county,Innlandet,2021-01-13,994,0,3895,0,1.05098987326061,0.0,994,3895,fhi:git
county,Innlandet,2021-01-14,958,0,4853,0,1.30948751089441,0.0,958,4853,fhi:git
county,Innlandet,2021-01-15,279,0,5132,0,1.3847702258211598,0.0,279,5132,fhi:git
county,Innlandet,2021-01-16,4,0,5136,0,1.3858495478989599,0.0,4,5136,fhi:git
county,Innlandet,2021-01-17,0,0,5136,0,1.3858495478989599,0.0,0,5136,fhi:git
county,Innlandet,2021-01-18,62,0,5198,0,1.4025790401049099,0.0,62,5198,fhi:git
county,Innlandet,2021-01-19,331,318,5529,318,1.4918929420431,0.0858061051853331,649,5847,fhi:git
county,Innlandet,2021-01-20,664,252,6193,570,1.6710604069583899,0.153803396086918,916,6763,fhi:git
county,Innlandet,2021-01-21,832,48,7025,618,1.8955593991414,0.166755261020553,880,7643,fhi:git
county,Innlandet,2021-01-22,238,0,7263,618,1.9597790627706702,0.166755261020553,238,7881,fhi:git
county,Innlandet,2021-01-23,6,0,7269,618,1.9613980458873799,0.166755261020553,6,7887,fhi:git
county,Innlandet,2021-01-24,0,0,7269,618,1.9613980458873799,0.166755261020553,0,7887,fhi:git
county,Innlandet,2021-01-25,1,0,7270,618,1.96166787640683,0.166755261020553,1,7888,fhi:git
county,Innlandet,2021-01-26,149,131,7419,749,2.00187262380499,0.20210305906859902,280,8168,fhi:git
county,Innlandet,2021-01-27,933,603,8352,1352,2.25362449845252,0.364810862297391,1536,9704,fhi:git
county,Innlandet,2021-01-28,903,707,9255,2059,2.49728145751653,0.555581039549059,1610,11314,fhi:git
county,Innlandet,2021-01-29,319,132,9574,2191,2.58335739322132,0.5911986681165561,451,11765,fhi:git
county,Innlandet,2021-01-30,1,0,9575,2191,2.58362722374077,0.5911986681165561,1,11766,fhi:git
county,Innlandet,2021-01-31,1,0,9576,2191,2.58389705426022,0.5911986681165561,1,11767,fhi:git
county,Innlandet,2021-02-01,9,49,9585,2240,2.58632552893528,0.6044203635696421,58,11825,fhi:git
county,Innlandet,2021-02-02,609,341,10194,2581,2.75065231528077,0.6964325707023421,950,12775,fhi:git
county,Innlandet,2021-02-03,2311,871,12505,3452,3.3742306457314197,0.93145495314393,3182,15957,fhi:git
county,Innlandet,2021-02-04,2656,997,15161,4449,4.090900505392559,1.2004759810363101,3653,19610,fhi:git
county,Innlandet,2021-02-05,813,270,15974,4719,4.31027271770601,1.27333022128801,1083,20693,fhi:git
county,Innlandet,2021-02-06,7,4,15981,4723,4.31216153134216,1.27440954336581,11,20704,fhi:git
county,Innlandet,2021-02-07,0,0,15981,4723,4.31216153134216,1.27440954336581,0,20704,fhi:git
county,Innlandet,2021-02-08,2,62,15983,4785,4.31270119238107,1.29113903557176,64,20768,fhi:git
county,Innlandet,2021-02-09,257,269,16240,5054,4.3820476358799,1.3637234453040001,526,21294,fhi:git
county,Innlandet,2021-02-10,2052,578,18292,5632,4.935739861792809,1.5196854855465298,2630,23924,fhi:git
county,Innlandet,2021-02-11,2236,846,20528,6478,5.53908090328465,1.7479621050018501,3082,27006,fhi:git
county,Innlandet,2021-02-12,429,282,20957,6760,5.65483819612901,1.82405431148696,711,27717,fhi:git
county,Innlandet,2021-02-13,0,5,20957,6765,5.65483819612901,1.82540346408421,5,27722,fhi:git
county,Innlandet,2021-02-14,1,0,20958,6765,5.65510802664846,1.82540346408421,1,27723,fhi:git
county,Innlandet,2021-02-15,87,14,21045,6779,5.678583281840679,1.82918109135652,101,27824,fhi:git
county,Innlandet,2021-02-16,518,92,21563,6871,5.8183554909161606,1.85400549914599,610,28434,fhi:git
county,Innlandet,2021-02-17,1564,782,23127,7653,6.240370423337099,2.06501296535646,2346,30780,fhi:git
county,Innlandet,2021-02-18,1437,901,24564,8554,6.62811687978781,2.3081302633815697,2338,33118,fhi:git
county,Innlandet,2021-02-19,541,296,25105,8850,6.774095190810651,2.38800009713899,837,33955,fhi:git
county,Innlandet,2021-02-20,0,2,25105,8852,6.774095190810651,2.38853975817789,2,33957,fhi:git
county,Innlandet,2021-02-21,0,1,25105,8853,6.774095190810651,2.38880958869734,1,33958,fhi:git
county,Innlandet,2021-02-22,283,3,25388,8856,6.85045722781521,2.38961908025569,286,34244,fhi:git
county,Innlandet,2021-02-23,316,306,25704,9162,6.93572367196164,2.47218721920762,622,34866,fhi:git
county,Innlandet,2021-02-24,847,2318,26551,11480,7.16427012193641,3.09765436329442,3165,38031,fhi:git
county,Innlandet,2021-02-25,1735,2450,28286,13930,7.632426073183429,3.75873913594871,4185,42216,fhi:git
county,Innlandet,2021-02-26,641,812,28927,14742,7.805387436151349,3.97784151774271,1453,43669,fhi:git
county,Innlandet,2021-02-27,3,1,28930,14743,7.806196927709709,3.9781113482621606,4,43673,fhi:git
county,Innlandet,2021-02-28,3,0,28933,14743,7.80700641926806,3.9781113482621606,3,43676,fhi:git
county,Innlandet,2021-03-01,149,7,29082,14750,7.847211166666219,3.9800001618983103,156,43832,fhi:git
county,Innlandet,2021-03-02,500,159,29582,14909,7.98212642639158,4.02290321449098,659,44491,fhi:git
county,Innlandet,2021-03-03,1528,1971,31110,16880,8.3944274601123,4.55473916832837,3499,47990,fhi:git
county,Innlandet,2021-03-04,1439,2203,32549,19083,8.78271357760191,5.14917580267834,3642,51632,fhi:git
county,Innlandet,2021-03-05,448,391,32997,19474,8.90359765031584,5.254679535783571,839,52471,fhi:git
county,Innlandet,2021-03-06,2,3,32999,19477,8.90413731135474,5.2554890273419295,5,52476,fhi:git
county,Innlandet,2021-03-07,0,0,32999,19477,8.90413731135474,5.2554890273419295,0,52476,fhi:git
county,Vestfold og Telemark,2020-12-27,0,0,0,0,0.0,0.0,0,0,fhi:git
county,Vestfold og Telemark,2020-12-28,0,0,0,0,0.0,0.0,0,0,fhi:git
county,Vestfold og Telemark,2020-12-29,0,0,0,0,0.0,0.0,0,0,fhi:git
county,Vestfold og Telemark,2020-12-30,0,0,0,0,0.0,0.0,0,0,fhi:git
county,Vestfold og Telemark,2020-12-31,0,0,0,0,0.0,0.0,0,0,fhi:git
county,Vestfold og Telemark,2021-01-01,0,0,0,0,0.0,0.0,0,0,fhi:git
county,Vestfold og Telemark,2021-01-02,0,0,0,0,0.0,0.0,0,0,fhi:git
county,Vestfold og Telemark,2021-01-03,0,0,0,0,0.0,0.0,0,0,fhi:git
county,Vestfold og Telemark,2021-01-04,1,0,1,0,0.000237033104043311,0.0,1,1,fhi:git
county,Vestfold og Telemark,2021-01-05,218,0,219,0,0.051910249785484995,0.0,218,219,fhi:git
county,Vestfold og Telemark,2021-01-06,1026,0,1245,0,0.295106214533922,0.0,1026,1245,fhi:git
county,Vestfold og Telemark,2021-01-07,442,0,1687,0,0.39987484652106503,0.0,442,1687,fhi:git
county,Vestfold og Telemark,2021-01-08,63,0,1750,0,0.41480793207579403,0.0,63,1750,fhi:git
county,Vestfold og Telemark,2021-01-09,0,0,1750,0,0.41480793207579403,0.0,0,1750,fhi:git
county,Vestfold og Telemark,2021-01-10,2,0,1752,0,0.41528199828387996,0.0,2,1752,fhi:git
county,Vestfold og Telemark,2021-01-11,3,0,1755,0,0.41599309759601005,0.0,3,1755,fhi:git
county,Vestfold og Telemark,2021-01-12,418,0,2173,0,0.5150729350861141,0.0,418,2173,fhi:git
county,Vestfold og Telemark,2021-01-13,1166,0,3339,0,0.7914535344006141,0.0,1166,3339,fhi:git
county,Vestfold og Telemark,2021-01-14,582,0,3921,0,0.9294068009538209,0.0,582,3921,fhi:git
county,Vestfold og Telemark,2021-01-15,157,0,4078,0,0.966620998288621,0.0,157,4078,fhi:git
county,Vestfold og Telemark,2021-01-16,3,0,4081,0,0.9673320976007509,0.0,3,4081,fhi:git
county,Vestfold og Telemark,2021-01-17,41,0,4122,0,0.977050454866527,0.0,41,4122,fhi:git
county,Vestfold og Telemark,2021-01-18,7,0,4129,0,0.97870968659483,0.0,7,4129,fhi:git
county,Vestfold og Telemark,2021-01-19,233,0,4362,0,1.03393839983692,0.0,233,4362,fhi:git
county,Vestfold og Telemark,2021-01-20,1607,0,5969,0,1.41485059803452,0.0,1607,5969,fhi:git
county,Vestfold og Telemark,2021-01-21,828,0,6797,0,1.6111140081823798,0.0,828,6797,fhi:git
county,Vestfold og Telemark,2021-01-22,181,0,6978,0,1.6540170000142198,0.0,181,6978,fhi:git
county,Vestfold og Telemark,2021-01-23,3,0,6981,0,1.65472809932635,0.0,3,6981,fhi:git
county,Vestfold og Telemark,2021-01-24,0,0,6981,0,1.65472809932635,0.0,0,6981,fhi:git
county,Vestfold og Telemark,2021-01-25,44,0,7025,0,1.66515755590426,0.0,44,7025,fhi:git
county,Vestfold og Telemark,2021-01-26,103,179,7128,179,1.68957196562072,0.0424289256237526,282,7307,fhi:git
county,Vestfold og Telemark,2021-01-27,1622,898,8750,1077,2.0740396603789697,0.25528465305464604,2520,9827,fhi:git
county,Vestfold og Telemark,2021-01-28,652,449,9402,1526,2.22858524421521,0.36171251677009203,1101,10928,fhi:git
county,Vestfold og Telemark,2021-01-29,86,90,9488,1616,2.24897009116293,0.38304549613398997,176,11104,fhi:git
county,Vestfold og Telemark,2021-01-30,0,0,9488,1616,2.24897009116293,0.38304549613398997,0,11104,fhi:git
county,Vestfold og Telemark,2021-01-31,1,1,9489,1617,2.24920712426698,0.3832825292380329,2,11106,fhi:git
county,Vestfold og Telemark,2021-02-01,50,1,9539,1618,2.26105877946914,0.38351956234207707,51,11157,fhi:git
county,Vestfold og Telemark,2021-02-02,462,327,10001,1945,2.37056807353715,0.46102938736423904,789,11946,fhi:git
county,Vestfold og Telemark,2021-02-03,3214,847,13215,2792,3.1323924699323498,0.661796426488924,4061,16007,fhi:git
county,Vestfold og Telemark,2021-02-04,1901,708,15116,3500,3.58299240071868,0.8296158641515881,2609,18616,fhi:git
county,Vestfold og Telemark,2021-02-05,963,244,16079,3744,3.81125527991239,0.8874519415381551,1207,19823,fhi:git
county,Vestfold og Telemark,2021-02-06,0,4,16079,3748,3.81125527991239,0.888400073954328,4,19827,fhi:git
county,Vestfold og Telemark,2021-02-07,2,1,16081,3749,3.8117293461204795,0.8886371070583721,3,19830,fhi:git
county,Vestfold og Telemark,2021-02-08,17,46,16098,3795,3.8157589088892205,0.8995406298443641,63,19893,fhi:git
county,Vestfold og Telemark,2021-02-09,354,208,16452,4003,3.89966862772055,0.948843515485373,562,20455,fhi:git
county,Vestfold og Telemark,2021-02-10,2886,1396,19338,5399,4.58374616598954,1.27974172872983,4282,24737,fhi:git
county,Vestfold og Telemark,2021-02-11,1537,876,20875,6275,4.948066046904111,1.48738272787177,2413,27150,fhi:git
county,Vestfold og Telemark,2021-02-12,602,213,21477,6488,5.09075997553818,1.537870779033,815,27965,fhi:git
county,Vestfold og Telemark,2021-02-13,2,2,21479,6490,5.09123404174627,1.5383448452410902,4,27969,fhi:git
county,Vestfold og Telemark,2021-02-14,0,0,21479,6490,5.09123404174627,1.5383448452410902,0,27969,fhi:git
county,Vestfold og Telemark,2021-02-15,4,2,21483,6492,5.09218217416244,1.5388189114491697,6,27975,fhi:git
county,Vestfold og Telemark,2021-02-16,574,76,22057,6568,5.228239175883299,1.5568334273564601,650,28625,fhi:git
county,Vestfold og Telemark,2021-02-17,3015,1524,25072,8092,5.94289398457389,1.91807187791847,4539,33164,fhi:git
county,Vestfold og Telemark,2021-02-18,1808,626,26880,8718,6.37144983668419,2.06645460104958,2434,35598,fhi:git
county,Vestfold og Telemark,2021-02-19,280,83,27160,8801,6.43781910581632,2.08612834868518,363,35961,fhi:git
county,Vestfold og Telemark,2021-02-20,0,1,27160,8802,6.43781910581632,2.08636538178922,1,35962,fhi:git
county,Vestfold og Telemark,2021-02-21,1,1,27161,8803,6.438056138920361,2.08660241489326,2,35964,fhi:git
county,Vestfold og Telemark,2021-02-22,51,0,27212,8803,6.450144827226571,2.08660241489326,51,36015,fhi:git
county,Vestfold og Telemark,2021-02-23,626,381,27838,9184,6.598527550357679,2.17691202753377,1007,37022,fhi:git
county,Vestfold og Telemark,2021-02-24,661,2852,28499,12036,6.75520643213031,2.85293044026529,3513,40535,fhi:git
county,Vestfold og Telemark,2021-02-25,674,1992,29173,14028,6.9149667442555,3.32510038351956,2666,43201,fhi:git
county,Vestfold og Telemark,2021-02-26,537,845,29710,14873,7.04225352112676,3.5253933564361604,1382,44583,fhi:git
county,Vestfold og Telemark,2021-02-27,3,0,29713,14873,7.042964620438889,3.5253933564361604,3,44586,fhi:git
county,Vestfold og Telemark,2021-02-28,0,0,29713,14873,7.042964620438889,3.5253933564361604,0,44586,fhi:git
county,Vestfold og Telemark,2021-03-01,588,0,30301,14873,7.182340085616361,3.5253933564361604,588,45174,fhi:git
county,Vestfold og Telemark,2021-03-02,826,352,31127,15225,7.378129429556131,3.60882900905941,1178,46352,fhi:git
county,Vestfold og Telemark,2021-03-03,1924,2783,33051,18008,7.83418112173546,4.26849213761194,4707,51059,fhi:git
county,Vestfold og Telemark,2021-03-04,918,1366,33969,19374,8.05177751124722,4.5922793577351,2284,53343,fhi:git
county,Vestfold og Telemark,2021-03-05,1343,581,35312,19955,8.37011296997739,4.72999559118427,1924,55267,fhi:git
county,Vestfold og Telemark,2021-03-06,2,0,35314,19955,8.37058703618548,4.72999559118427,2,55269,fhi:git
county,Vestfold og Telemark,2021-03-07,0,0,35314,19955,8.37058703618548,4.72999559118427,0,55269,fhi:git
county,Agder,2020-12-27,0,0,0,0,0.0,0.0,0,0,fhi:git
county,Agder,2020-12-28,0,0,0,0,0.0,0.0,0,0,fhi:git
county,Agder,2020-12-29,0,0,0,0,0.0,0.0,0,0,fhi:git
county,Agder,2020-12-30,0,0,0,0,0.0,0.0,0,0,fhi:git
county,Agder,2020-12-31,0,0,0,0,0.0,0.0,0,0,fhi:git
county,Agder,2021-01-01,0,0,0,0,0.0,0.0,0,0,fhi:git
county,Agder,2021-01-02,0,0,0,0,0.0,0.0,0,0,fhi:git
county,Agder,2021-01-03,3,0,3,0,0.000976463963597423,0.0,3,3,fhi:git
county,Agder,2021-01-04,0,0,3,0,0.000971367329031255,0.0,0,3,fhi:git
county,Agder,2021-01-05,79,0,82,0,0.026550706993521002,0.0,79,82,fhi:git
county,Agder,2021-01-06,791,0,873,0,0.282667892748095,0.0,791,873,fhi:git
county,Agder,2021-01-07,230,0,1103,0,0.35713938797382505,0.0,230,1103,fhi:git
county,Agder,2021-01-08,49,0,1152,0,0.373005054348002,0.0,49,1152,fhi:git
county,Agder,2021-01-09,0,0,1152,0,0.373005054348002,0.0,0,1152,fhi:git
county,Agder,2021-01-10,0,0,1152,0,0.373005054348002,0.0,0,1152,fhi:git
county,Agder,2021-01-11,1,0,1153,0,0.3733288434576789,0.0,1,1153,fhi:git
county,Agder,2021-01-12,225,0,1378,0,0.446181393135023,0.0,225,1378,fhi:git
county,Agder,2021-01-13,847,0,2225,0,0.720430769031514,0.0,847,2225,fhi:git
county,Agder,2021-01-14,517,0,2742,0,0.887829738734567,0.0,517,2742,fhi:git
county,Agder,2021-01-15,119,0,2861,0,0.9263606427861399,0.0,119,2861,fhi:git
county,Agder,2021-01-16,1,0,2862,0,0.926684431895818,0.0,1,2862,fhi:git
county,Agder,2021-01-17,2,0,2864,0,0.927332010115172,0.0,2,2864,fhi:git
county,Agder,2021-01-18,15,0,2879,0,0.932188846760328,0.0,15,2879,fhi:git
county,Agder,2021-01-19,347,0,3226,0,1.04454366781828,0.0,347,3226,fhi:git
county,Agder,2021-01-20,459,0,3685,0,1.19316286916006,0.0,459,3685,fhi:git
county,Agder,2021-01-21,340,0,4025,0,1.30325116645027,0.0,340,4025,fhi:git
county,Agder,2021-01-22,64,0,4089,0,1.3239736694696003,0.0,64,4089,fhi:git
county,Agder,2021-01-23,1,0,4090,0,1.3242974585792802,0.0,1,4090,fhi:git
county,Agder,2021-01-24,0,0,4090,0,1.3242974585792802,0.0,0,4090,fhi:git
county,Agder,2021-01-25,1,0,4091,0,1.32462124768896,0.0,1,4091,fhi:git
county,Agder,2021-01-26,63,66,4154,66,1.34501996159861,0.0213700812386876,129,4220,fhi:git
county,Agder,2021-01-27,567,681,4721,747,1.52860838678552,0.24187046492878303,1248,5468,fhi:git
county,Agder,2021-01-28,948,248,5669,995,1.8355604627594,0.32217016412870003,1196,6664,fhi:git
county,Agder,2021-01-29,204,61,5873,1056,1.90161344113352,0.341921299819002,265,6929,fhi:git
county,Agder,2021-01-30,32,0,5905,1056,1.91197469264319,0.341921299819002,32,6961,fhi:git
county,Agder,2021-01-31,23,0,5928,1056,1.91942184216576,0.341921299819002,23,6984,fhi:git
county,Agder,2021-02-01,0,2,5928,1058,1.91942184216576,0.342568878038356,2,6986,fhi:git
county,Agder,2021-02-02,203,170,6131,1228,1.9851510314302099,0.397613026683461,373,7359,fhi:git
county,Agder,2021-02-03,1331,592,7462,1820,2.41611433641041,0.5892961796122951,1923,9282,fhi:git
county,Agder,2021-02-04,1707,498,9169,2318,2.9688223466291896,0.7505431562314829,2205,11487,fhi:git
county,Agder,2021-02-05,618,134,9787,2452,3.16892401640963,0.793930896928213,752,12239,fhi:git
county,Agder,2021-02-06,508,2,10295,2454,3.3334088841255896,0.794578475147567,510,12749,fhi:git
county,Agder,2021-02-07,83,2,10378,2456,3.36028338022879,0.795226053366921,85,12834,fhi:git
county,Agder,2021-02-08,13,2,10391,2458,3.3644926386545895,0.795873631586275,15,12849,fhi:git
county,Agder,2021-02-09,188,254,10579,2712,3.42536499127388,0.878116065444255,442,13291,fhi:git
county,Agder,2021-02-10,1152,371,11731,3083,3.7983700456218905,0.998241825134453,1523,14814,fhi:git
county,Agder,2021-02-11,1005,409,12736,3492,4.1237781008473595,1.13067157099238,1414,16228,fhi:git
county,Agder,2021-02-12,354,69,13090,3561,4.23839944567304,1.1530130195601,423,16651,fhi:git
county,Agder,2021-02-13,509,2,13599,3563,4.40320810249868,1.15366059777945,511,17162,fhi:git
county,Agder,2021-02-14,0,0,13599,3563,4.40320810249868,1.15366059777945,0,17162,fhi:git
county,Agder,2021-02-15,1,2,13600,3565,4.403531891608361,1.15430817599881,3,17165,fhi:git
county,Agder,2021-02-16,139,113,13739,3678,4.44853857785347,1.19089634539232,252,17417,fhi:git
county,Agder,2021-02-17,1212,435,14951,4113,4.840970978782099,1.3317446081018502,1647,19064,fhi:git
county,Agder,2021-02-18,1086,820,16037,4933,5.1926059518914105,1.5972516780370603,1906,20970,fhi:git
county,Agder,2021-02-19,719,342,16756,5275,5.42541032174924,1.70798755354662,1061,22031,fhi:git
county,Agder,2021-02-20,339,36,17095,5311,5.535174829929769,1.719643961495,375,22406,fhi:git
county,Agder,2021-02-21,52,23,17147,5334,5.5520118636329805,1.7270911110175702,75,22481,fhi:git
county,Agder,2021-02-22,224,0,17371,5334,5.624540624200651,1.7270911110175702,224,22705,fhi:git
county,Agder,2021-02-23,294,201,17665,5535,5.71973462244571,1.79217272206267,495,23200,fhi:git
county,Agder,2021-02-24,922,1110,18587,6645,6.01826818156798,2.15157863380423,2032,25232,fhi:git
county,Agder,2021-02-25,705,1559,19292,8204,6.24653950389033,2.65636585579081,2264,27496,fhi:git
county,Agder,2021-02-26,375,466,19667,8670,6.367960420019231,2.80725158090033,841,28337,fhi:git
county,Agder,2021-02-27,0,0,19667,8670,6.367960420019231,2.80725158090033,0,28337,fhi:git
county,Agder,2021-02-28,8,81,19675,8751,6.37055073289665,2.8334784987841704,89,28426,fhi:git
county,Agder,2021-03-01,259,0,19934,8751,6.45441211230302,2.8334784987841704,259,28685,fhi:git
county,Agder,2021-03-02,559,192,20493,8943,6.63541022461251,2.89564600784217,751,29436,fhi:git
county,Agder,2021-03-03,623,876,21116,9819,6.83713083994133,3.1792852679192998,1499,30935,fhi:git
county,Agder,2021-03-04,742,1067,21858,10886,7.07738235932173,3.5247682479447504,1809,32744,fhi:git
county,Agder,2021-03-05,822,318,22680,11204,7.34353700747629,3.62773318482206,1140,33884,fhi:git
county,Agder,2021-03-06,9,384,22689,11588,7.34645110946338,3.75206820293806,393,34277,fhi:git
county,Agder,2021-03-07,1,0,22690,11588,7.34677489857306,3.75206820293806,1,34278,fhi:git
county,Vestland,2020-12-27,0,0,0,0,0.0,0.0,0,0,fhi:git
county,Vestland,2020-12-28,0,0,0,0,0.0,0.0,0,0,fhi:git
county,Vestland,2020-12-29,0,0,0,0,0.0,0.0,0,0,fhi:git
county,Vestland,2020-12-30,0,0,0,0,0.0,0.0,0,0,fhi:git
county,Vestland,2020-12-31,0,0,0,0,0.0,0.0,0,0,fhi:git
county,Vestland,2021-01-01,0,0,0,0,0.0,0.0,0,0,fhi:git
county,Vestland,2021-01-02,0,0,0,0,0.0,0.0,0,0,fhi:git
county,Vestland,2021-01-03,0,0,0,0,0.0,0.0,0,0,fhi:git
county,Vestland,2021-01-04,2,0,2,0,0.000313076746068147,0.0,2,2,fhi:git
county,Vestland,2021-01-05,416,0,418,0,0.0654330399282428,0.0,416,418,fhi:git
county,Vestland,2021-01-06,1254,0,1672,0,0.261732159712971,0.0,1254,1672,fhi:git
county,Vestland,2021-01-07,717,0,2389,0,0.37397017317840203,0.0,717,2389,fhi:git
county,Vestland,2021-01-08,139,0,2528,0,0.3957290070301379,0.0,139,2528,fhi:git
county,Vestland,2021-01-09,0,0,2528,0,0.3957290070301379,0.0,0,2528,fhi:git
county,Vestland,2021-01-10,0,0,2528,0,0.3957290070301379,0.0,0,2528,fhi:git
county,Vestland,2021-01-11,65,0,2593,0,0.40590400127735293,0.0,65,2593,fhi:git
county,Vestland,2021-01-12,855,0,3448,0,0.5397443102214861,0.0,855,3448,fhi:git
county,Vestland,2021-01-13,1125,0,4573,0,0.7158499798848191,0.0,1125,4573,fhi:git
county,Vestland,2021-01-14,997,0,5570,0,0.8719187377997909,0.0,997,5570,fhi:git
county,Vestland,2021-01-15,424,0,5994,0,0.938291007966238,0.0,424,5994,fhi:git
county,Vestland,2021-01-16,2,0,5996,0,0.9386040847123059,0.0,2,5996,fhi:git
county,Vestland,2021-01-17,1,0,5997,0,0.9387606230853399,0.0,1,5997,fhi:git
county,Vestland,2021-01-18,62,0,6059,0,0.948466002213453,0.0,62,6059,fhi:git
county,Vestland,2021-01-19,368,0,6427,0,1.0060721234899899,0.0,368,6427,fhi:git
county,Vestland,2021-01-20,1235,0,7662,0,1.1993970141870702,0.0,1235,7662,fhi:git
county,Vestland,2021-01-21,783,0,8445,0,1.32196656027275,0.0,783,8445,fhi:git
county,Vestland,2021-01-22,313,0,8758,0,1.3709630710324199,0.0,313,8758,fhi:git
county,Vestland,2021-01-23,0,0,8758,0,1.3709630710324199,0.0,0,8758,fhi:git
county,Vestland,2021-01-24,0,0,8758,0,1.3709630710324199,0.0,0,8758,fhi:git
county,Vestland,2021-01-25,2,0,8760,0,1.3712761477784898,0.0,2,8760,fhi:git
county,Vestland,2021-01-26,152,174,8912,174,1.3950699804796698,0.0272376769079288,326,9086,fhi:git
county,Vestland,2021-01-27,1590,1208,10502,1382,1.6439659936038402,0.21633603153309,2798,11884,fhi:git
county,Vestland,2021-01-28,1932,676,12434,2058,1.9463981303056699,0.32215597170412397,2608,14492,fhi:git
county,Vestland,2021-01-29,481,176,12915,2234,2.02169308773506,0.34970672535812103,657,15149,fhi:git
county,Vestland,2021-01-30,1,0,12916,2234,2.0218496261081,0.34970672535812103,1,15150,fhi:git
county,Vestland,2021-01-31,1,0,12917,2234,2.02200616448113,0.34970672535812103,1,15151,fhi:git
county,Vestland,2021-02-01,13,59,12930,2293,2.0240411633305704,0.3589424893671311,72,15223,fhi:git
county,Vestland,2021-02-02,722,581,13652,2874,2.13706186866117,0.449891284099928,1303,16526,fhi:git
county,Vestland,2021-02-03,2828,1039,16480,3913,2.5797523876015296,0.61253465368233,3867,20393,fhi:git
county,Vestland,2021-02-04,2580,1057,19060,4970,2.9836213900294397,0.777995713979346,3637,24030,fhi:git
county,Vestland,2021-02-05,911,486,19971,5456,3.12622784786349,0.8540733632739058,1397,25427,fhi:git
county,Vestland,2021-02-06,0,2,19971,5458,3.12622784786349,0.8543864400199741,2,25429,fhi:git
county,Vestland,2021-02-07,2,1,19973,5459,3.1265409246095497,0.854542978393008,3,25432,fhi:git
county,Vestland,2021-02-08,8,49,19981,5508,3.12779323159383,0.862213358671678,57,25489,fhi:git
county,Vestland,2021-02-09,886,305,20867,5813,3.26648623010202,0.9099575624470699,1191,26680,fhi:git
county,Vestland,2021-02-10,2750,970,23617,6783,3.69696675594572,1.06179978429012,3720,30400,fhi:git
county,Vestland,2021-02-11,2693,834,26310,7617,4.1185245945264795,1.1923527874005402,3527,33927,fhi:git
county,Vestland,2021-02-12,616,457,26926,8074,4.21495223231547,1.26389082387711,1073,35000,fhi:git
county,Vestland,2021-02-13,0,0,26926,8074,4.21495223231547,1.26389082387711,0,35000,fhi:git
county,Vestland,2021-02-14,0,2,26926,8076,4.21495223231547,1.26420390062318,2,35002,fhi:git
county,Vestland,2021-02-15,92,1,27018,8077,4.2293537626346,1.26436043899621,93,35095,fhi:git
county,Vestland,2021-02-16,1059,56,28077,8133,4.395127899677689,1.27312658788612,1115,36210,fhi:git
county,Vestland,2021-02-17,2673,1325,30750,9458,4.813554970797769,1.4805399321562702,3998,40208,fhi:git
county,Vestland,2021-02-18,1969,1974,32719,11432,5.12177902730186,1.78954668052553,3943,44151,fhi:git
county,Vestland,2021-02-19,1132,539,33851,11971,5.29898046557643,1.8739208635909,1671,45822,fhi:git
county,Vestland,2021-02-20,1,3,33852,11974,5.299137003949459,1.8743904787099999,4,45826,fhi:git
county,Vestland,2021-02-21,0,1,33852,11975,5.299137003949459,1.87454701708303,1,45827,fhi:git
county,Vestland,2021-02-22,48,2,33900,11977,5.306650845855099,1.8748600938291002,50,45877,fhi:git
county,Vestland,2021-02-23,509,590,34409,12567,5.386328877729441,1.9672177339192,1099,46976,fhi:git
county,Vestland,2021-02-24,1308,2380,35717,14947,5.59108106965801,2.3397790617402996,3688,50664,fhi:git
county,Vestland,2021-02-25,1235,2638,36952,17585,5.78440596035509,2.7527272898041897,3873,54537,fhi:git
county,Vestland,2021-02-26,1380,869,38332,18454,6.000428915142111,2.8887591359708,2249,56786,fhi:git
county,Vestland,2021-02-27,1,0,38333,18454,6.000585453515151,2.8887591359708,1,56787,fhi:git
county,Vestland,2021-02-28,0,7,38333,18461,6.000585453515151,2.8898549045820405,7,56794,fhi:git
county,Vestland,2021-03-01,434,11,38767,18472,6.06852310741194,2.89157682668541,445,57239,fhi:git
county,Vestland,2021-03-02,1290,747,40057,19219,6.27045760862589,3.0085109913418595,2037,59276,fhi:git
county,Vestland,2021-03-03,1683,2004,41740,21223,6.53391169044224,3.3222138909021495,3687,62963,fhi:git
county,Vestland,2021-03-04,1730,2770,43470,23993,6.8047230757911805,3.7558251842065298,4500,67463,fhi:git
county,Vestland,2021-03-05,1146,869,44616,24862,6.984116051288231,3.89185703037314,2015,69478,fhi:git
county,Vestland,2021-03-06,1,6,44617,24868,6.984272589661269,3.8927962606113398,7,69485,fhi:git
county,Vestland,2021-03-07,0,0,44617,24868,6.984272589661269,3.8927962606113398,0,69485,fhi:git
county,Trøndelag,2020-12-27,0,0,0,0,0.0,0.0,0,0,fhi:git
county,Trøndelag,2020-12-28,0,0,0,0,0.0,0.0,0,0,fhi:git
county,Trøndelag,2020-12-29,0,0,0,0,0.0,0.0,0,0,fhi:git
county,Trøndelag,2020-12-30,0,0,0,0,0.0,0.0,0,0,fhi:git
county,Trøndelag,2020-12-31,0,0,0,0,0.0,0.0,0,0,fhi:git
county,Trøndelag,2021-01-01,0,0,0,0,0.0,0.0,0,0,fhi:git
county,Trøndelag,2021-01-02,0,0,0,0,0.0,0.0,0,0,fhi:git
county,Trøndelag,2021-01-03,0,0,0,0,0.0,0.0,0,0,fhi:git
county,Trøndelag,2021-01-04,3,0,3,0,0.000636775031626493,0.0,3,3,fhi:git
county,Trøndelag,2021-01-05,407,0,410,0,0.0870259209889541,0.0,407,410,fhi:git
county,Trøndelag,2021-01-06,674,0,1084,0,0.23008804476104003,0.0,674,1084,fhi:git
county,Trøndelag,2021-01-07,484,0,1568,0,0.332821083196781,0.0,484,1568,fhi:git
county,Trøndelag,2021-01-08,141,0,1709,0,0.36274950968322606,0.0,141,1709,fhi:git
county,Trøndelag,2021-01-09,0,0,1709,0,0.36274950968322606,0.0,0,1709,fhi:git
county,Trøndelag,2021-01-10,0,0,1709,0,0.36274950968322606,0.0,0,1709,fhi:git
county,Trøndelag,2021-01-11,95,0,1804,0,0.38291405235139797,0.0,95,1804,fhi:git
county,Trøndelag,2021-01-12,500,0,2304,0,0.48904322428914704,0.0,500,2304,fhi:git
county,Trøndelag,2021-01-13,859,0,3163,0,0.6713731416781991,0.0,859,3163,fhi:git
county,Trøndelag,2021-01-14,670,0,3833,0,0.813586232074783,0.0,670,3833,fhi:git
county,Trøndelag,2021-01-15,253,0,4086,0,0.867287593075284,0.0,253,4086,fhi:git
county,Trøndelag,2021-01-16,0,0,4086,0,0.867287593075284,0.0,0,4086,fhi:git
county,Trøndelag,2021-01-17,0,0,4086,0,0.867287593075284,0.0,0,4086,fhi:git
county,Trøndelag,2021-01-18,152,0,4238,0,0.899550861344359,0.0,152,4238,fhi:git
county,Trøndelag,2021-01-19,568,0,4806,0,1.0201136006656402,0.0,568,4806,fhi:git
county,Trøndelag,2021-01-20,734,0,5540,0,1.17591122507026,0.0,734,5540,fhi:git
county,Trøndelag,2021-01-21,524,0,6064,0,1.28713459726102,0.0,524,6064,fhi:git
county,Trøndelag,2021-01-22,283,0,6347,0,1.3472037085777802,0.0,283,6347,fhi:git
county,Trøndelag,2021-01-23,1,0,6348,0,1.34741596692166,0.0,1,6348,fhi:git
county,Trøndelag,2021-01-24,0,0,6348,0,1.34741596692166,0.0,0,6348,fhi:git
county,Trøndelag,2021-01-25,1,0,6349,0,1.3476282252655403,0.0,1,6349,fhi:git
county,Trøndelag,2021-01-26,313,184,6662,184,1.41406508689857,0.0390555352730916,497,6846,fhi:git
county,Trøndelag,2021-01-27,993,590,7655,774,1.62483762236694,0.164287958159635,1583,8429,fhi:git
county,Trøndelag,2021-01-28,727,481,8382,1255,1.77914943836442,0.26638422156374997,1208,9637,fhi:git
county,Trøndelag,2021-01-29,419,229,8801,1484,1.86808568444826,0.314991382311239,648,10285,fhi:git
county,Trøndelag,2021-01-30,1,0,8802,1484,1.8682979427921298,0.314991382311239,1,10286,fhi:git
county,Trøndelag,2021-01-31,1,1,8803,1485,1.86851020113601,0.315203640655114,2,10288,fhi:git
county,Trøndelag,2021-02-01,14,86,8817,1571,1.8714818179502601,0.33345785822840696,100,10388,fhi:git
county,Trøndelag,2021-02-02,833,392,9650,1963,2.04829301839855,0.41666312902760205,1225,11613,fhi:git
county,Trøndelag,2021-02-03,2118,808,11768,2771,2.4978561907268597,0.588167870879004,2926,14539,fhi:git
county,Trøndelag,2021-02-04,2128,597,13896,3368,2.94954194649392,0.7148861021726759,2725,17264,fhi:git
county,Trøndelag,2021-02-05,1293,320,15189,3688,3.2239919851249397,0.782808772212836,1613,18877,fhi:git
county,Trøndelag,2021-02-06,7,0,15196,3688,3.2254777935320598,0.782808772212836,7,18884,fhi:git
county,Trøndelag,2021-02-07,1,0,15197,3688,3.22569005187594,0.782808772212836,1,18885,fhi:git
county,Trøndelag,2021-02-08,3,150,15200,3838,3.22632682690757,0.8146475237941609,153,19038,fhi:git
county,Trøndelag,2021-02-09,836,523,16036,4361,3.4037748023874803,0.925658637641046,1359,20397,fhi:git
county,Trøndelag,2021-02-10,2223,625,18259,4986,3.8756251008227096,1.05832010256323,2848,23245,fhi:git
county,Trøndelag,2021-02-11,2340,579,20599,5565,4.37230962549138,1.1812176836671497,2919,26164,fhi:git
county,Trøndelag,2021-02-12,891,344,21490,5909,4.561431809884451,1.2542345539603201,1235,27399,fhi:git
county,Trøndelag,2021-02-13,1,0,21491,5909,4.56164406822832,1.2542345539603201,1,27400,fhi:git
county,Trøndelag,2021-02-14,0,0,21491,5909,4.56164406822832,1.2542345539603201,0,27400,fhi:git
county,Trøndelag,2021-02-15,0,2,21491,5911,4.56164406822832,1.25465907064807,2,27402,fhi:git
county,Trøndelag,2021-02-16,338,210,21829,6121,4.63338738845824,1.29923332286192,548,27950,fhi:git
county,Trøndelag,2021-02-17,2236,901,24065,7022,5.10799704536385,1.49047809069375,3137,31087,fhi:git
county,Trøndelag,2021-02-18,2087,751,26152,7773,5.550980209032019,1.64988410694424,2838,33925,fhi:git
county,Trøndelag,2021-02-19,1258,409,27410,8182,5.81800120562739,1.7366977695893202,1667,35592,fhi:git
county,Trøndelag,2021-02-20,0,1,27410,8183,5.81800120562739,1.7369100279332,1,35593,fhi:git
county,Trøndelag,2021-02-21,0,1,27410,8184,5.81800120562739,1.73712228627707,1,35594,fhi:git
county,Trøndelag,2021-02-22,18,1,27428,8185,5.8218218558171495,1.7373345446209498,19,35613,fhi:git
county,Trøndelag,2021-02-23,334,672,27762,8857,5.892716142671571,1.8799721517052799,1006,36619,fhi:git
county,Trøndelag,2021-02-24,974,2035,28736,10892,6.099455769606299,2.31191788149192,3009,39628,fhi:git
county,Trøndelag,2021-02-25,463,1956,29199,12848,6.19773138282066,2.7270952021124,2419,42047,fhi:git
county,Trøndelag,2021-02-26,611,1140,29810,13988,6.32742123092859,2.96906971413046,1751,43798,fhi:git
county,Trøndelag,2021-02-27,4,1,29814,13989,6.32827026430409,2.96928197247434,5,43803,fhi:git
county,Trøndelag,2021-02-28,1,0,29815,13989,6.3284825226479695,2.96928197247434,1,43804,fhi:git
county,Trøndelag,2021-03-01,509,0,30324,13989,6.43652201968059,2.96928197247434,509,44313,fhi:git
county,Trøndelag,2021-03-02,815,780,31139,14769,6.6095125699391195,3.13484348069723,1595,45908,fhi:git
county,Trøndelag,2021-03-03,1970,2047,33109,16816,7.027661507373849,3.56933631061037,4017,49925,fhi:git
county,Trøndelag,2021-03-04,1864,2250,34973,19066,7.42331106035778,4.046917584330241,4114,54039,fhi:git
county,Trøndelag,2021-03-05,933,939,35906,20005,7.621348095193619,4.2462281692293296,1872,55911,fhi:git
county,Trøndelag,2021-03-06,0,0,35906,20005,7.621348095193619,4.2462281692293296,0,55911,fhi:git
county,Trøndelag,2021-03-07,1,0,35907,20005,7.6215603535375,4.2462281692293296,1,55912,fhi:git
county,Troms og Finnmark,2020-12-27,0,0,0,0,0.0,0.0,0,0,fhi:git
county,Troms og Finnmark,2020-12-28,1,0,1,0,0.00041099662571770297,0.0,1,1,fhi:git
county,Troms og Finnmark,2020-12-29,0,0,1,0,0.00041099662571770297,0.0,0,1,fhi:git
county,Troms og Finnmark,2020-12-30,0,0,1,0,0.00041099662571770297,0.0,0,1,fhi:git
county,Troms og Finnmark,2020-12-31,0,0,1,0,0.00041099662571770297,0.0,0,1,fhi:git
county,Troms og Finnmark,2021-01-01,0,0,1,0,0.00041099662571770297,0.0,0,1,fhi:git
county,Troms og Finnmark,2021-01-02,0,0,1,0,0.00041099662571770297,0.0,0,1,fhi:git
county,Troms og Finnmark,2021-01-03,0,0,1,0,0.00041099662571770297,0.0,0,1,fhi:git
county,Troms og Finnmark,2021-01-04,0,0,1,0,0.00041293647385286204,0.0,0,1,fhi:git
county,Troms og Finnmark,2021-01-05,53,0,54,0,0.0222985695880546,0.0,53,54,fhi:git
county,Troms og Finnmark,2021-01-06,530,0,584,0,0.241154900730072,0.0,530,584,fhi:git
county,Troms og Finnmark,2021-01-07,187,0,771,0,0.318374021340557,0.0,187,771,fhi:git
county,Troms og Finnmark,2021-01-08,247,0,1018,0,0.42036933038221397,0.0,247,1018,fhi:git
county,Troms og Finnmark,2021-01-09,0,0,1018,0,0.42036933038221397,0.0,0,1018,fhi:git
county,Troms og Finnmark,2021-01-10,0,0,1018,0,0.42036933038221397,0.0,0,1018,fhi:git
county,Troms og Finnmark,2021-01-11,1,0,1019,0,0.420782266856067,0.0,1,1019,fhi:git
county,Troms og Finnmark,2021-01-12,188,0,1207,0,0.498414323940405,0.0,188,1207,fhi:git
county,Troms og Finnmark,2021-01-13,568,0,1775,0,0.732962241088831,0.0,568,1775,fhi:git
county,Troms og Finnmark,2021-01-14,330,0,2105,0,0.8692312774602758,0.0,330,2105,fhi:git
county,Troms og Finnmark,2021-01-15,37,0,2142,0,0.8845099269928319,0.0,37,2142,fhi:git
county,Troms og Finnmark,2021-01-16,2,0,2144,0,0.8853357999405369,0.0,2,2144,fhi:git
county,Troms og Finnmark,2021-01-17,1,0,2145,0,0.88574873641439,0.0,1,2145,fhi:git
county,Troms og Finnmark,2021-01-18,0,1,2145,1,0.88574873641439,0.00041293647385286204,1,2146,fhi:git
county,Troms og Finnmark,2021-01-19,248,0,2393,1,0.9881569819299001,0.00041293647385286204,248,2394,fhi:git
county,Troms og Finnmark,2021-01-20,914,0,3307,1,1.36558091903142,0.00041293647385286204,914,3308,fhi:git
county,Troms og Finnmark,2021-01-21,248,0,3555,1,1.4679891645469298,0.00041293647385286204,248,3556,fhi:git
county,Troms og Finnmark,2021-01-22,81,0,3636,1,1.50143701892901,0.00041293647385286204,81,3637,fhi:git
county,Troms og Finnmark,2021-01-23,12,0,3648,1,1.50639225661524,0.00041293647385286204,12,3649,fhi:git
county,Troms og Finnmark,2021-01-24,0,0,3648,1,1.50639225661524,0.00041293647385286204,0,3649,fhi:git
county,Troms og Finnmark,2021-01-25,6,0,3654,1,1.50886987545836,0.00041293647385286204,6,3655,fhi:git
county,Troms og Finnmark,2021-01-26,84,0,3738,1,1.543556539262,0.00041293647385286204,84,3739,fhi:git
county,Troms og Finnmark,2021-01-27,667,357,4405,358,1.8189851673218602,0.14783125763932503,1024,4763,fhi:git
county,Troms og Finnmark,2021-01-28,235,275,4640,633,1.91602523867728,0.261388787948862,510,5273,fhi:git
county,Troms og Finnmark,2021-01-29,103,243,4743,876,1.9585576954841297,0.36173235109510793,346,5619,fhi:git
county,Troms og Finnmark,2021-01-30,0,0,4743,876,1.9585576954841297,0.36173235109510793,0,5619,fhi:git
county,Troms og Finnmark,2021-01-31,0,0,4743,876,1.9585576954841297,0.36173235109510793,0,5619,fhi:git
county,Troms og Finnmark,2021-02-01,0,2,4743,878,1.9585576954841297,0.36255822404281296,2,5621,fhi:git
county,Troms og Finnmark,2021-02-02,121,21,4864,899,2.00852300882032,0.371229889993723,142,5763,fhi:git
county,Troms og Finnmark,2021-02-03,1159,562,6023,1461,2.48711638201579,0.603300188299032,1721,7484,fhi:git
county,Troms og Finnmark,2021-02-04,1149,379,7172,1840,2.96158039047273,0.7598031118892671,1528,9012,fhi:git
county,Troms og Finnmark,2021-02-05,286,140,7458,1980,3.07968022199465,0.817614218228668,426,9438,fhi:git
county,Troms og Finnmark,2021-02-06,1,1,7459,1981,3.0800931584685,0.818027154702521,2,9440,fhi:git
county,Troms og Finnmark,2021-02-07,0,1,7459,1982,3.0800931584685,0.818440091176374,1,9441,fhi:git
county,Troms og Finnmark,2021-02-08,0,0,7459,1982,3.0800931584685,0.818440091176374,0,9441,fhi:git
county,Troms og Finnmark,2021-02-09,72,26,7531,2008,3.1098245845859105,0.8291764394965481,98,9539,fhi:git
county,Troms og Finnmark,2021-02-10,1407,803,8938,2811,3.69082620329688,1.1607644280004,2210,11749,fhi:git
county,Troms og Finnmark,2021-02-11,996,466,9934,3277,4.10211093125434,1.35319282481583,1462,13211,fhi:git
county,Troms og Finnmark,2021-02-12,294,113,10228,3390,4.22351425456708,1.3998546463611998,407,13618,fhi:git
county,Troms og Finnmark,2021-02-13,5,2,10233,3392,4.22557893693634,1.4006805193089098,7,13625,fhi:git
county,Troms og Finnmark,2021-02-14,0,0,10233,3392,4.22557893693634,1.4006805193089098,0,13625,fhi:git
county,Troms og Finnmark,2021-02-15,0,6,10233,3398,4.22557893693634,1.4031581381520302,6,13631,fhi:git
county,Troms og Finnmark,2021-02-16,131,52,10364,3450,4.2796736150110695,1.4246308347923797,183,13814,fhi:git
county,Troms og Finnmark,2021-02-17,959,581,11323,4031,4.67567969343596,1.66454692610089,1540,15354,fhi:git
county,Troms og Finnmark,2021-02-18,1284,262,12607,4293,5.20589012586304,1.77273628225034,1546,16900,fhi:git
county,Troms og Finnmark,2021-02-19,234,132,12841,4425,5.302517260744611,1.82724389679892,366,17266,fhi:git
county,Troms og Finnmark,2021-02-20,0,0,12841,4425,5.302517260744611,1.82724389679892,0,17266,fhi:git
county,Troms og Finnmark,2021-02-21,0,0,12841,4425,5.302517260744611,1.82724389679892,0,17266,fhi:git
county,Troms og Finnmark,2021-02-22,107,0,12948,4425,5.34670146344686,1.82724389679892,107,17373,fhi:git
county,Troms og Finnmark,2021-02-23,79,78,13027,4503,5.37932344488124,1.85945294175944,157,17530,fhi:git
county,Troms og Finnmark,2021-02-24,409,987,13436,5490,5.54821446268706,2.26702124145222,1396,18926,fhi:git
county,Troms og Finnmark,2021-02-25,567,1051,14003,6541,5.78234944336163,2.70101747547157,1618,20544,fhi:git
county,Troms og Finnmark,2021-02-26,155,403,14158,6944,5.846354596808831,2.86743087443428,558,21102,fhi:git
county,Troms og Finnmark,2021-02-27,0,0,14158,6944,5.846354596808831,2.86743087443428,0,21102,fhi:git
county,Troms og Finnmark,2021-02-28,3,0,14161,6944,5.8475934062303905,2.86743087443428,3,21105,fhi:git
county,Troms og Finnmark,2021-03-01,319,0,14480,6944,5.97932014138945,2.86743087443428,319,21424,fhi:git
county,Troms og Finnmark,2021-03-02,541,72,15021,7016,6.20271877374385,2.8971623005516802,613,22037,fhi:git
county,Troms og Finnmark,2021-03-03,388,1178,15409,8194,6.36293812559876,3.38360146675036,1566,23603,fhi:git
county,Troms og Finnmark,2021-03-04,652,889,16061,9083,6.632172706550831,3.7507019920055495,1541,25144,fhi:git
county,Troms og Finnmark,2021-03-05,450,370,16511,9453,6.81799411978461,3.9034884873311095,820,25964,fhi:git
county,Troms og Finnmark,2021-03-06,0,0,16511,9453,6.81799411978461,3.9034884873311095,0,25964,fhi:git
county,Troms og Finnmark,2021-03-07,0,0,16511,9453,6.81799411978461,3.9034884873311095,0,25964,fhi:git
nation,Norge,2020-12-27,5,0,5,0,9.31518486915891e-05,0.0,5,5,fhi:git
nation,Norge,2020-12-28,603,0,608,0,0.0113272648008972,0.0,603,608,fhi:git
nation,Norge,2020-12-29,1067,0,1675,0,0.0312058693116824,0.0,1067,1675,fhi:git
nation,Norge,2020-12-30,424,0,2099,0,0.0391051460807291,0.0,424,2099,fhi:git
nation,Norge,2020-12-31,72,0,2171,0,0.040446532701888,0.0,72,2171,fhi:git
nation,Norge,2021-01-01,6,0,2177,0,0.0405583149203179,0.0,6,2177,fhi:git
nation,Norge,2021-01-02,0,0,2177,0,0.0405583149203179,0.0,0,2177,fhi:git
nation,Norge,2021-01-03,3,0,2180,0,0.0406142060295329,0.0,3,2180,fhi:git
nation,Norge,2021-01-04,6,0,2186,0,0.040546287965079,0.0,6,2186,fhi:git
nation,Norge,2021-01-05,3384,0,5570,0,0.10331327720287699,0.0,3384,5570,fhi:git
nation,Norge,2021-01-06,9063,0,14633,0,0.271415293592407,0.0,9063,14633,fhi:git
nation,Norge,2021-01-07,6573,0,21206,0,0.393332379957669,0.0,6573,21206,fhi:git
nation,Norge,2021-01-08,1616,0,22822,0,0.423306214061772,0.0,1616,22822,fhi:git
nation,Norge,2021-01-09,135,0,22957,0,0.425810216292003,0.0,135,22957,fhi:git
nation,Norge,2021-01-10,107,0,23064,0,0.42779486991152005,0.0,107,23064,fhi:git
nation,Norge,2021-01-11,351,0,23415,0,0.434305275710121,0.0,351,23415,fhi:git
nation,Norge,2021-01-12,4254,0,27669,0,0.51320916820941,0.0,4254,27669,fhi:git
nation,Norge,2021-01-13,9773,0,37442,0,0.6944803815134899,0.0,9773,37442,fhi:git
nation,Norge,2021-01-14,8471,0,45913,0,0.8516018844193379,0.0,8471,45913,fhi:git
nation,Norge,2021-01-15,4471,0,50384,0,0.934530728651665,0.0,4471,50384,fhi:git
nation,Norge,2021-01-16,744,0,51128,0,0.9483305631649399,0.0,744,51128,fhi:git
nation,Norge,2021-01-17,345,5,51473,5,0.9547296799755309,9.27408233419007e-05,350,51478,fhi:git
nation,Norge,2021-01-18,1283,283,52756,288,0.978526975245063,0.00534187142449348,1566,53044,fhi:git
nation,Norge,2021-01-19,4584,771,57340,1059,1.0635517620849202,0.0196425063838146,5355,58399,fhi:git
nation,Norge,2021-01-20,10045,693,67385,1752,1.2498680761788,0.032496384499002,10738,69137,fhi:git
nation,Norge,2021-01-21,8424,168,75809,1920,1.40611781534523,0.0356124761632899,8592,77729,fhi:git
nation,Norge,2021-01-22,3309,7,79118,1927,1.4674936922329,0.0357423133159685,3316,81045,fhi:git
nation,Norge,2021-01-23,357,0,79475,1927,1.47411538701951,0.0357423133159685,357,81402,fhi:git
nation,Norge,2021-01-24,67,0,79542,1927,1.47535811405229,0.0357423133159685,67,81469,fhi:git
nation,Norge,2021-01-25,577,0,80119,1927,1.4860604050659498,0.0357423133159685,577,82046,fhi:git
nation,Norge,2021-01-26,2273,2140,82392,4067,1.5282203833571801,0.0754353857063021,4413,86459,fhi:git
nation,Norge,2021-01-27,11378,7525,93770,11592,1.73926140095401,0.215010324835863,18903,105362,fhi:git
nation,Norge,2021-01-28,10861,6547,104631,18139,1.94071301741728,0.336445158919747,17408,122770,fhi:git
nation,Norge,2021-01-29,3797,2105,108428,20244,2.01114039866312,0.375489045546688,5902,128672,fhi:git
nation,Norge,2021-01-30,139,172,108567,20416,2.01371859355203,0.378679329869649,311,128983,fhi:git
nation,Norge,2021-01-31,95,50,108662,20466,2.01548066919552,0.379606738103068,145,129128,fhi:git
nation,Norge,2021-02-01,194,300,108856,20766,2.01907901314119,0.38517118750358204,494,129622,fhi:git
nation,Norge,2021-02-02,6335,3138,115191,23904,2.1365816363153796,0.443375328232959,9473,139095,fhi:git
nation,Norge,2021-02-03,25063,8304,140254,32208,2.60145428739899,0.597399287639188,33367,172462,fhi:git
nation,Norge,2021-02-04,25915,8586,166169,40794,3.08212997478006,0.7566538294819001,34501,206963,fhi:git
nation,Norge,2021-02-05,10607,4828,176776,45622,3.2788703574175697,0.8462043685008391,15435,222398,fhi:git
nation,Norge,2021-02-06,802,735,177578,46357,3.2937459854816096,0.859837269532098,1537,223935,fhi:git
nation,Norge,2021-02-07,320,294,177898,46651,3.2996813981754904,0.8652904299446021,614,224549,fhi:git
nation,Norge,2021-02-08,118,923,178016,47574,3.30187008160636,0.8824103859335171,1041,225590,fhi:git
nation,Norge,2021-02-09,5522,3234,183538,50808,3.4042930469051598,0.942395150471058,8756,234346,fhi:git
nation,Norge,2021-02-10,22905,8592,206443,59400,3.8291387586343997,1.1017609813017801,31497,265843,fhi:git
nation,Norge,2021-02-11,20880,8531,227323,67931,4.216424436910181,1.25999537408773,29411,295254,fhi:git
nation,Norge,2021-02-12,8028,3592,235351,71523,4.36532910286794,1.32662038157655,11620,306874,fhi:git
nation,Norge,2021-02-13,889,304,236240,71827,4.38181842125813,1.33225902363574,1193,308067,fhi:git
nation,Norge,2021-02-14,110,2,236350,71829,4.383858719371649,1.33229611996508,112,308179,fhi:git
nation,Norge,2021-02-15,798,749,237148,72578,4.398660154777019,1.3461886953016897,1547,309726,fhi:git
nation,Norge,2021-02-16,5909,2167,243057,74745,4.508261259802469,1.3863825681380701,8076,317802,fhi:git
nation,Norge,2021-02-17,21612,10144,264669,84889,4.90912419461551,1.5745351505341203,31756,349558,fhi:git
nation,Norge,2021-02-18,18655,10761,283324,95650,5.25514020650414,1.77413195053056,29416,378974,fhi:git
nation,Norge,2021-02-19,10688,4780,294012,100430,5.45338299047978,1.86279217764542,15468,394442,fhi:git
nation,Norge,2021-02-20,479,163,294491,100593,5.46226756135594,1.86581552848636,642,395084,fhi:git
nation,Norge,2021-02-21,57,94,294548,100687,5.46332480674204,1.86755905596519,151,395235,fhi:git
nation,Norge,2021-02-22,2562,138,297110,100825,5.51084520462243,1.87011870268943,2700,397935,fhi:git
nation,Norge,2021-02-23,5653,5182,302763,106007,5.61569797949278,1.96623529200097,10835,408770,fhi:git
nation,Norge,2021-02-24,10597,22163,313360,128170,5.8122528804836,2.37731826554628,32760,441530,fhi:git
nation,Norge,2021-02-25,10710,24953,324070,153123,6.01090372408195,2.84015061851637,35663,477193,fhi:git
nation,Norge,2021-02-26,7790,9875,331860,162998,6.155393926848639,3.02331374461663,17665,494858,fhi:git
nation,Norge,2021-02-27,440,190,332300,163188,6.16355511930272,3.02683789590362,630,495488,fhi:git
nation,Norge,2021-02-28,536,151,332836,163339,6.17349693556498,3.0296386687685497,687,496175,fhi:git
nation,Norge,2021-03-01,5598,60,338434,163399,6.277329561378571,3.03075155864865,5658,501833,fhi:git
nation,Norge,2021-03-02,10032,3766,348466,167165,6.463404749331759,3.10060394678977,13798,515631,fhi:git
nation,Norge,2021-03-03,16812,17553,365278,184718,6.775236493736559,3.4261798812138395,34365,549996,fhi:git
nation,Norge,2021-03-04,15063,18040,380341,202758,7.05462749813637,3.76078877183142,33103,583099,fhi:git
nation,Norge,2021-03-05,10359,6209,390700,208967,7.24676793593612,3.8759543262573906,16568,599667,fhi:git
nation,Norge,2021-03-06,285,452,390985,209419,7.25205416286661,3.8843380966875,737,600404,fhi:git
nation,Norge,2021-03-07,87,0,391072,209419,7.25366785319276,3.8843380966875,87,600491,fhi:git
