granularity_geo,location_name,date,new_dose_1,new_dose_2,total_dose_1,total_dose_2,total_pr100_dose_1,total_pr100_dose_2,new_doses,total_doses,source
county,Oslo,2020-12-27,5,0,5,0,0.00072098677133472,0.0,5,5,fhi:git
county,Oslo,2020-12-28,264,0,269,0,0.0387890882978079,0.0,264,269,fhi:git
county,Oslo,2020-12-29,118,0,387,0,0.0558043761013073,0.0,118,387,fhi:git
county,Oslo,2020-12-30,58,0,445,0,0.06416782264879001,0.0,58,445,fhi:git
county,Oslo,2020-12-31,5,0,450,0,0.0648888094201248,0.0,5,450,fhi:git
county,Oslo,2021-01-01,6,0,456,0,0.0657539935457264,0.0,6,456,fhi:git
county,Oslo,2021-01-02,0,0,456,0,0.0657539935457264,0.0,0,456,fhi:git
county,Oslo,2021-01-03,0,0,456,0,0.0657539935457264,0.0,0,456,fhi:git
county,Oslo,2021-01-04,0,0,456,0,0.06542230384069099,0.0,0,456,fhi:git
county,Oslo,2021-01-05,480,0,936,0,0.13428788683089202,0.0,480,936,fhi:git
county,Oslo,2021-01-06,604,0,1540,0,0.220943745426895,0.0,604,1540,fhi:git
county,Oslo,2021-01-07,967,0,2507,0,0.359679201159237,0.0,967,2507,fhi:git
county,Oslo,2021-01-08,450,0,2957,0,0.42424068521255104,0.0,450,2957,fhi:git
county,Oslo,2021-01-09,127,0,3084,0,0.44246137071204106,0.0,127,3084,fhi:git
county,Oslo,2021-01-10,100,0,3184,0,0.45680836716833295,0.0,100,3184,fhi:git
county,Oslo,2021-01-11,76,0,3260,0,0.46771208447511503,0.0,76,3260,fhi:git
county,Oslo,2021-01-12,241,0,3501,0,0.502288345934779,0.0,241,3501,fhi:git
county,Oslo,2021-01-13,489,0,3990,0,0.572445158606046,0.0,489,3990,fhi:git
county,Oslo,2021-01-14,1236,0,5226,0,0.749774034805813,0.0,1236,5226,fhi:git
county,Oslo,2021-01-15,1637,0,6863,0,0.984634366795311,0.0,1637,6863,fhi:git
county,Oslo,2021-01-16,645,0,7508,0,1.07717249393839,0.0,645,7508,fhi:git
county,Oslo,2021-01-17,276,5,7784,5,1.11677020415776,0.0007173498228145941,281,7789,fhi:git
county,Oslo,2021-01-18,761,231,8545,236,1.22595084719014,0.0338589116368488,992,8781,fhi:git
county,Oslo,2021-01-19,810,70,9355,306,1.3421615184861102,0.0439018091562531,880,9661,fhi:git
county,Oslo,2021-01-20,990,99,10345,405,1.4841967834033898,0.0581053356479821,1089,10750,fhi:git
county,Oslo,2021-01-21,1020,21,11365,426,1.6305361472575701,0.0611182049038034,1041,11791,fhi:git
county,Oslo,2021-01-22,667,6,12032,432,1.72623061362104,0.0619790246911809,673,12464,fhi:git
county,Oslo,2021-01-23,233,0,12265,432,1.7596591153641998,0.0619790246911809,233,12697,fhi:git
county,Oslo,2021-01-24,67,0,12332,432,1.76927160298991,0.0619790246911809,67,12764,fhi:git
county,Oslo,2021-01-25,258,0,12590,432,1.80628685384715,0.0619790246911809,258,13022,fhi:git
county,Oslo,2021-01-26,312,405,12902,837,1.85104948279078,0.120084360339163,717,13739,fhi:git
county,Oslo,2021-01-27,1035,527,13937,1364,1.9995408961133998,0.19569303166382102,1562,15301,fhi:git
county,Oslo,2021-01-28,869,843,14806,2207,2.12421629531858,0.316638211790362,1712,17013,fhi:git
county,Oslo,2021-01-29,424,503,15230,2710,2.18504756029325,0.38880360396551,927,17940,fhi:git
county,Oslo,2021-01-30,94,152,15324,2862,2.19853373696217,0.41061103857907305,246,18186,fhi:git
county,Oslo,2021-01-31,61,45,15385,2907,2.2072854048005097,0.417067186984405,106,18292,fhi:git
county,Oslo,2021-02-01,53,47,15438,2954,2.21488931292234,0.42381027531886206,100,18392,fhi:git
county,Oslo,2021-02-02,1524,150,16962,3104,2.4335375389162297,0.4453307700033,1674,20066,fhi:git
county,Oslo,2021-02-03,2456,456,19418,3560,2.78589977188276,0.510753073843991,2912,22978,fhi:git
county,Oslo,2021-02-04,2051,1232,21469,4792,3.0801566692012994,0.6875080701855071,3283,26261,fhi:git
county,Oslo,2021-02-05,1382,1568,22851,6360,3.27843216022726,0.912468974620163,2950,29211,fhi:git
county,Oslo,2021-02-06,243,632,23094,6992,3.31329536161605,1.00314199222393,875,30086,fhi:git
county,Oslo,2021-02-07,215,270,23309,7262,3.3441414039970696,1.04187888265592,485,30571,fhi:git
county,Oslo,2021-02-08,46,443,23355,7705,3.3507410223669702,1.10543607695729,489,31060,fhi:git
county,Oslo,2021-02-09,1165,244,24520,7949,3.51788353108277,1.1404427483106399,1409,32469,fhi:git
county,Oslo,2021-02-10,1831,811,26351,8760,3.7805770361974704,1.2567968895711699,2642,35111,fhi:git
county,Oslo,2021-02-11,1585,744,27936,9504,4.007976930029701,1.3635385432059801,2329,37440,fhi:git
county,Oslo,2021-02-12,1358,424,29294,9928,4.2028091419061395,1.42436980818066,1782,39222,fhi:git
county,Oslo,2021-02-13,273,194,29567,10122,4.241976442231819,1.45220298130586,467,39689,fhi:git
county,Oslo,2021-02-14,103,0,29670,10122,4.2567538485818,1.45220298130586,103,39792,fhi:git
county,Oslo,2021-02-15,261,444,29931,10566,4.29419950933272,1.5159036455718002,705,40497,fhi:git
county,Oslo,2021-02-16,722,771,30653,11337,4.397784823747149,1.6265189882498101,1493,41990,fhi:git
county,Oslo,2021-02-17,1459,1082,32112,12419,4.60710750204445,1.7817534899068899,2541,44531,fhi:git
county,Oslo,2021-02-18,1072,916,33184,13335,4.760907304055901,1.9131719774465201,1988,46519,fhi:git
county,Oslo,2021-02-19,1494,968,34678,14303,4.9752514311129,2.05205090314343,2462,48981,fhi:git
county,Oslo,2021-02-20,100,114,34778,14417,4.989598427569191,2.0684064791036,214,49195,fhi:git
county,Oslo,2021-02-21,4,61,34782,14478,4.99017230742744,2.07715814694194,65,49260,fhi:git
county,Oslo,2021-02-22,603,113,35385,14591,5.07668469605888,2.0933702529375497,716,49976,fhi:git
county,Oslo,2021-02-23,336,1528,35721,16119,5.12489060415202,2.31259235878969,1864,51840,fhi:git
county,Oslo,2021-02-24,687,2339,36408,18458,5.22345446980675,2.64816860590235,3026,54866,fhi:git
county,Oslo,2021-02-25,597,1953,37005,20411,5.3091060386508095,2.9283654466937405,2550,57416,fhi:git
county,Oslo,2021-02-26,765,1370,37770,21781,5.4188605615414405,3.12491929814493,2135,59551,fhi:git
county,Oslo,2021-02-27,258,101,38028,21882,5.45587581239867,3.1394097645657904,359,59910,fhi:git
county,Oslo,2021-02-28,101,62,38129,21944,5.47036627881953,3.14830490236869,163,60073,fhi:git
county,Oslo,2021-03-01,1037,38,39166,21982,5.61914463207128,3.15375676102208,1075,61148,fhi:git
county,Oslo,2021-03-02,768,135,39934,22117,5.7293295648555995,3.1731252062380695,903,62051,fhi:git
county,Oslo,2021-03-03,1356,165,41290,22282,5.92387483680292,3.19679775039096,1521,63572,fhi:git
county,Oslo,2021-03-04,1175,204,42465,22486,6.092452045164349,3.22606562316179,1379,64951,fhi:git
county,Oslo,2021-03-05,1288,67,43753,22553,6.27724135952138,3.23567811078751,1355,66306,fhi:git
county,Oslo,2021-03-06,96,3,43849,22556,6.291014476119419,3.2361085206812,99,66405,fhi:git
county,Oslo,2021-03-07,68,0,43917,22556,6.3007704337097,3.2361085206812,68,66473,fhi:git
county,Oslo,2021-03-08,647,10,44564,22566,6.3935955007819105,3.23754322032682,657,67130,fhi:git
county,Oslo,2021-03-09,775,1260,45339,23826,6.504784723318171,3.4183153756761,2035,69165,fhi:git
county,Oslo,2021-03-10,1185,2389,46524,26215,6.674796631325231,3.76106512101691,3574,72739,fhi:git
county,Oslo,2021-03-11,855,2365,47379,28580,6.79746345102653,4.100371587208221,3220,75959,fhi:git
county,Oslo,2021-03-12,274,1609,47653,30189,6.8367742213167695,4.33121476018995,1883,77842,fhi:git
county,Oslo,2021-03-13,17,263,47670,30452,6.83921321071434,4.368947360869999,280,78122,fhi:git
county,Oslo,2021-03-14,0,0,47670,30452,6.83921321071434,4.368947360869999,0,78122,fhi:git
county,Rogaland,2020-12-27,0,0,0,0,0.0,0.0,0,0,fhi:git
county,Rogaland,2020-12-28,1,0,1,0,0.00020838021888258202,0.0,1,1,fhi:git
county,Rogaland,2020-12-29,0,0,1,0,0.00020838021888258202,0.0,0,1,fhi:git
county,Rogaland,2020-12-30,0,0,1,0,0.00020838021888258202,0.0,0,1,fhi:git
county,Rogaland,2020-12-31,0,0,1,0,0.00020838021888258202,0.0,0,1,fhi:git
county,Rogaland,2021-01-01,0,0,1,0,0.00020838021888258202,0.0,0,1,fhi:git
county,Rogaland,2021-01-02,0,0,1,0,0.00020838021888258202,0.0,0,1,fhi:git
county,Rogaland,2021-01-03,0,0,1,0,0.00020838021888258202,0.0,0,1,fhi:git
county,Rogaland,2021-01-04,0,0,1,0,0.00020719162117084,0.0,0,1,fhi:git
county,Rogaland,2021-01-05,548,0,549,0,0.11374820002279101,0.0,548,549,fhi:git
county,Rogaland,2021-01-06,641,0,1190,0,0.24655802919329897,0.0,641,1190,fhi:git
county,Rogaland,2021-01-07,212,0,1402,0,0.290482652881517,0.0,212,1402,fhi:git
county,Rogaland,2021-01-08,20,0,1422,0,0.29462648530493396,0.0,20,1422,fhi:git
county,Rogaland,2021-01-09,1,0,1423,0,0.29483367692610496,0.0,1,1423,fhi:git
county,Rogaland,2021-01-10,0,0,1423,0,0.29483367692610496,0.0,0,1423,fhi:git
county,Rogaland,2021-01-11,1,0,1424,0,0.295040868547276,0.0,1,1424,fhi:git
county,Rogaland,2021-01-12,117,0,1541,0,0.31928228822426397,0.0,117,1541,fhi:git
county,Rogaland,2021-01-13,761,0,2302,0,0.47695511193527296,0.0,761,2302,fhi:git
county,Rogaland,2021-01-14,535,0,2837,0,0.5878026292616729,0.0,535,2837,fhi:git
county,Rogaland,2021-01-15,291,0,3128,0,0.6480953910223871,0.0,291,3128,fhi:git
county,Rogaland,2021-01-16,0,0,3128,0,0.6480953910223871,0.0,0,3128,fhi:git
county,Rogaland,2021-01-17,1,0,3129,0,0.648302582643558,0.0,1,3129,fhi:git
county,Rogaland,2021-01-18,71,0,3200,0,0.6630131877466879,0.0,71,3200,fhi:git
county,Rogaland,2021-01-19,512,0,3712,0,0.769095297786158,0.0,512,3712,fhi:git
county,Rogaland,2021-01-20,655,0,4367,0,0.904805809653058,0.0,655,4367,fhi:git
county,Rogaland,2021-01-21,428,0,4795,0,0.9934838235141771,0.0,428,4795,fhi:git
county,Rogaland,2021-01-22,272,0,5067,0,1.04983994447265,0.0,272,5067,fhi:git
county,Rogaland,2021-01-23,0,0,5067,0,1.04983994447265,0.0,0,5067,fhi:git
county,Rogaland,2021-01-24,0,0,5067,0,1.04983994447265,0.0,0,5067,fhi:git
county,Rogaland,2021-01-25,150,0,5217,0,1.08091868764827,0.0,150,5217,fhi:git
county,Rogaland,2021-01-26,338,381,5555,381,1.15094945560402,0.07894000766609,719,5936,fhi:git
county,Rogaland,2021-01-27,864,603,6419,984,1.32996301629562,0.203876555232106,1467,7403,fhi:git
county,Rogaland,2021-01-28,524,283,6943,1267,1.43853142578914,0.262511784023454,807,8210,fhi:git
county,Rogaland,2021-01-29,410,22,7353,1289,1.5234799904691898,0.267069999689213,432,8642,fhi:git
county,Rogaland,2021-01-30,3,1,7356,1290,1.5241015653327,0.267277191310383,4,8646,fhi:git
county,Rogaland,2021-01-31,0,0,7356,1290,1.5241015653327,0.267277191310383,0,8646,fhi:git
county,Rogaland,2021-02-01,13,5,7369,1295,1.5267950564079198,0.268313149416238,18,8664,fhi:git
county,Rogaland,2021-02-02,449,76,7818,1371,1.61982409431363,0.284059712625221,525,9189,fhi:git
county,Rogaland,2021-02-03,2431,635,10249,2006,2.12350692537994,0.41562639206870505,3066,12255,fhi:git
county,Rogaland,2021-02-04,1886,550,12135,2556,2.51427032290814,0.5295817837126671,2436,14691,fhi:git
county,Rogaland,2021-02-05,657,281,12792,2837,2.6503952180173798,0.5878026292616729,938,15629,fhi:git
county,Rogaland,2021-02-06,0,0,12792,2837,2.6503952180173798,0.5878026292616729,0,15629,fhi:git
county,Rogaland,2021-02-07,0,0,12792,2837,2.6503952180173798,0.5878026292616729,0,15629,fhi:git
county,Rogaland,2021-02-08,7,71,12799,2908,2.65184555936558,0.602513234364802,78,15707,fhi:git
county,Rogaland,2021-02-09,586,394,13385,3302,2.7732598493716902,0.684146733106113,980,16687,fhi:git
county,Rogaland,2021-02-10,1922,682,15307,3984,3.17148214526205,0.825451418744626,2604,19291,fhi:git
county,Rogaland,2021-02-11,1182,494,16489,4478,3.4163826414859804,0.927804079603021,1676,20967,fhi:git
county,Rogaland,2021-02-12,482,268,16971,4746,3.5162490028903197,0.9833314340768059,750,21717,fhi:git
county,Rogaland,2021-02-13,0,0,16971,4746,3.5162490028903197,0.9833314340768059,0,21717,fhi:git
county,Rogaland,2021-02-14,0,0,16971,4746,3.5162490028903197,0.9833314340768059,0,21717,fhi:git
county,Rogaland,2021-02-15,0,147,16971,4893,3.5162490028903197,1.01378860238892,147,21864,fhi:git
county,Rogaland,2021-02-16,478,314,17449,5207,3.61528659780998,1.07884677143656,792,22656,fhi:git
county,Rogaland,2021-02-17,1486,782,18935,5989,3.92317334686985,1.24087061919216,2268,24924,fhi:git
county,Rogaland,2021-02-18,1100,472,20035,6461,4.15108413015778,1.3386650643848002,1572,26496,fhi:git
county,Rogaland,2021-02-19,440,411,20475,6872,4.242248443472951,1.4238208206860101,851,27347,fhi:git
county,Rogaland,2021-02-20,1,1,20476,6873,4.24245563509412,1.4240280123071798,2,27349,fhi:git
county,Rogaland,2021-02-21,0,0,20476,6873,4.24245563509412,1.4240280123071798,0,27349,fhi:git
county,Rogaland,2021-02-22,251,13,20727,6886,4.294460732008,1.4267215033824,264,27613,fhi:git
county,Rogaland,2021-02-23,379,405,21106,7291,4.37298635643175,1.5106341099565903,784,28397,fhi:git
county,Rogaland,2021-02-24,676,2166,21782,9457,4.513047892343231,1.9594111614126297,2842,31239,fhi:git
county,Rogaland,2021-02-25,1159,1808,22941,11265,4.753182981280241,2.33401361248951,2967,34206,fhi:git
county,Rogaland,2021-02-26,998,674,23939,11939,4.95996021920874,2.47366076515866,1672,35878,fhi:git
county,Rogaland,2021-02-27,1,0,23940,11939,4.96016741082991,2.47366076515866,1,35879,fhi:git
county,Rogaland,2021-02-28,4,0,23944,11939,4.960996177314589,2.47366076515866,4,35883,fhi:git
county,Rogaland,2021-03-01,647,2,24591,11941,5.09504915621212,2.474075148401,649,36532,fhi:git
county,Rogaland,2021-03-02,779,544,25370,12485,5.25645142910421,2.58678739031794,1323,37855,fhi:git
county,Rogaland,2021-03-03,1132,1456,26502,13941,5.4909923442696,2.8884583907426804,2588,40443,fhi:git
county,Rogaland,2021-03-04,1044,1476,27546,15417,5.70730039677196,3.19427322359084,2520,42963,fhi:git
county,Rogaland,2021-03-05,553,424,28099,15841,5.821877363279429,3.2821224709672703,977,43940,fhi:git
county,Rogaland,2021-03-06,1,0,28100,15841,5.8220845549005995,3.2821224709672703,1,43941,fhi:git
county,Rogaland,2021-03-07,0,0,28100,15841,5.8220845549005995,3.2821224709672703,0,43941,fhi:git
county,Rogaland,2021-03-08,538,0,28638,15841,5.93355364709051,3.2821224709672703,538,44479,fhi:git
county,Rogaland,2021-03-09,1367,452,30005,16293,6.21678459323105,3.37577308373649,1819,46298,fhi:git
county,Rogaland,2021-03-10,2026,1047,32031,17340,6.6365548177231695,3.5927027111023597,3073,49371,fhi:git
county,Rogaland,2021-03-11,1254,1006,33285,18346,6.8963731106714,3.80113748200023,2260,51631,fhi:git
county,Rogaland,2021-03-12,114,540,33399,18886,6.91999295548488,3.91302095743248,654,52285,fhi:git
county,Rogaland,2021-03-13,0,0,33399,18886,6.91999295548488,3.91302095743248,0,52285,fhi:git
county,Rogaland,2021-03-14,0,0,33399,18886,6.91999295548488,3.91302095743248,0,52285,fhi:git
county,Møre og Romsdal,2020-12-27,0,0,0,0,0.0,0.0,0,0,fhi:git
county,Møre og Romsdal,2020-12-28,0,0,0,0,0.0,0.0,0,0,fhi:git
county,Møre og Romsdal,2020-12-29,0,0,0,0,0.0,0.0,0,0,fhi:git
county,Møre og Romsdal,2020-12-30,0,0,0,0,0.0,0.0,0,0,fhi:git
county,Møre og Romsdal,2020-12-31,0,0,0,0,0.0,0.0,0,0,fhi:git
county,Møre og Romsdal,2021-01-01,0,0,0,0,0.0,0.0,0,0,fhi:git
county,Møre og Romsdal,2021-01-02,0,0,0,0,0.0,0.0,0,0,fhi:git
county,Møre og Romsdal,2021-01-03,0,0,0,0,0.0,0.0,0,0,fhi:git
county,Møre og Romsdal,2021-01-04,0,0,0,0,0.0,0.0,0,0,fhi:git
county,Møre og Romsdal,2021-01-05,186,0,186,0,0.0700448889826168,0.0,186,186,fhi:git
county,Møre og Romsdal,2021-01-06,497,0,683,0,0.257207845027566,0.0,497,683,fhi:git
county,Møre og Romsdal,2021-01-07,457,0,1140,0,0.4293073840870061,0.0,457,1140,fhi:git
county,Møre og Romsdal,2021-01-08,36,0,1176,0,0.442864459373964,0.0,36,1176,fhi:git
county,Møre og Romsdal,2021-01-09,1,0,1177,0,0.443241044798602,0.0,1,1177,fhi:git
county,Møre og Romsdal,2021-01-10,0,0,1177,0,0.443241044798602,0.0,0,1177,fhi:git
county,Møre og Romsdal,2021-01-11,1,0,1178,0,0.44361763022323997,0.0,1,1178,fhi:git
county,Møre og Romsdal,2021-01-12,225,0,1403,0,0.528349350766728,0.0,225,1403,fhi:git
county,Møre og Romsdal,2021-01-13,387,0,1790,0,0.674087910101528,0.0,387,1790,fhi:git
county,Møre og Romsdal,2021-01-14,410,0,2200,0,0.828487934202995,0.0,410,2200,fhi:git
county,Møre og Romsdal,2021-01-15,151,0,2351,0,0.885352333323291,0.0,151,2351,fhi:git
county,Møre og Romsdal,2021-01-16,1,0,2352,0,0.885728918747929,0.0,1,2352,fhi:git
county,Møre og Romsdal,2021-01-17,1,0,2353,0,0.886105504172566,0.0,1,2353,fhi:git
county,Møre og Romsdal,2021-01-18,11,0,2364,0,0.890247943843582,0.0,11,2364,fhi:git
county,Møre og Romsdal,2021-01-19,203,0,2567,0,0.966694785045039,0.0,203,2567,fhi:git
county,Møre og Romsdal,2021-01-20,500,0,3067,0,1.1549874973639,0.0,500,3067,fhi:git
county,Møre og Romsdal,2021-01-21,801,0,3868,0,1.45663242249872,0.0,801,3868,fhi:git
county,Møre og Romsdal,2021-01-22,212,0,4080,0,1.5364685325219198,0.0,212,4080,fhi:git
county,Møre og Romsdal,2021-01-23,0,0,4080,0,1.5364685325219198,0.0,0,4080,fhi:git
county,Møre og Romsdal,2021-01-24,0,0,4080,0,1.5364685325219198,0.0,0,4080,fhi:git
county,Møre og Romsdal,2021-01-25,3,0,4083,0,1.53759828879583,0.0,3,4083,fhi:git
county,Møre og Romsdal,2021-01-26,78,129,4161,129,1.56697195191757,0.0485795197782665,207,4290,fhi:git
county,Møre og Romsdal,2021-01-27,543,359,4704,488,1.77145783749586,0.18377368722321,902,5192,fhi:git
county,Møre og Romsdal,2021-01-28,493,509,5197,997,1.95711445184226,0.37545566836381206,1002,6194,fhi:git
county,Møre og Romsdal,2021-01-29,99,78,5296,1075,1.9943964088813897,0.404829331485554,177,6371,fhi:git
county,Møre og Romsdal,2021-01-30,0,1,5296,1076,1.9943964088813897,0.405205916910192,1,6372,fhi:git
county,Møre og Romsdal,2021-01-31,0,0,5296,1076,1.9943964088813897,0.405205916910192,0,6372,fhi:git
county,Møre og Romsdal,2021-02-01,0,0,5296,1076,1.9943964088813897,0.405205916910192,0,6372,fhi:git
county,Møre og Romsdal,2021-02-02,291,193,5587,1269,2.10398276745097,0.47788690386527294,484,6856,fhi:git
county,Møre og Romsdal,2021-02-03,1063,312,6650,1581,2.5042930738408704,0.5953815563522429,1375,8231,fhi:git
county,Møre og Romsdal,2021-02-04,1544,463,8194,2044,3.08574096948152,0.7697406079595099,2007,10238,fhi:git
county,Møre og Romsdal,2021-02-05,219,155,8413,2199,3.1682131774771802,0.828111348778357,374,10612,fhi:git
county,Møre og Romsdal,2021-02-06,1,2,8414,2201,3.16858976290182,0.8288645196276321,3,10615,fhi:git
county,Møre og Romsdal,2021-02-07,0,1,8414,2202,3.16858976290182,0.82924110505227,1,10616,fhi:git
county,Møre og Romsdal,2021-02-08,1,2,8415,2204,3.16896634832645,0.8299942759015458,3,10619,fhi:git
county,Møre og Romsdal,2021-02-09,327,183,8742,2387,3.2921097821829903,0.898909408610249,510,11129,fhi:git
county,Møre og Romsdal,2021-02-10,1256,435,9998,2822,3.76510107552797,1.06272406832766,1691,12820,fhi:git
county,Møre og Romsdal,2021-02-11,1252,805,11250,3627,4.2365860271744005,1.36587533516103,2057,14877,fhi:git
county,Møre og Romsdal,2021-02-12,296,207,11546,3834,4.34805531286717,1.44382851806104,503,15380,fhi:git
county,Møre og Romsdal,2021-02-13,24,0,11570,3834,4.35709336305848,1.44382851806104,24,15404,fhi:git
county,Møre og Romsdal,2021-02-14,0,0,11570,3834,4.35709336305848,1.44382851806104,0,15404,fhi:git
county,Møre og Romsdal,2021-02-15,1,8,11571,3842,4.35746994848311,1.44684120145814,9,15413,fhi:git
county,Møre og Romsdal,2021-02-16,354,58,11925,3900,4.4907811888048705,1.46868315608713,412,15825,fhi:git
county,Møre og Romsdal,2021-02-17,1196,423,13121,4323,4.94117735667159,1.6279787907088799,1619,17444,fhi:git
county,Møre og Romsdal,2021-02-18,1165,520,14286,4843,5.37989937637454,1.8238032115204998,1685,19129,fhi:git
county,Møre og Romsdal,2021-02-19,499,92,14785,4935,5.5678155032687595,1.85844907058717,591,19720,fhi:git
county,Møre og Romsdal,2021-02-20,9,0,14794,4935,5.571204772090501,1.85844907058717,9,19729,fhi:git
county,Møre og Romsdal,2021-02-21,0,0,14794,4935,5.571204772090501,1.85844907058717,0,19729,fhi:git
county,Møre og Romsdal,2021-02-22,15,0,14809,4935,5.57685355346007,1.85844907058717,15,19744,fhi:git
county,Møre og Romsdal,2021-02-23,390,223,15199,5158,5.72372186906878,1.9424276202813797,613,20357,fhi:git
county,Møre og Romsdal,2021-02-24,721,850,15920,6008,5.995239960232579,2.2625252312234503,1571,21928,fhi:git
county,Møre og Romsdal,2021-02-25,698,1458,16618,7466,6.25809658662971,2.81158678034525,2156,24084,fhi:git
county,Møre og Romsdal,2021-02-26,260,202,16878,7668,6.35600879703552,2.88765703612207,462,24546,fhi:git
county,Møre og Romsdal,2021-02-27,2,1,16880,7669,6.3567619678847995,2.88803362154671,3,24549,fhi:git
county,Møre og Romsdal,2021-02-28,0,0,16880,7669,6.3567619678847995,2.88803362154671,0,24549,fhi:git
county,Møre og Romsdal,2021-03-01,95,1,16975,7670,6.39253758322538,2.88841020697135,96,24645,fhi:git
county,Møre og Romsdal,2021-03-02,727,242,17702,7912,6.66631518693701,2.9795438797336797,969,25614,fhi:git
county,Møre og Romsdal,2021-03-03,860,1102,18562,9014,6.990178652125451,3.39454101768445,1962,27576,fhi:git
county,Møre og Romsdal,2021-03-04,976,1291,19538,10305,7.35772602657187,3.8807128008917497,2267,29843,fhi:git
county,Møre og Romsdal,2021-03-05,809,271,20347,10576,7.662383635103789,3.98276745096858,1080,30923,fhi:git
county,Møre og Romsdal,2021-03-06,3,6,20350,10582,7.663513391377701,3.9850269635164,9,30932,fhi:git
county,Møre og Romsdal,2021-03-07,0,0,20350,10582,7.663513391377701,3.9850269635164,0,30932,fhi:git
county,Møre og Romsdal,2021-03-08,152,0,20502,10582,7.72075437592263,3.9850269635164,152,31084,fhi:git
county,Møre og Romsdal,2021-03-09,648,238,21150,10820,7.96478173108788,4.0746542945801805,886,31970,fhi:git
county,Møre og Romsdal,2021-03-10,1280,913,22430,11733,8.44681107462417,4.41847678727443,2193,34163,fhi:git
county,Møre og Romsdal,2021-03-11,533,958,22963,12691,8.64753110595608,4.77924562407737,1491,35654,fhi:git
county,Møre og Romsdal,2021-03-12,57,234,23020,12925,8.66899647516043,4.86736661344259,291,35945,fhi:git
county,Møre og Romsdal,2021-03-13,0,14,23020,12939,8.66899647516043,4.872638809387519,14,35959,fhi:git
county,Møre og Romsdal,2021-03-14,0,0,23020,12939,8.66899647516043,4.872638809387519,0,35959,fhi:git
county,Nordland,2020-12-27,0,0,0,0,0.0,0.0,0,0,fhi:git
county,Nordland,2020-12-28,0,0,0,0,0.0,0.0,0,0,fhi:git
county,Nordland,2020-12-29,0,0,0,0,0.0,0.0,0,0,fhi:git
county,Nordland,2020-12-30,1,0,1,0,0.00041453354612722,0.0,1,1,fhi:git
county,Nordland,2020-12-31,0,0,1,0,0.00041453354612722,0.0,0,1,fhi:git
county,Nordland,2021-01-01,0,0,1,0,0.00041453354612722,0.0,0,1,fhi:git
county,Nordland,2021-01-02,0,0,1,0,0.00041453354612722,0.0,0,1,fhi:git
county,Nordland,2021-01-03,0,0,1,0,0.00041453354612722,0.0,0,1,fhi:git
county,Nordland,2021-01-04,0,0,1,0,0.000416068568100023,0.0,0,1,fhi:git
county,Nordland,2021-01-05,200,0,201,0,0.0836297821881046,0.0,200,201,fhi:git
county,Nordland,2021-01-06,686,0,887,0,0.36905281990471994,0.0,686,887,fhi:git
county,Nordland,2021-01-07,238,0,1125,0,0.468077139112526,0.0,238,1125,fhi:git
county,Nordland,2021-01-08,114,0,1239,0,0.5155089558759279,0.0,114,1239,fhi:git
county,Nordland,2021-01-09,0,0,1239,0,0.5155089558759279,0.0,0,1239,fhi:git
county,Nordland,2021-01-10,0,0,1239,0,0.5155089558759279,0.0,0,1239,fhi:git
county,Nordland,2021-01-11,0,0,1239,0,0.5155089558759279,0.0,0,1239,fhi:git
county,Nordland,2021-01-12,292,0,1531,0,0.6370009777611351,0.0,292,1531,fhi:git
county,Nordland,2021-01-13,626,0,2157,0,0.8974599013917491,0.0,626,2157,fhi:git
county,Nordland,2021-01-14,272,0,2429,0,1.01063055191496,0.0,272,2429,fhi:git
county,Nordland,2021-01-15,69,0,2498,0,1.0393392831138601,0.0,69,2498,fhi:git
county,Nordland,2021-01-16,0,0,2498,0,1.0393392831138601,0.0,0,2498,fhi:git
county,Nordland,2021-01-17,1,0,2499,0,1.03975535168196,0.0,1,2499,fhi:git
county,Nordland,2021-01-18,0,0,2499,0,1.03975535168196,0.0,0,2499,fhi:git
county,Nordland,2021-01-19,313,0,2812,0,1.1699848134972601,0.0,313,2812,fhi:git
county,Nordland,2021-01-20,786,0,3598,0,1.4970147080238798,0.0,786,3598,fhi:git
county,Nordland,2021-01-21,616,0,4214,0,1.7533129459735,0.0,616,4214,fhi:git
county,Nordland,2021-01-22,173,0,4387,0,1.8252928082548001,0.0,173,4387,fhi:git
county,Nordland,2021-01-23,4,0,4391,0,1.8269570825272,0.0,4,4391,fhi:git
county,Nordland,2021-01-24,0,0,4391,0,1.8269570825272,0.0,0,4391,fhi:git
county,Nordland,2021-01-25,51,0,4442,0,1.8481765795003,0.0,51,4442,fhi:git
county,Nordland,2021-01-26,119,90,4561,90,1.8976887391042,0.0374461711290021,209,4651,fhi:git
county,Nordland,2021-01-27,626,528,5187,618,2.15814766273482,0.257130375085814,1154,5805,fhi:git
county,Nordland,2021-01-28,471,365,5658,983,2.3541159583099303,0.40899540244232296,836,6641,fhi:git
county,Nordland,2021-01-29,211,144,5869,1127,2.4419064261790298,0.468909276248726,355,6996,fhi:git
county,Nordland,2021-01-30,1,0,5870,1127,2.44232249474713,0.468909276248726,1,6997,fhi:git
county,Nordland,2021-01-31,0,0,5870,1127,2.44232249474713,0.468909276248726,0,6997,fhi:git
county,Nordland,2021-02-01,9,4,5879,1131,2.44606711186003,0.47057355052112604,13,7010,fhi:git
county,Nordland,2021-02-02,110,200,5989,1331,2.4918346543510403,0.553787264141131,310,7320,fhi:git
county,Nordland,2021-02-03,1417,456,7406,1787,3.08140381534877,0.743514531194741,1873,9193,fhi:git
county,Nordland,2021-02-04,1670,346,9076,2133,3.7762383240758104,0.8874742557573492,2016,11209,fhi:git
county,Nordland,2021-02-05,329,155,9405,2288,3.9131248829807204,0.951964883812852,484,11693,fhi:git
county,Nordland,2021-02-06,0,0,9405,2288,3.9131248829807204,0.951964883812852,0,11693,fhi:git
county,Nordland,2021-02-07,1,0,9406,2288,3.9135409515488195,0.951964883812852,1,11694,fhi:git
county,Nordland,2021-02-08,6,1,9412,2289,3.91603736295742,0.9523809523809521,7,11701,fhi:git
county,Nordland,2021-02-09,70,262,9482,2551,3.94516216272442,1.06139091722316,332,12033,fhi:git
county,Nordland,2021-02-10,2012,633,11494,3184,4.78229212174166,1.32476232083047,2645,14678,fhi:git
county,Nordland,2021-02-11,1221,583,12715,3767,5.29031184339179,1.56733029603279,1804,16482,fhi:git
county,Nordland,2021-02-12,287,238,13002,4005,5.4097235224365,1.66635461524059,525,17007,fhi:git
county,Nordland,2021-02-13,53,3,13055,4008,5.4317751565458,1.6676028209448899,56,17063,fhi:git
county,Nordland,2021-02-14,0,0,13055,4008,5.4317751565458,1.6676028209448899,0,17063,fhi:git
county,Nordland,2021-02-15,0,1,13055,4009,5.4317751565458,1.6680188895129902,1,17064,fhi:git
county,Nordland,2021-02-16,223,71,13278,4080,5.5245584472321,1.6975597578480903,294,17358,fhi:git
county,Nordland,2021-02-17,1485,515,14763,4595,6.14242027086064,1.91183507041961,2000,19358,fhi:git
county,Nordland,2021-02-18,847,607,15610,5202,6.4948303480413605,2.1643886912563204,1454,20812,fhi:git
county,Nordland,2021-02-19,306,230,15916,5432,6.62214732987996,2.26008446191932,536,21348,fhi:git
county,Nordland,2021-02-20,1,1,15917,5433,6.62256339844806,2.26050053048742,2,21350,fhi:git
county,Nordland,2021-02-21,0,0,15917,5433,6.62256339844806,2.26050053048742,0,21350,fhi:git
county,Nordland,2021-02-22,268,0,16185,5433,6.73406977469887,2.26050053048742,268,21618,fhi:git
county,Nordland,2021-02-23,306,56,16491,5489,6.86138675653748,2.2838003703010297,362,21980,fhi:git
county,Nordland,2021-02-24,970,976,17461,6465,7.2649732675945,2.6898832927666496,1946,23926,fhi:git
county,Nordland,2021-02-25,589,1849,18050,8314,7.51003765420541,3.45919407518359,2438,26364,fhi:git
county,Nordland,2021-02-26,423,397,18473,8711,7.68603465851172,3.6243732967192996,820,27184,fhi:git
county,Nordland,2021-02-27,0,4,18473,8715,7.68603465851172,3.6260375709917003,4,27188,fhi:git
county,Nordland,2021-02-28,0,1,18473,8716,7.68603465851172,3.6264536395598,1,27189,fhi:git
county,Nordland,2021-03-01,239,0,18712,8716,7.78547504628763,3.6264536395598,239,27428,fhi:git
county,Nordland,2021-03-02,515,50,19227,8766,7.999750358859139,3.6472570679648,565,27993,fhi:git
county,Nordland,2021-03-03,636,1566,19863,10332,8.26436996817076,4.29882044560944,2202,30195,fhi:git
county,Nordland,2021-03-04,720,1353,20583,11685,8.56393933720277,4.86176121824877,2073,32268,fhi:git
county,Nordland,2021-03-05,440,323,21023,12008,8.74700950716678,4.996151365745071,763,33031,fhi:git
county,Nordland,2021-03-06,13,51,21036,12059,8.75241839855208,5.01737086271818,64,33095,fhi:git
county,Nordland,2021-03-07,0,0,21036,12059,8.75241839855208,5.01737086271818,0,33095,fhi:git
county,Nordland,2021-03-08,360,0,21396,12059,8.90220308306809,5.01737086271818,360,33455,fhi:git
county,Nordland,2021-03-09,647,48,22043,12107,9.1713994466288,5.03734215398698,695,34150,fhi:git
county,Nordland,2021-03-10,1175,1169,23218,13276,9.66028001414633,5.5237263100959,2344,36494,fhi:git
county,Nordland,2021-03-11,728,982,23946,14258,9.96317793172315,5.932305643970129,1710,38204,fhi:git
county,Nordland,2021-03-12,68,236,24014,14494,9.991470594353949,6.030497826041731,304,38508,fhi:git
county,Nordland,2021-03-13,0,2,24014,14496,9.991470594353949,6.03132996317793,2,38510,fhi:git
county,Nordland,2021-03-14,0,0,24014,14496,9.991470594353949,6.03132996317793,0,38510,fhi:git
county,Viken,2020-12-27,0,0,0,0,0.0,0.0,0,0,fhi:git
county,Viken,2020-12-28,65,0,65,0,0.00523701522360041,0.0,65,65,fhi:git
county,Viken,2020-12-29,689,0,754,0,0.0607493765937647,0.0,689,754,fhi:git
county,Viken,2020-12-30,216,0,970,0,0.0781523810291138,0.0,216,970,fhi:git
county,Viken,2020-12-31,67,0,1037,0,0.0835505351826711,0.0,67,1037,fhi:git
county,Viken,2021-01-01,0,0,1037,0,0.0835505351826711,0.0,0,1037,fhi:git
county,Viken,2021-01-02,0,0,1037,0,0.0835505351826711,0.0,0,1037,fhi:git
county,Viken,2021-01-03,0,0,1037,0,0.0835505351826711,0.0,0,1037,fhi:git
county,Viken,2021-01-04,0,0,1037,0,0.0828020798732657,0.0,0,1037,fhi:git
county,Viken,2021-01-05,525,0,1562,0,0.124722129953752,0.0,525,1562,fhi:git
county,Viken,2021-01-06,1647,0,3209,0,0.25623131563482104,0.0,1647,3209,fhi:git
county,Viken,2021-01-07,1921,0,5130,0,0.409618775072182,0.0,1921,5130,fhi:git
county,Viken,2021-01-08,281,0,5411,0,0.4320559828295471,0.0,281,5411,fhi:git
county,Viken,2021-01-09,6,0,5417,0,0.432535069116182,0.0,6,5417,fhi:git
county,Viken,2021-01-10,5,0,5422,0,0.432934307688377,0.0,5,5422,fhi:git
county,Viken,2021-01-11,57,0,5479,0,0.43748562741140096,0.0,57,5479,fhi:git
county,Viken,2021-01-12,788,0,6267,0,0.50040562638935,0.0,788,6267,fhi:git
county,Viken,2021-01-13,1944,0,8211,0,0.6556295832588089,0.0,1944,8211,fhi:git
county,Viken,2021-01-14,1949,0,10160,0,0.811252778700462,0.0,1949,10160,fhi:git
county,Viken,2021-01-15,1042,0,11202,0,0.8944540971459229,0.0,1042,11202,fhi:git
county,Viken,2021-01-16,87,0,11289,0,0.9014008483021179,0.0,87,11289,fhi:git
county,Viken,2021-01-17,22,0,11311,0,0.903157498019777,0.0,22,11311,fhi:git
county,Viken,2021-01-18,142,51,11453,51,0.9144958734701178,0.00407223343639012,193,11504,fhi:git
county,Viken,2021-01-19,646,384,12099,435,0.9660774969977259,0.0347337557809745,1030,12534,fhi:git
county,Viken,2021-01-20,1490,342,13589,777,1.08505059151187,0.06204167411912001,1832,14366,fhi:git
county,Viken,2021-01-21,1998,99,15587,876,1.24458632496103,0.0699465978485832,2097,16463,fhi:git
county,Viken,2021-01-22,821,1,16408,877,1.3101412985154701,0.0700264455630222,822,17285,fhi:git
county,Viken,2021-01-23,97,0,16505,877,1.31788652681606,0.0700264455630222,97,17382,fhi:git
county,Viken,2021-01-24,0,0,16505,877,1.31788652681606,0.0700264455630222,0,17382,fhi:git
county,Viken,2021-01-25,62,0,16567,877,1.32283708511128,0.0700264455630222,62,17444,fhi:git
county,Viken,2021-01-26,562,401,17129,1278,1.36771150062601,0.10204537905307,963,18407,fhi:git
county,Viken,2021-01-27,1938,1165,19067,2443,1.5224563712088302,0.19506796637453103,3103,21510,fhi:git
county,Viken,2021-01-28,3105,1708,22172,4151,1.7703835245419899,0.33144786263638,4813,26323,fhi:git
county,Viken,2021-01-29,1040,427,23212,4578,1.8534251475585801,0.365542836701842,1467,27790,fhi:git
county,Viken,2021-01-30,8,18,23220,4596,1.8540639292740901,0.366980095561745,26,27816,fhi:git
county,Viken,2021-01-31,7,3,23227,4599,1.8546228632751598,0.367219638705062,10,27826,fhi:git
county,Viken,2021-02-01,35,45,23262,4644,1.85741753328053,0.37081278585481803,80,27906,fhi:git
county,Viken,2021-02-02,1022,687,24284,5331,1.93902189743721,0.42566816567442606,1709,29615,fhi:git
county,Viken,2021-02-03,4753,1723,29037,7054,2.31853808416588,0.563245777652861,6476,36091,fhi:git
county,Viken,2021-02-04,6630,1748,35667,8802,2.8479284308965895,0.702819582492271,8378,44469,fhi:git
county,Viken,2021-02-05,3141,1092,38808,9894,3.09873010194956,0.790013286659683,4233,48702,fhi:git
county,Viken,2021-02-06,37,87,38845,9981,3.1016844673838104,0.796960037815878,124,48826,fhi:git
county,Viken,2021-02-07,15,19,38860,10000,3.1028821831003905,0.7984771443902191,34,48860,fhi:git
county,Viken,2021-02-08,15,95,38875,10095,3.10407989881698,0.8060626772619259,110,48970,fhi:git
county,Viken,2021-02-09,791,566,39666,10661,3.1672394409382405,0.851256483634412,1357,50327,fhi:git
county,Viken,2021-02-10,3435,1325,43101,11986,3.4415163400362796,0.9570547052661159,4760,55087,fhi:git
county,Viken,2021-02-11,4842,1916,47943,13902,3.8281389733500295,1.11004292613128,6758,61845,fhi:git
county,Viken,2021-02-12,2428,976,50371,14878,4.02200922400797,1.18797429542377,3404,65249,fhi:git
county,Viken,2021-02-13,23,96,50394,14974,4.02384572144007,1.19563967600991,119,65368,fhi:git
county,Viken,2021-02-14,6,0,50400,14974,4.024324807726701,1.19563967600991,6,65374,fhi:git
county,Viken,2021-02-15,353,124,50753,15098,4.05251105092368,1.20554079260035,477,65851,fhi:git
county,Viken,2021-02-16,1424,358,52177,15456,4.166214196284851,1.23412627436952,1782,67633,fhi:git
county,Viken,2021-02-17,4403,1796,56580,17252,4.517783682959861,1.37753276950201,6199,73832,fhi:git
county,Viken,2021-02-18,4876,2922,61456,20174,4.90712113856453,1.61084779109283,7798,81630,fhi:git
county,Viken,2021-02-19,3795,1281,65251,21455,5.2101432148606195,1.7131327132892098,5076,86706,fhi:git
county,Viken,2021-02-20,28,7,65279,21462,5.21237895086491,1.7136916472902899,35,86741,fhi:git
county,Viken,2021-02-21,1,6,65280,21468,5.212458798579349,1.71417073357692,7,86748,fhi:git
county,Viken,2021-02-22,698,7,65978,21475,5.26819250325779,1.7147296675780002,705,87453,fhi:git
county,Viken,2021-02-23,2123,754,68101,22229,5.43770920101183,1.77493484426502,2877,90330,fhi:git
county,Viken,2021-02-24,2461,4171,70562,26400,5.634214426246259,2.1079796611901798,6632,96962,fhi:git
county,Viken,2021-02-25,2552,6241,73114,32641,5.83798579349465,2.60630924700411,8793,105755,fhi:git
county,Viken,2021-02-26,1926,2713,75040,35354,5.991772491504201,2.8229360962771803,4639,110394,fhi:git
county,Viken,2021-02-27,166,87,75206,35441,6.005027212101081,2.82988284743338,253,110647,fhi:git
county,Viken,2021-02-28,416,1,75622,35442,6.03824386130772,2.82996269514781,417,111064,fhi:git
county,Viken,2021-03-01,1519,2,77141,35444,6.15953253954059,2.83012239057669,1521,112585,fhi:git
county,Viken,2021-03-02,3006,517,80147,35961,6.39955476914429,2.87140365894167,3523,116108,fhi:git
county,Viken,2021-03-03,4944,2692,85091,38653,6.794321869330809,3.0863537062115096,7636,123744,fhi:git
county,Viken,2021-03-04,4377,3258,89468,41911,7.14381531543041,3.3464975598538502,7635,131379,fhi:git
county,Viken,2021-03-05,2728,1772,92196,43683,7.36163988042006,3.48798770983979,4500,135879,fhi:git
county,Viken,2021-03-06,155,0,92351,43683,7.37401627615811,3.48798770983979,155,136034,fhi:git
county,Viken,2021-03-07,17,0,92368,43683,7.37537368730357,3.48798770983979,17,136051,fhi:git
county,Viken,2021-03-08,1129,22,93497,43705,7.46552175690523,3.4897443595574504,1151,137202,fhi:git
county,Viken,2021-03-09,2890,713,96387,44418,7.696281651634001,3.54667577995247,3603,140805,fhi:git
county,Viken,2021-03-10,5358,3152,101745,47570,8.12410570559828,3.7983557758642696,8510,149315,fhi:git
county,Viken,2021-03-11,3347,4703,105092,52273,8.39135600582569,4.17387957687099,8050,157365,fhi:git
county,Viken,2021-03-12,1199,3238,106291,55511,8.48709341543808,4.43242647622454,4437,161802,fhi:git
county,Viken,2021-03-13,6,7,106297,55518,8.48757250172471,4.43298541022562,13,161815,fhi:git
county,Viken,2021-03-14,0,0,106297,55518,8.48757250172471,4.43298541022562,0,161815,fhi:git
county,Innlandet,2020-12-27,0,0,0,0,0.0,0.0,0,0,fhi:git
county,Innlandet,2020-12-28,272,0,272,0,0.0732393607711674,0.0,272,272,fhi:git
county,Innlandet,2020-12-29,260,0,532,0,0.143247573273019,0.0,260,532,fhi:git
county,Innlandet,2020-12-30,149,0,681,0,0.183367664283695,0.0,149,681,fhi:git
county,Innlandet,2020-12-31,0,0,681,0,0.183367664283695,0.0,0,681,fhi:git
county,Innlandet,2021-01-01,0,0,681,0,0.183367664283695,0.0,0,681,fhi:git
county,Innlandet,2021-01-02,0,0,681,0,0.183367664283695,0.0,0,681,fhi:git
county,Innlandet,2021-01-03,0,0,681,0,0.183367664283695,0.0,0,681,fhi:git
county,Innlandet,2021-01-04,0,0,681,0,0.18375458374594897,0.0,0,681,fhi:git
county,Innlandet,2021-01-05,271,0,952,0,0.256878654517098,0.0,271,952,fhi:git
county,Innlandet,2021-01-06,703,0,1655,0,0.44656950969096293,0.0,703,1655,fhi:git
county,Innlandet,2021-01-07,696,0,2351,0,0.634371551228673,0.0,696,2351,fhi:git
county,Innlandet,2021-01-08,75,0,2426,0,0.654608840187478,0.0,75,2426,fhi:git
county,Innlandet,2021-01-09,0,0,2426,0,0.654608840187478,0.0,0,2426,fhi:git
county,Innlandet,2021-01-10,0,0,2426,0,0.654608840187478,0.0,0,2426,fhi:git
county,Innlandet,2021-01-11,50,0,2476,0,0.668100366160015,0.0,50,2476,fhi:git
county,Innlandet,2021-01-12,403,0,2879,0,0.7768420654986601,0.0,403,2879,fhi:git
county,Innlandet,2021-01-13,994,0,3873,0,1.04505360183269,0.0,994,3873,fhi:git
county,Innlandet,2021-01-14,958,0,4831,0,1.30355123946649,0.0,958,4831,fhi:git
county,Innlandet,2021-01-15,279,0,5110,0,1.37883395439325,0.0,279,5110,fhi:git
county,Innlandet,2021-01-16,4,0,5114,0,1.37991327647105,0.0,4,5114,fhi:git
county,Innlandet,2021-01-17,0,0,5114,0,1.37991327647105,0.0,0,5114,fhi:git
county,Innlandet,2021-01-18,62,0,5176,0,1.39664276867699,0.0,62,5176,fhi:git
county,Innlandet,2021-01-19,331,318,5507,318,1.4859566706151899,0.0858061051853331,649,5825,fhi:git
county,Innlandet,2021-01-20,663,252,6170,570,1.66485430501102,0.153803396086918,915,6740,fhi:git
county,Innlandet,2021-01-21,833,48,7003,618,1.88962312771348,0.166755261020553,881,7621,fhi:git
county,Innlandet,2021-01-22,239,0,7242,618,1.95411262186221,0.166755261020553,239,7860,fhi:git
county,Innlandet,2021-01-23,6,0,7248,618,1.9557316049789097,0.166755261020553,6,7866,fhi:git
county,Innlandet,2021-01-24,0,0,7248,618,1.9557316049789097,0.166755261020553,0,7866,fhi:git
county,Innlandet,2021-01-25,1,0,7249,618,1.9560014354983601,0.166755261020553,1,7867,fhi:git
county,Innlandet,2021-01-26,149,131,7398,749,1.9962061828965199,0.20210305906859902,280,8147,fhi:git
county,Innlandet,2021-01-27,934,603,8332,1352,2.24822788806351,0.364810862297391,1537,9684,fhi:git
county,Innlandet,2021-01-28,904,707,9236,2059,2.4921546776469703,0.555581039549059,1611,11295,fhi:git
county,Innlandet,2021-01-29,319,132,9555,2191,2.57823061335175,0.5911986681165561,451,11746,fhi:git
county,Innlandet,2021-01-30,2,0,9557,2191,2.5787702743906604,0.5911986681165561,2,11748,fhi:git
county,Innlandet,2021-01-31,1,0,9558,2191,2.57904010491011,0.5911986681165561,1,11749,fhi:git
county,Innlandet,2021-02-01,9,49,9567,2240,2.58146857958516,0.6044203635696421,58,11807,fhi:git
county,Innlandet,2021-02-02,610,341,10177,2581,2.74606519645011,0.6964325707023421,951,12758,fhi:git
county,Innlandet,2021-02-03,2311,873,12488,3454,3.3696435269007496,0.9319946141828321,3184,15942,fhi:git
county,Innlandet,2021-02-04,2655,997,15143,4451,4.08604355604245,1.2010156420752098,3652,19594,fhi:git
county,Innlandet,2021-02-05,813,270,15956,4721,4.3054157683559,1.27386988232691,1083,20677,fhi:git
county,Innlandet,2021-02-06,7,4,15963,4725,4.3073045819920495,1.27494920440471,11,20688,fhi:git
county,Innlandet,2021-02-07,0,0,15963,4725,4.3073045819920495,1.27494920440471,0,20688,fhi:git
county,Innlandet,2021-02-08,2,62,15965,4787,4.30784424303095,1.29167869661066,64,20752,fhi:git
county,Innlandet,2021-02-09,257,269,16222,5056,4.37719068652979,1.36426310634291,526,21278,fhi:git
county,Innlandet,2021-02-10,2052,578,18274,5634,4.93088291244269,1.52022514658543,2630,23908,fhi:git
county,Innlandet,2021-02-11,2236,848,20510,6482,5.53422395393453,1.74904142707965,3084,26992,fhi:git
county,Innlandet,2021-02-12,430,283,20940,6765,5.650251077298349,1.82540346408421,713,27705,fhi:git
county,Innlandet,2021-02-13,0,5,20940,6770,5.650251077298349,1.8267526166814598,5,27710,fhi:git
county,Innlandet,2021-02-14,1,0,20941,6770,5.6505209078178,1.8267526166814598,1,27711,fhi:git
county,Innlandet,2021-02-15,87,14,21028,6784,5.67399616301001,1.83053024395377,101,27812,fhi:git
county,Innlandet,2021-02-16,529,92,21557,6876,5.81673650779945,1.85535465174324,621,28433,fhi:git
county,Innlandet,2021-02-17,1575,782,23132,7658,6.24171957593436,2.06636211795371,2357,30790,fhi:git
county,Innlandet,2021-02-18,1469,900,24601,8558,6.638100609007481,2.30920958545937,2369,33159,fhi:git
county,Innlandet,2021-02-19,541,296,25142,8854,6.78407892003033,2.38907941921679,837,33996,fhi:git
county,Innlandet,2021-02-20,0,3,25142,8857,6.78407892003033,2.38988891077514,3,33999,fhi:git
county,Innlandet,2021-02-21,0,1,25142,8858,6.78407892003033,2.3901587412945897,1,34000,fhi:git
county,Innlandet,2021-02-22,283,3,25425,8861,6.860440957034889,2.3909682328529502,286,34286,fhi:git
county,Innlandet,2021-02-23,317,306,25742,9167,6.94597723170077,2.47353637180487,623,34909,fhi:git
county,Innlandet,2021-02-24,847,2318,26589,11485,7.17452368167554,3.09900351589167,3165,38074,fhi:git
county,Innlandet,2021-02-25,1744,2447,28333,13932,7.64510810759762,3.75927879698761,4191,42265,fhi:git
county,Innlandet,2021-02-26,676,813,29009,14745,7.8275135387463095,3.9786510093010596,1489,43754,fhi:git
county,Innlandet,2021-02-27,3,1,29012,14746,7.82832303030467,3.9789208398205096,4,43758,fhi:git
county,Innlandet,2021-02-28,3,6,29015,14752,7.82913252186302,3.98053982293721,9,43767,fhi:git
county,Innlandet,2021-03-01,170,7,29185,14759,7.87500371016964,3.98242863657337,177,43944,fhi:git
county,Innlandet,2021-03-02,503,159,29688,14918,8.010728461453361,4.02533168916604,662,44606,fhi:git
county,Innlandet,2021-03-03,1547,1967,31235,16885,8.428156275043651,4.55608832092563,3514,48120,fhi:git
county,Innlandet,2021-03-04,1483,2244,32718,19129,8.82831493538908,5.16158800657307,3727,51847,fhi:git
county,Innlandet,2021-03-05,522,397,33240,19526,8.969166466542369,5.268710722795009,919,52766,fhi:git
county,Innlandet,2021-03-06,2,3,33242,19529,8.96970612758127,5.269520214353361,5,52771,fhi:git
county,Innlandet,2021-03-07,0,0,33242,19529,8.96970612758127,5.269520214353361,0,52771,fhi:git
county,Innlandet,2021-03-08,102,0,33344,19529,8.99722884056524,5.269520214353361,102,52873,fhi:git
county,Innlandet,2021-03-09,934,311,34278,19840,9.24925054573223,5.35343750590254,1245,54118,fhi:git
county,Innlandet,2021-03-10,1994,1308,36272,21148,9.78729260151699,5.7063758253441,3302,57420,fhi:git
county,Innlandet,2021-03-11,1006,950,37278,22098,10.0587421040844,5.962714818822299,1956,59376,fhi:git
county,Innlandet,2021-03-12,39,177,37317,22275,10.069265494343,6.01047482076508,216,59592,fhi:git
county,Innlandet,2021-03-13,0,0,37317,22275,10.069265494343,6.01047482076508,0,59592,fhi:git
county,Innlandet,2021-03-14,0,0,37317,22275,10.069265494343,6.01047482076508,0,59592,fhi:git
county,Vestfold og Telemark,2020-12-27,0,0,0,0,0.0,0.0,0,0,fhi:git
county,Vestfold og Telemark,2020-12-28,0,0,0,0,0.0,0.0,0,0,fhi:git
county,Vestfold og Telemark,2020-12-29,0,0,0,0,0.0,0.0,0,0,fhi:git
county,Vestfold og Telemark,2020-12-30,0,0,0,0,0.0,0.0,0,0,fhi:git
county,Vestfold og Telemark,2020-12-31,0,0,0,0,0.0,0.0,0,0,fhi:git
county,Vestfold og Telemark,2021-01-01,0,0,0,0,0.0,0.0,0,0,fhi:git
county,Vestfold og Telemark,2021-01-02,0,0,0,0,0.0,0.0,0,0,fhi:git
county,Vestfold og Telemark,2021-01-03,0,0,0,0,0.0,0.0,0,0,fhi:git
county,Vestfold og Telemark,2021-01-04,1,0,1,0,0.000237033104043311,0.0,1,1,fhi:git
county,Vestfold og Telemark,2021-01-05,218,0,219,0,0.051910249785484995,0.0,218,219,fhi:git
county,Vestfold og Telemark,2021-01-06,1026,0,1245,0,0.295106214533922,0.0,1026,1245,fhi:git
county,Vestfold og Telemark,2021-01-07,442,0,1687,0,0.39987484652106503,0.0,442,1687,fhi:git
county,Vestfold og Telemark,2021-01-08,63,0,1750,0,0.41480793207579403,0.0,63,1750,fhi:git
county,Vestfold og Telemark,2021-01-09,0,0,1750,0,0.41480793207579403,0.0,0,1750,fhi:git
county,Vestfold og Telemark,2021-01-10,2,0,1752,0,0.41528199828387996,0.0,2,1752,fhi:git
county,Vestfold og Telemark,2021-01-11,3,0,1755,0,0.41599309759601005,0.0,3,1755,fhi:git
county,Vestfold og Telemark,2021-01-12,418,0,2173,0,0.5150729350861141,0.0,418,2173,fhi:git
county,Vestfold og Telemark,2021-01-13,1166,0,3339,0,0.7914535344006141,0.0,1166,3339,fhi:git
county,Vestfold og Telemark,2021-01-14,583,0,3922,0,0.929643834057865,0.0,583,3922,fhi:git
county,Vestfold og Telemark,2021-01-15,157,0,4079,0,0.966858031392664,0.0,157,4079,fhi:git
county,Vestfold og Telemark,2021-01-16,3,0,4082,0,0.9675691307047941,0.0,3,4082,fhi:git
county,Vestfold og Telemark,2021-01-17,41,0,4123,0,0.9772874879705699,0.0,41,4123,fhi:git
county,Vestfold og Telemark,2021-01-18,7,0,4130,0,0.9789467196988728,0.0,7,4130,fhi:git
county,Vestfold og Telemark,2021-01-19,232,0,4362,0,1.03393839983692,0.0,232,4362,fhi:git
county,Vestfold og Telemark,2021-01-20,1607,0,5969,0,1.41485059803452,0.0,1607,5969,fhi:git
county,Vestfold og Telemark,2021-01-21,829,0,6798,0,1.61135104128643,0.0,829,6798,fhi:git
county,Vestfold og Telemark,2021-01-22,181,0,6979,0,1.65425403311827,0.0,181,6979,fhi:git
county,Vestfold og Telemark,2021-01-23,3,0,6982,0,1.6549651324304,0.0,3,6982,fhi:git
county,Vestfold og Telemark,2021-01-24,0,0,6982,0,1.6549651324304,0.0,0,6982,fhi:git
county,Vestfold og Telemark,2021-01-25,44,0,7026,0,1.6653945890083,0.0,44,7026,fhi:git
county,Vestfold og Telemark,2021-01-26,103,179,7129,179,1.6898089987247602,0.0424289256237526,282,7308,fhi:git
county,Vestfold og Telemark,2021-01-27,1623,898,8752,1077,2.07451372658706,0.25528465305464604,2521,9829,fhi:git
county,Vestfold og Telemark,2021-01-28,653,449,9405,1526,2.2292963435273396,0.36171251677009203,1102,10931,fhi:git
county,Vestfold og Telemark,2021-01-29,86,90,9491,1616,2.24968119047506,0.38304549613398997,176,11107,fhi:git
county,Vestfold og Telemark,2021-01-30,0,0,9491,1616,2.24968119047506,0.38304549613398997,0,11107,fhi:git
county,Vestfold og Telemark,2021-01-31,1,1,9492,1617,2.24991822357911,0.3832825292380329,2,11109,fhi:git
county,Vestfold og Telemark,2021-02-01,50,1,9542,1618,2.26176987878127,0.38351956234207707,51,11160,fhi:git
county,Vestfold og Telemark,2021-02-02,463,327,10005,1945,2.37151620595332,0.46102938736423904,790,11950,fhi:git
county,Vestfold og Telemark,2021-02-03,3215,847,13220,2792,3.1335776354525695,0.661796426488924,4062,16012,fhi:git
county,Vestfold og Telemark,2021-02-04,1902,708,15122,3500,3.58441459934294,0.8296158641515881,2610,18622,fhi:git
county,Vestfold og Telemark,2021-02-05,963,245,16085,3745,3.8126774785366497,0.8876889746421991,1208,19830,fhi:git
county,Vestfold og Telemark,2021-02-06,0,4,16085,3749,3.8126774785366497,0.8886371070583721,4,19834,fhi:git
county,Vestfold og Telemark,2021-02-07,2,1,16087,3750,3.81315154474474,0.8888741401624151,3,19837,fhi:git
county,Vestfold og Telemark,2021-02-08,17,46,16104,3796,3.81718110751348,0.8997776629484069,63,19900,fhi:git
county,Vestfold og Telemark,2021-02-09,356,208,16460,4004,3.9015648925528903,0.9490805485894158,564,20464,fhi:git
county,Vestfold og Telemark,2021-02-10,2886,1396,19346,5400,4.585642430821889,1.27997876183388,4282,24746,fhi:git
county,Vestfold og Telemark,2021-02-11,1539,877,20885,6277,4.9504363779445395,1.4878567940798602,2416,27162,fhi:git
county,Vestfold og Telemark,2021-02-12,602,213,21487,6490,5.09313030657862,1.5383448452410902,815,27977,fhi:git
county,Vestfold og Telemark,2021-02-13,2,2,21489,6492,5.0936043727867,1.5388189114491697,4,27981,fhi:git
county,Vestfold og Telemark,2021-02-14,0,0,21489,6492,5.0936043727867,1.5388189114491697,0,27981,fhi:git
county,Vestfold og Telemark,2021-02-15,4,2,21493,6494,5.09455250520288,1.53929297765726,6,27987,fhi:git
county,Vestfold og Telemark,2021-02-16,577,76,22070,6570,5.23132060623587,1.55730749356455,653,28640,fhi:git
county,Vestfold og Telemark,2021-02-17,3023,1529,25093,8099,5.9478716797588005,1.91973110964677,4552,33192,fhi:git
county,Vestfold og Telemark,2021-02-18,1816,627,26909,8726,6.3783237967014506,2.06835086588193,2443,35635,fhi:git
county,Vestfold og Telemark,2021-02-19,280,83,27189,8809,6.44469306583358,2.0880246135175202,363,35998,fhi:git
county,Vestfold og Telemark,2021-02-20,0,1,27189,8810,6.44469306583358,2.08826164662157,1,35999,fhi:git
county,Vestfold og Telemark,2021-02-21,1,1,27190,8811,6.44493009893762,2.08849867972561,2,36001,fhi:git
county,Vestfold og Telemark,2021-02-22,51,0,27241,8811,6.45701878724383,2.08849867972561,51,36052,fhi:git
county,Vestfold og Telemark,2021-02-23,628,384,27869,9195,6.60587557658303,2.17951939167824,1012,37064,fhi:git
county,Vestfold og Telemark,2021-02-24,662,2868,28531,12063,6.7627914914597,2.8593303340744596,3530,40594,fhi:git
county,Vestfold og Telemark,2021-02-25,700,1991,29231,14054,6.92871466429001,3.33126324422469,2691,43285,fhi:git
county,Vestfold og Telemark,2021-02-26,543,845,29774,14899,7.05742363978553,3.5315562171412904,1388,44673,fhi:git
county,Vestfold og Telemark,2021-02-27,3,1,29777,14900,7.058134739097659,3.53179325024533,4,44677,fhi:git
county,Vestfold og Telemark,2021-02-28,0,0,29777,14900,7.058134739097659,3.53179325024533,0,44677,fhi:git
county,Vestfold og Telemark,2021-03-01,603,0,30380,14900,7.20106570083578,3.53179325024533,603,45280,fhi:git
county,Vestfold og Telemark,2021-03-02,843,354,31223,15254,7.40088460754429,3.6157029690766604,1197,46477,fhi:git
county,Vestfold og Telemark,2021-03-03,1951,2800,33174,18054,7.86333619353279,4.27939566039793,4751,51228,fhi:git
county,Vestfold og Telemark,2021-03-04,994,1428,34168,19482,8.098947098951841,4.61787893297178,2422,53650,fhi:git
county,Vestfold og Telemark,2021-03-05,1455,584,35623,20066,8.44383026533486,4.756306265733071,2039,55689,fhi:git
county,Vestfold og Telemark,2021-03-06,2,1,35625,20067,8.44430433154294,4.75654329883712,3,55692,fhi:git
county,Vestfold og Telemark,2021-03-07,0,0,35625,20067,8.44430433154294,4.75654329883712,0,55692,fhi:git
county,Vestfold og Telemark,2021-03-08,225,0,35850,20067,8.49763677995269,4.75654329883712,225,55917,fhi:git
county,Vestfold og Telemark,2021-03-09,896,124,36746,20191,8.71001844117549,4.78593540373849,1020,56937,fhi:git
county,Vestfold og Telemark,2021-03-10,1506,2221,38252,22412,9.06699029586472,5.31238592781868,3727,60664,fhi:git
county,Vestfold og Telemark,2021-03-11,264,787,38516,23199,9.129567035332151,5.498930980700769,1051,61715,fhi:git
county,Vestfold og Telemark,2021-03-12,33,112,38549,23311,9.13738912776558,5.52547868835362,145,61860,fhi:git
county,Vestfold og Telemark,2021-03-13,0,1,38549,23312,9.13738912776558,5.52571572145766,1,61861,fhi:git
county,Vestfold og Telemark,2021-03-14,0,0,38549,23312,9.13738912776558,5.52571572145766,0,61861,fhi:git
county,Agder,2020-12-27,0,0,0,0,0.0,0.0,0,0,fhi:git
county,Agder,2020-12-28,0,0,0,0,0.0,0.0,0,0,fhi:git
county,Agder,2020-12-29,0,0,0,0,0.0,0.0,0,0,fhi:git
county,Agder,2020-12-30,0,0,0,0,0.0,0.0,0,0,fhi:git
county,Agder,2020-12-31,0,0,0,0,0.0,0.0,0,0,fhi:git
county,Agder,2021-01-01,0,0,0,0,0.0,0.0,0,0,fhi:git
county,Agder,2021-01-02,0,0,0,0,0.0,0.0,0,0,fhi:git
county,Agder,2021-01-03,3,0,3,0,0.000976463963597423,0.0,3,3,fhi:git
county,Agder,2021-01-04,0,0,3,0,0.000971367329031255,0.0,0,3,fhi:git
county,Agder,2021-01-05,79,0,82,0,0.026550706993521002,0.0,79,82,fhi:git
county,Agder,2021-01-06,791,0,873,0,0.282667892748095,0.0,791,873,fhi:git
county,Agder,2021-01-07,230,0,1103,0,0.35713938797382505,0.0,230,1103,fhi:git
county,Agder,2021-01-08,49,0,1152,0,0.373005054348002,0.0,49,1152,fhi:git
county,Agder,2021-01-09,0,0,1152,0,0.373005054348002,0.0,0,1152,fhi:git
county,Agder,2021-01-10,0,0,1152,0,0.373005054348002,0.0,0,1152,fhi:git
county,Agder,2021-01-11,1,0,1153,0,0.3733288434576789,0.0,1,1153,fhi:git
county,Agder,2021-01-12,226,0,1379,0,0.44650518224470004,0.0,226,1379,fhi:git
county,Agder,2021-01-13,847,0,2226,0,0.7207545581411908,0.0,847,2226,fhi:git
county,Agder,2021-01-14,512,0,2738,0,0.886534582295859,0.0,512,2738,fhi:git
county,Agder,2021-01-15,119,0,2857,0,0.925065486347432,0.0,119,2857,fhi:git
county,Agder,2021-01-16,1,0,2858,0,0.925389275457109,0.0,1,2858,fhi:git
county,Agder,2021-01-17,2,0,2860,0,0.926036853676463,0.0,2,2860,fhi:git
county,Agder,2021-01-18,15,0,2875,0,0.93089369032162,0.0,15,2875,fhi:git
county,Agder,2021-01-19,347,0,3222,0,1.04324851137957,0.0,347,3222,fhi:git
county,Agder,2021-01-20,459,0,3681,0,1.19186771272135,0.0,459,3681,fhi:git
county,Agder,2021-01-21,336,0,4017,0,1.30066085357285,0.0,336,4017,fhi:git
county,Agder,2021-01-22,66,0,4083,0,1.32203093481154,0.0,66,4083,fhi:git
county,Agder,2021-01-23,2,0,4085,0,1.32267851303089,0.0,2,4085,fhi:git
county,Agder,2021-01-24,0,0,4085,0,1.32267851303089,0.0,0,4085,fhi:git
county,Agder,2021-01-25,1,0,4086,0,1.3230023021405701,0.0,1,4086,fhi:git
county,Agder,2021-01-26,63,66,4149,66,1.3434010160502299,0.0213700812386876,129,4215,fhi:git
county,Agder,2021-01-27,567,681,4716,747,1.5269894412371299,0.24187046492878303,1248,5463,fhi:git
county,Agder,2021-01-28,951,248,5667,995,1.83491288454004,0.32217016412870003,1199,6662,fhi:git
county,Agder,2021-01-29,204,61,5871,1056,1.9009658629141701,0.341921299819002,265,6927,fhi:git
county,Agder,2021-01-30,32,0,5903,1056,1.9113271144238302,0.341921299819002,32,6959,fhi:git
county,Agder,2021-01-31,24,0,5927,1056,1.91909805305608,0.341921299819002,24,6983,fhi:git
county,Agder,2021-02-01,1,2,5928,1058,1.91942184216576,0.342568878038356,3,6986,fhi:git
county,Agder,2021-02-02,203,170,6131,1228,1.9851510314302099,0.397613026683461,373,7359,fhi:git
county,Agder,2021-02-03,1331,593,7462,1821,2.41611433641041,0.5896199687219721,1924,9283,fhi:git
county,Agder,2021-02-04,1707,497,9169,2318,2.9688223466291896,0.7505431562314829,2204,11487,fhi:git
county,Agder,2021-02-05,619,134,9788,2452,3.1692478055193103,0.793930896928213,753,12240,fhi:git
county,Agder,2021-02-06,510,2,10298,2454,3.3343802514546206,0.794578475147567,512,12752,fhi:git
county,Agder,2021-02-07,83,2,10381,2456,3.3612547475578203,0.795226053366921,85,12837,fhi:git
county,Agder,2021-02-08,13,2,10394,2458,3.3654640059836205,0.795873631586275,15,12852,fhi:git
county,Agder,2021-02-09,189,254,10583,2712,3.42666014771259,0.878116065444255,443,13295,fhi:git
county,Agder,2021-02-10,1152,371,11735,3083,3.7996652020605897,0.998241825134453,1523,14818,fhi:git
county,Agder,2021-02-11,1010,404,12745,3487,4.12669220283445,1.129052625444,1414,16232,fhi:git
county,Agder,2021-02-12,354,70,13099,3557,4.24131354766014,1.1517178631213898,424,16656,fhi:git
county,Agder,2021-02-13,509,2,13608,3559,4.40612220448578,1.15236544134075,511,17167,fhi:git
county,Agder,2021-02-14,0,0,13608,3559,4.40612220448578,1.15236544134075,0,17167,fhi:git
county,Agder,2021-02-15,1,2,13609,3561,4.40644599359545,1.1530130195601,3,17170,fhi:git
county,Agder,2021-02-16,141,114,13750,3675,4.45210025805992,1.18992497806329,255,17425,fhi:git
county,Agder,2021-02-17,1218,435,14968,4110,4.84647539364661,1.33077324077282,1653,19078,fhi:git
county,Agder,2021-02-18,1089,820,16057,4930,5.19908173408496,1.5962803107080301,1909,20987,fhi:git
county,Agder,2021-02-19,719,343,16776,5273,5.43188610394278,1.70733997532727,1062,22049,fhi:git
county,Agder,2021-02-20,341,37,17117,5310,5.542298190342669,1.71932017238532,378,22427,fhi:git
county,Agder,2021-02-21,52,23,17169,5333,5.55913522404588,1.7267673219079,75,22502,fhi:git
county,Agder,2021-02-22,224,1,17393,5334,5.631663984613541,1.7270911110175702,225,22727,fhi:git
county,Agder,2021-02-23,294,201,17687,5535,5.72685798285861,1.79217272206267,495,23222,fhi:git
county,Agder,2021-02-24,943,1110,18630,6645,6.0321911132840995,2.15157863380423,2053,25275,fhi:git
county,Agder,2021-02-25,718,1563,19348,8208,6.26467169403224,2.65766101222952,2281,27556,fhi:git
county,Agder,2021-02-26,398,466,19746,8674,6.39353975968372,2.8085467373390403,864,28420,fhi:git
county,Agder,2021-02-27,0,1,19746,8675,6.39353975968372,2.80887052644871,1,28421,fhi:git
county,Agder,2021-02-28,10,82,19756,8757,6.3967776507805,2.83542123344223,92,28513,fhi:git
county,Agder,2021-03-01,259,0,20015,8757,6.48063903018686,2.83542123344223,259,28772,fhi:git
county,Agder,2021-03-02,579,192,20594,8949,6.66811292468989,2.8975887425002402,771,29543,fhi:git
county,Agder,2021-03-03,630,878,21224,9827,6.87210006378645,3.1818755807967203,1508,31051,fhi:git
county,Agder,2021-03-04,795,1068,22019,10895,7.129512405979741,3.5276823499318395,1863,32914,fhi:git
county,Agder,2021-03-05,954,336,22973,11231,7.4384072166116795,3.6364754907833396,1290,34204,fhi:git
county,Agder,2021-03-06,14,405,22987,11636,7.44294026414716,3.7676100802025596,419,34623,fhi:git
county,Agder,2021-03-07,3,0,22990,11636,7.44391163147619,3.7676100802025596,3,34626,fhi:git
county,Agder,2021-03-08,177,0,23167,11636,7.50122230388903,3.7676100802025596,177,34803,fhi:git
county,Agder,2021-03-09,713,141,23880,11777,7.73208393908879,3.81326434466703,854,35657,fhi:git
county,Agder,2021-03-10,1021,784,24901,12561,8.0626726200691,4.067115006653871,1805,37462,fhi:git
county,Agder,2021-03-11,618,759,25519,13320,8.26277428984954,4.31287094089877,1377,38839,fhi:git
county,Agder,2021-03-12,94,316,25613,13636,8.293210466159179,4.41518829955673,410,39249,fhi:git
county,Agder,2021-03-13,0,0,25613,13636,8.293210466159179,4.41518829955673,0,39249,fhi:git
county,Agder,2021-03-14,0,0,25613,13636,8.293210466159179,4.41518829955673,0,39249,fhi:git
county,Vestland,2020-12-27,0,0,0,0,0.0,0.0,0,0,fhi:git
county,Vestland,2020-12-28,0,0,0,0,0.0,0.0,0,0,fhi:git
county,Vestland,2020-12-29,0,0,0,0,0.0,0.0,0,0,fhi:git
county,Vestland,2020-12-30,0,0,0,0,0.0,0.0,0,0,fhi:git
county,Vestland,2020-12-31,0,0,0,0,0.0,0.0,0,0,fhi:git
county,Vestland,2021-01-01,0,0,0,0,0.0,0.0,0,0,fhi:git
county,Vestland,2021-01-02,0,0,0,0,0.0,0.0,0,0,fhi:git
county,Vestland,2021-01-03,0,0,0,0,0.0,0.0,0,0,fhi:git
county,Vestland,2021-01-04,2,0,2,0,0.000313076746068147,0.0,2,2,fhi:git
county,Vestland,2021-01-05,416,0,418,0,0.0654330399282428,0.0,416,418,fhi:git
county,Vestland,2021-01-06,1254,0,1672,0,0.261732159712971,0.0,1254,1672,fhi:git
county,Vestland,2021-01-07,716,0,2388,0,0.37381363480536794,0.0,716,2388,fhi:git
county,Vestland,2021-01-08,139,0,2527,0,0.395572468657104,0.0,139,2527,fhi:git
county,Vestland,2021-01-09,0,0,2527,0,0.395572468657104,0.0,0,2527,fhi:git
county,Vestland,2021-01-10,0,0,2527,0,0.395572468657104,0.0,0,2527,fhi:git
county,Vestland,2021-01-11,65,0,2592,0,0.40574746290431896,0.0,65,2592,fhi:git
county,Vestland,2021-01-12,855,0,3447,0,0.539587771848452,0.0,855,3447,fhi:git
county,Vestland,2021-01-13,1126,0,4573,0,0.7158499798848191,0.0,1126,4573,fhi:git
county,Vestland,2021-01-14,998,0,5571,0,0.872075276172825,0.0,998,5571,fhi:git
county,Vestland,2021-01-15,425,0,5996,0,0.9386040847123059,0.0,425,5996,fhi:git
county,Vestland,2021-01-16,2,0,5998,0,0.938917161458374,0.0,2,5998,fhi:git
county,Vestland,2021-01-17,1,0,5999,0,0.939073699831408,0.0,1,5999,fhi:git
county,Vestland,2021-01-18,62,0,6061,0,0.9487790789595211,0.0,62,6061,fhi:git
county,Vestland,2021-01-19,368,0,6429,0,1.00638520023606,0.0,368,6429,fhi:git
county,Vestland,2021-01-20,1235,0,7664,0,1.19971009093314,0.0,1235,7664,fhi:git
county,Vestland,2021-01-21,781,0,8445,0,1.32196656027275,0.0,781,8445,fhi:git
county,Vestland,2021-01-22,313,0,8758,0,1.3709630710324199,0.0,313,8758,fhi:git
county,Vestland,2021-01-23,0,0,8758,0,1.3709630710324199,0.0,0,8758,fhi:git
county,Vestland,2021-01-24,0,0,8758,0,1.3709630710324199,0.0,0,8758,fhi:git
county,Vestland,2021-01-25,2,0,8760,0,1.3712761477784898,0.0,2,8760,fhi:git
county,Vestland,2021-01-26,152,174,8912,174,1.3950699804796698,0.0272376769079288,326,9086,fhi:git
county,Vestland,2021-01-27,1590,1208,10502,1382,1.6439659936038402,0.21633603153309,2798,11884,fhi:git
county,Vestland,2021-01-28,1940,682,12442,2064,1.94765043728995,0.323095201942328,2622,14506,fhi:git
county,Vestland,2021-01-29,481,176,12923,2240,2.02294539471933,0.350645955596325,657,15163,fhi:git
county,Vestland,2021-01-30,1,0,12924,2240,2.02310193309237,0.350645955596325,1,15164,fhi:git
county,Vestland,2021-01-31,1,0,12925,2240,2.0232584714654,0.350645955596325,1,15165,fhi:git
county,Vestland,2021-02-01,13,59,12938,2299,2.02529347031485,0.359881719605335,72,15237,fhi:git
county,Vestland,2021-02-02,722,581,13660,2880,2.13831417564545,0.450830514338132,1303,16540,fhi:git
county,Vestland,2021-02-03,2830,1041,16490,3921,2.58131777133188,0.613786960666603,3871,20411,fhi:git
county,Vestland,2021-02-04,2590,1100,19080,5021,2.98675215749013,0.7859791710040841,3690,24101,fhi:git
county,Vestland,2021-02-05,911,487,19991,5508,3.12935861532417,0.862213358671678,1398,25499,fhi:git
county,Vestland,2021-02-06,0,2,19991,5510,3.12935861532417,0.862526435417746,2,25501,fhi:git
county,Vestland,2021-02-07,2,1,19993,5511,3.1296716920702403,0.86268297379078,3,25504,fhi:git
county,Vestland,2021-02-08,8,49,20001,5560,3.13092399905451,0.8703533540694499,57,25561,fhi:git
county,Vestland,2021-02-09,891,305,20892,5865,3.2703996894278697,0.918097557844842,1196,26757,fhi:git
county,Vestland,2021-02-10,2755,970,23647,6835,3.70166290713674,1.06993977968789,3725,30482,fhi:git
county,Vestland,2021-02-11,2697,833,26344,7668,4.12384689920964,1.20033624442528,3530,34012,fhi:git
county,Vestland,2021-02-12,617,459,26961,8127,4.22043107537166,1.27218735764792,1076,35088,fhi:git
county,Vestland,2021-02-13,0,0,26961,8127,4.22043107537166,1.27218735764792,0,35088,fhi:git
county,Vestland,2021-02-14,0,2,26961,8129,4.22043107537166,1.27250043439399,2,35090,fhi:git
county,Vestland,2021-02-15,94,1,27055,8130,4.235145682436859,1.27265697276702,95,35185,fhi:git
county,Vestland,2021-02-16,1064,56,28119,8186,4.40170251134512,1.28142312165693,1120,36305,fhi:git
county,Vestland,2021-02-17,2681,1325,30800,9511,4.821381889449469,1.4888364659270803,4006,40311,fhi:git
county,Vestland,2021-02-18,1990,1976,32790,11487,5.13289325178728,1.7981562910424098,3966,44277,fhi:git
county,Vestland,2021-02-19,1134,539,33924,12026,5.31040776680792,1.88253047410777,1673,45950,fhi:git
county,Vestland,2021-02-20,1,3,33925,12029,5.31056430518095,1.8830000892268703,4,45954,fhi:git
county,Vestland,2021-02-21,0,1,33925,12030,5.31056430518095,1.8831566275999099,1,45955,fhi:git
county,Vestland,2021-02-22,48,2,33973,12032,5.31807814708659,1.8834697043459698,50,46005,fhi:git
county,Vestland,2021-02-23,509,591,34482,12623,5.39775617896093,1.97598388280911,1100,47105,fhi:git
county,Vestland,2021-02-24,1321,2399,35803,15022,5.60454336973894,2.35151943971786,3720,50825,fhi:git
county,Vestland,2021-02-25,1234,2645,37037,17667,5.79771172206299,2.76556343639298,3879,54704,fhi:git
county,Vestland,2021-02-26,1384,873,38421,18540,6.0143608303421505,2.9022214360517298,2257,56961,fhi:git
county,Vestland,2021-02-27,1,0,38422,18540,6.01451736871518,2.9022214360517298,1,56962,fhi:git
county,Vestland,2021-02-28,0,7,38422,18547,6.01451736871518,2.9033172046629705,7,56969,fhi:git
county,Vestland,2021-03-01,440,11,38862,18558,6.08339425285017,2.90503912676634,451,57420,fhi:git
county,Vestland,2021-03-02,1336,756,40198,19314,6.2925295192237005,3.0233821367801,2092,59512,fhi:git
county,Vestland,2021-03-03,1741,2033,41939,21347,6.565062826676019,3.34162464915837,3774,63286,fhi:git
county,Vestland,2021-03-04,1775,2813,43714,24160,6.8429184388115,3.7819670925032205,4588,67874,fhi:git
county,Vestland,2021-03-05,1239,893,44953,25053,7.03686948300072,3.92175585962265,2132,70006,fhi:git
county,Vestland,2021-03-06,1,6,44954,25059,7.03702602137375,3.92269508986085,7,70013,fhi:git
county,Vestland,2021-03-07,2,0,44956,25059,7.03733909811982,3.92269508986085,2,70015,fhi:git
county,Vestland,2021-03-08,630,14,45586,25073,7.13595827313128,3.92488662708333,644,70659,fhi:git
county,Vestland,2021-03-09,1498,510,47084,25583,7.370452755936331,4.00472119733071,2008,72667,fhi:git
county,Vestland,2021-03-10,2395,1806,49479,27389,7.745362159352929,4.287429499030241,4201,76868,fhi:git
county,Vestland,2021-03-11,1366,1437,50845,28826,7.95919357691748,4.51237514108021,2803,79671,fhi:git
county,Vestland,2021-03-12,139,713,50984,29539,7.98095241076921,4.6239870010535,852,80523,fhi:git
county,Vestland,2021-03-13,4,1,50988,29540,7.9815785642613495,4.62414353942654,5,80528,fhi:git
county,Vestland,2021-03-14,0,0,50988,29540,7.9815785642613495,4.62414353942654,0,80528,fhi:git
county,Trøndelag,2020-12-27,0,0,0,0,0.0,0.0,0,0,fhi:git
county,Trøndelag,2020-12-28,0,0,0,0,0.0,0.0,0,0,fhi:git
county,Trøndelag,2020-12-29,0,0,0,0,0.0,0.0,0,0,fhi:git
county,Trøndelag,2020-12-30,0,0,0,0,0.0,0.0,0,0,fhi:git
county,Trøndelag,2020-12-31,0,0,0,0,0.0,0.0,0,0,fhi:git
county,Trøndelag,2021-01-01,0,0,0,0,0.0,0.0,0,0,fhi:git
county,Trøndelag,2021-01-02,0,0,0,0,0.0,0.0,0,0,fhi:git
county,Trøndelag,2021-01-03,0,0,0,0,0.0,0.0,0,0,fhi:git
county,Trøndelag,2021-01-04,3,0,3,0,0.000636775031626493,0.0,3,3,fhi:git
county,Trøndelag,2021-01-05,407,0,410,0,0.0870259209889541,0.0,407,410,fhi:git
county,Trøndelag,2021-01-06,674,0,1084,0,0.23008804476104003,0.0,674,1084,fhi:git
county,Trøndelag,2021-01-07,484,0,1568,0,0.332821083196781,0.0,484,1568,fhi:git
county,Trøndelag,2021-01-08,141,0,1709,0,0.36274950968322606,0.0,141,1709,fhi:git
county,Trøndelag,2021-01-09,0,0,1709,0,0.36274950968322606,0.0,0,1709,fhi:git
county,Trøndelag,2021-01-10,0,0,1709,0,0.36274950968322606,0.0,0,1709,fhi:git
county,Trøndelag,2021-01-11,95,0,1804,0,0.38291405235139797,0.0,95,1804,fhi:git
county,Trøndelag,2021-01-12,500,0,2304,0,0.48904322428914704,0.0,500,2304,fhi:git
county,Trøndelag,2021-01-13,860,0,3164,0,0.6715854000220749,0.0,860,3164,fhi:git
county,Trøndelag,2021-01-14,670,0,3834,0,0.813798490418659,0.0,670,3834,fhi:git
county,Trøndelag,2021-01-15,253,0,4087,0,0.867499851419159,0.0,253,4087,fhi:git
county,Trøndelag,2021-01-16,0,0,4087,0,0.867499851419159,0.0,0,4087,fhi:git
county,Trøndelag,2021-01-17,0,0,4087,0,0.867499851419159,0.0,0,4087,fhi:git
county,Trøndelag,2021-01-18,152,0,4239,0,0.899763119688235,0.0,152,4239,fhi:git
county,Trøndelag,2021-01-19,567,0,4806,0,1.0201136006656402,0.0,567,4806,fhi:git
county,Trøndelag,2021-01-20,735,0,5541,0,1.1761234834141299,0.0,735,5541,fhi:git
county,Trøndelag,2021-01-21,530,0,6071,0,1.2886204056681498,0.0,530,6071,fhi:git
county,Trøndelag,2021-01-22,283,0,6354,0,1.3486895169849098,0.0,283,6354,fhi:git
county,Trøndelag,2021-01-23,1,0,6355,0,1.34890177532879,0.0,1,6355,fhi:git
county,Trøndelag,2021-01-24,0,0,6355,0,1.34890177532879,0.0,0,6355,fhi:git
county,Trøndelag,2021-01-25,1,0,6356,0,1.34911403367266,0.0,1,6356,fhi:git
county,Trøndelag,2021-01-26,313,184,6669,184,1.41555089530569,0.0390555352730916,497,6853,fhi:git
county,Trøndelag,2021-01-27,992,590,7661,774,1.6261111724301898,0.164287958159635,1582,8435,fhi:git
county,Trøndelag,2021-01-28,727,481,8388,1255,1.7804229884276799,0.26638422156374997,1208,9643,fhi:git
county,Trøndelag,2021-01-29,419,229,8807,1484,1.8693592345115102,0.314991382311239,648,10291,fhi:git
county,Trøndelag,2021-01-30,1,0,8808,1484,1.86957149285538,0.314991382311239,1,10292,fhi:git
county,Trøndelag,2021-01-31,1,1,8809,1485,1.86978375119926,0.315203640655114,2,10294,fhi:git
county,Trøndelag,2021-02-01,14,86,8823,1571,1.87275536801352,0.33345785822840696,100,10394,fhi:git
county,Trøndelag,2021-02-02,834,392,9657,1963,2.04977882680568,0.41666312902760205,1226,11620,fhi:git
county,Trøndelag,2021-02-03,2125,809,11782,2772,2.50082780754111,0.58838012922288,2934,14554,fhi:git
county,Trøndelag,2021-02-04,2128,597,13910,3369,2.95251356330817,0.7150983605165521,2725,17279,fhi:git
county,Trøndelag,2021-02-05,1293,320,15203,3689,3.22696360193919,0.7830210305567109,1613,18892,fhi:git
county,Trøndelag,2021-02-06,7,0,15210,3689,3.2284494103463195,0.7830210305567109,7,18899,fhi:git
county,Trøndelag,2021-02-07,1,0,15211,3689,3.2286616686902003,0.7830210305567109,1,18900,fhi:git
county,Trøndelag,2021-02-08,3,150,15214,3839,3.22929844372182,0.8148597821380359,153,19053,fhi:git
county,Trøndelag,2021-02-09,836,522,16050,4361,3.40674641920174,0.925658637641046,1358,20411,fhi:git
county,Trøndelag,2021-02-10,2225,626,18275,4987,3.8790212343247203,1.05853236090711,2851,23262,fhi:git
county,Trøndelag,2021-02-11,2342,579,20617,5566,4.37613027568114,1.1814299420110201,2921,26183,fhi:git
county,Trøndelag,2021-02-12,885,350,21502,5916,4.56397891001095,1.25572036236744,1235,27418,fhi:git
county,Trøndelag,2021-02-13,1,0,21503,5916,4.56419116835483,1.25572036236744,1,27419,fhi:git
county,Trøndelag,2021-02-14,0,0,21503,5916,4.56419116835483,1.25572036236744,0,27419,fhi:git
county,Trøndelag,2021-02-15,0,2,21503,5918,4.56419116835483,1.2561448790552,2,27421,fhi:git
county,Trøndelag,2021-02-16,343,210,21846,6128,4.63699578030412,1.30071913126905,553,27974,fhi:git
county,Trøndelag,2021-02-17,2231,905,24077,7033,5.11054414549036,1.49281293247638,3136,31110,fhi:git
county,Trøndelag,2021-02-18,2098,751,26175,7784,5.5558621509411505,1.6522189487268701,2849,33959,fhi:git
county,Trøndelag,2021-02-19,1260,410,27435,8194,5.82330766422428,1.73924486971583,1670,35629,fhi:git
county,Trøndelag,2021-02-20,0,1,27435,8195,5.82330766422428,1.7394571280596998,1,35630,fhi:git
county,Trøndelag,2021-02-21,0,3,27435,8198,5.82330766422428,1.7400939030913298,3,35633,fhi:git
county,Trøndelag,2021-02-22,17,2,27452,8200,5.82691605607016,1.7405184197790802,19,35652,fhi:git
county,Trøndelag,2021-02-23,333,674,27785,8874,5.89759808458071,1.8835805435511699,1007,36659,fhi:git
county,Trøndelag,2021-02-24,971,2045,28756,10919,6.1037009364838095,2.31764885677656,3016,39675,fhi:git
county,Trøndelag,2021-02-25,464,1960,29220,12879,6.20218880804204,2.73367521077254,2424,42099,fhi:git
county,Trøndelag,2021-02-26,610,1146,29830,14025,6.331666397806099,2.9769232728538597,1756,43855,fhi:git
county,Trøndelag,2021-02-27,4,1,29834,14026,6.3325154311816,2.97713553119773,5,43860,fhi:git
county,Trøndelag,2021-02-28,1,0,29835,14026,6.3327276895254805,2.97713553119773,1,43861,fhi:git
county,Trøndelag,2021-03-01,513,0,30348,14026,6.44161621993361,2.97713553119773,513,44374,fhi:git
county,Trøndelag,2021-03-02,817,783,31165,14809,6.61503128687989,3.14333381445225,1600,45974,fhi:git
county,Trøndelag,2021-03-03,1979,2074,33144,16883,7.0350905494095,3.5835576196500294,4053,50027,fhi:git
county,Trøndelag,2021-03-04,1867,2264,35011,19147,7.431376877425049,4.06411051018416,4131,54158,fhi:git
county,Trøndelag,2021-03-05,1021,952,36032,20099,7.64809264652194,4.2661804535536305,1973,56131,fhi:git
county,Trøndelag,2021-03-06,0,0,36032,20099,7.64809264652194,4.2661804535536305,0,56131,fhi:git
county,Trøndelag,2021-03-07,1,0,36033,20099,7.648304904865809,4.2661804535536305,1,56132,fhi:git
county,Trøndelag,2021-03-08,433,0,36466,20099,7.740212767763901,4.2661804535536305,433,56565,fhi:git
county,Trøndelag,2021-03-09,1126,299,37592,20398,7.979215662967711,4.3296456983724,1425,57990,fhi:git
county,Trøndelag,2021-03-10,1659,1473,39251,21871,8.33135225545716,4.642302238901009,3132,61122,fhi:git
county,Trøndelag,2021-03-11,839,1147,40090,23018,8.50943700596871,4.88576255932621,1986,63108,fhi:git
county,Trøndelag,2021-03-12,114,464,40204,23482,8.53363445717051,4.98425043088444,578,63686,fhi:git
county,Trøndelag,2021-03-13,0,0,40204,23482,8.53363445717051,4.98425043088444,0,63686,fhi:git
county,Trøndelag,2021-03-14,0,0,40204,23482,8.53363445717051,4.98425043088444,0,63686,fhi:git
county,Troms og Finnmark,2020-12-27,0,0,0,0,0.0,0.0,0,0,fhi:git
county,Troms og Finnmark,2020-12-28,1,0,1,0,0.00041099662571770297,0.0,1,1,fhi:git
county,Troms og Finnmark,2020-12-29,0,0,1,0,0.00041099662571770297,0.0,0,1,fhi:git
county,Troms og Finnmark,2020-12-30,0,0,1,0,0.00041099662571770297,0.0,0,1,fhi:git
county,Troms og Finnmark,2020-12-31,0,0,1,0,0.00041099662571770297,0.0,0,1,fhi:git
county,Troms og Finnmark,2021-01-01,0,0,1,0,0.00041099662571770297,0.0,0,1,fhi:git
county,Troms og Finnmark,2021-01-02,0,0,1,0,0.00041099662571770297,0.0,0,1,fhi:git
county,Troms og Finnmark,2021-01-03,0,0,1,0,0.00041099662571770297,0.0,0,1,fhi:git
county,Troms og Finnmark,2021-01-04,0,0,1,0,0.00041293647385286204,0.0,0,1,fhi:git
county,Troms og Finnmark,2021-01-05,53,0,54,0,0.0222985695880546,0.0,53,54,fhi:git
county,Troms og Finnmark,2021-01-06,530,0,584,0,0.241154900730072,0.0,530,584,fhi:git
county,Troms og Finnmark,2021-01-07,188,0,772,0,0.31878695781440997,0.0,188,772,fhi:git
county,Troms og Finnmark,2021-01-08,247,0,1019,0,0.420782266856067,0.0,247,1019,fhi:git
county,Troms og Finnmark,2021-01-09,0,0,1019,0,0.420782266856067,0.0,0,1019,fhi:git
county,Troms og Finnmark,2021-01-10,0,0,1019,0,0.420782266856067,0.0,0,1019,fhi:git
county,Troms og Finnmark,2021-01-11,1,0,1020,0,0.42119520332991994,0.0,1,1020,fhi:git
county,Troms og Finnmark,2021-01-12,188,0,1208,0,0.498827260414258,0.0,188,1208,fhi:git
county,Troms og Finnmark,2021-01-13,569,0,1777,0,0.733788114036537,0.0,569,1777,fhi:git
county,Troms og Finnmark,2021-01-14,331,0,2108,0,0.8704700868818341,0.0,331,2108,fhi:git
county,Troms og Finnmark,2021-01-15,37,0,2145,0,0.88574873641439,0.0,37,2145,fhi:git
county,Troms og Finnmark,2021-01-16,2,0,2147,0,0.8865746093620959,0.0,2,2147,fhi:git
county,Troms og Finnmark,2021-01-17,1,0,2148,0,0.8869875458359491,0.0,1,2148,fhi:git
county,Troms og Finnmark,2021-01-18,0,1,2148,1,0.8869875458359491,0.00041293647385286204,1,2149,fhi:git
county,Troms og Finnmark,2021-01-19,248,0,2396,1,0.9893957913514592,0.00041293647385286204,248,2397,fhi:git
county,Troms og Finnmark,2021-01-20,913,0,3309,1,1.36640679197912,0.00041293647385286204,913,3310,fhi:git
county,Troms og Finnmark,2021-01-21,248,0,3557,1,1.4688150374946298,0.00041293647385286204,248,3558,fhi:git
county,Troms og Finnmark,2021-01-22,81,0,3638,1,1.50226289187671,0.00041293647385286204,81,3639,fhi:git
county,Troms og Finnmark,2021-01-23,12,0,3650,1,1.5072181295629499,0.00041293647385286204,12,3651,fhi:git
county,Troms og Finnmark,2021-01-24,0,0,3650,1,1.5072181295629499,0.00041293647385286204,0,3651,fhi:git
county,Troms og Finnmark,2021-01-25,6,0,3656,1,1.5096957484060702,0.00041293647385286204,6,3657,fhi:git
county,Troms og Finnmark,2021-01-26,85,0,3741,1,1.5447953486835602,0.00041293647385286204,85,3742,fhi:git
county,Troms og Finnmark,2021-01-27,667,357,4408,358,1.82022397674342,0.14783125763932503,1024,4766,fhi:git
county,Troms og Finnmark,2021-01-28,235,276,4643,634,1.91726404809884,0.261801724422715,511,5277,fhi:git
county,Troms og Finnmark,2021-01-29,103,243,4746,877,1.95979650490569,0.36214528756896003,346,5623,fhi:git
county,Troms og Finnmark,2021-01-30,0,0,4746,877,1.95979650490569,0.36214528756896003,0,5623,fhi:git
county,Troms og Finnmark,2021-01-31,0,0,4746,877,1.95979650490569,0.36214528756896003,0,5623,fhi:git
county,Troms og Finnmark,2021-02-01,0,2,4746,879,1.95979650490569,0.362971160516666,2,5625,fhi:git
county,Troms og Finnmark,2021-02-02,121,21,4867,900,2.00976181824188,0.37164282646757596,142,5767,fhi:git
county,Troms og Finnmark,2021-02-03,1159,562,6026,1462,2.4883551914373503,0.603713124772885,1721,7488,fhi:git
county,Troms og Finnmark,2021-02-04,1149,381,7175,1843,2.96281919989429,0.7610419213108259,1530,9018,fhi:git
county,Troms og Finnmark,2021-02-05,286,140,7461,1983,3.08091903141621,0.8188530276502259,426,9444,fhi:git
county,Troms og Finnmark,2021-02-06,1,1,7462,1984,3.08133196789006,0.819265964124079,2,9446,fhi:git
county,Troms og Finnmark,2021-02-07,0,1,7462,1985,3.08133196789006,0.819678900597932,1,9447,fhi:git
county,Troms og Finnmark,2021-02-08,0,0,7462,1985,3.08133196789006,0.819678900597932,0,9447,fhi:git
county,Troms og Finnmark,2021-02-09,72,26,7534,2011,3.11106339400747,0.8304152489181059,98,9545,fhi:git
county,Troms og Finnmark,2021-02-10,1407,802,8941,2813,3.6920650127184396,1.1615903009481001,2209,11754,fhi:git
county,Troms og Finnmark,2021-02-11,996,466,9937,3279,4.10334974067589,1.3540186977635402,1462,13216,fhi:git
county,Troms og Finnmark,2021-02-12,294,113,10231,3392,4.22475306398864,1.4006805193089098,407,13623,fhi:git
county,Troms og Finnmark,2021-02-13,5,2,10236,3394,4.2268177463578995,1.4015063922566202,7,13630,fhi:git
county,Troms og Finnmark,2021-02-14,0,0,10236,3394,4.2268177463578995,1.4015063922566202,0,13630,fhi:git
county,Troms og Finnmark,2021-02-15,0,6,10236,3400,4.2268177463578995,1.40398401109973,6,13636,fhi:git
county,Troms og Finnmark,2021-02-16,132,52,10368,3452,4.28132536090648,1.4254567077400802,184,13820,fhi:git
county,Troms og Finnmark,2021-02-17,963,581,11331,4033,4.67898318522679,1.66537279904859,1544,15364,fhi:git
county,Troms og Finnmark,2021-02-18,1295,263,12626,4296,5.213735918866241,1.7739750916719,1558,16922,fhi:git
county,Troms og Finnmark,2021-02-19,234,132,12860,4428,5.3103630537478095,1.8284827062204798,366,17288,fhi:git
county,Troms og Finnmark,2021-02-20,0,0,12860,4428,5.3103630537478095,1.8284827062204798,0,17288,fhi:git
county,Troms og Finnmark,2021-02-21,0,0,12860,4428,5.3103630537478095,1.8284827062204798,0,17288,fhi:git
county,Troms og Finnmark,2021-02-22,107,0,12967,4428,5.35454725645007,1.8284827062204798,107,17395,fhi:git
county,Troms og Finnmark,2021-02-23,79,78,13046,4506,5.38716923788444,1.860691751181,157,17552,fhi:git
county,Troms og Finnmark,2021-02-24,429,988,13475,5494,5.564318985167319,2.26867298734763,1417,18969,fhi:git
county,Troms og Finnmark,2021-02-25,567,1053,14042,6547,5.7984539658419,2.70349509431469,1620,20589,fhi:git
county,Troms og Finnmark,2021-02-26,273,403,14315,6950,5.911185623203731,2.86990849327739,676,21265,fhi:git
county,Troms og Finnmark,2021-02-27,0,0,14315,6950,5.911185623203731,2.86990849327739,0,21265,fhi:git
county,Troms og Finnmark,2021-02-28,3,0,14318,6950,5.91242443262529,2.86990849327739,3,21268,fhi:git
county,Troms og Finnmark,2021-03-01,334,0,14652,6950,6.05034521489214,2.86990849327739,334,21602,fhi:git
county,Troms og Finnmark,2021-03-02,555,72,15207,7022,6.27952495788048,2.8996399193948,627,22229,fhi:git
county,Troms og Finnmark,2021-03-03,598,1178,15805,8200,6.526460969244489,3.38607908559347,1776,24005,fhi:git
county,Troms og Finnmark,2021-03-04,863,889,16668,9089,6.882825146179511,3.75317961084867,1752,25757,fhi:git
county,Troms og Finnmark,2021-03-05,699,373,17367,9462,7.171467741402661,3.90720491559578,1072,26829,fhi:git
county,Troms og Finnmark,2021-03-06,0,1,17367,9463,7.171467741402661,3.9076178520696403,1,26830,fhi:git
county,Troms og Finnmark,2021-03-07,0,0,17367,9463,7.171467741402661,3.9076178520696403,0,26830,fhi:git
county,Troms og Finnmark,2021-03-08,408,0,17775,9463,7.33994582273463,3.9076178520696403,408,27238,fhi:git
county,Troms og Finnmark,2021-03-09,604,50,18379,9513,7.58935945294176,3.9282646757622794,654,27892,fhi:git
county,Troms og Finnmark,2021-03-10,888,683,19267,10196,7.9560470417230995,4.21030028740379,1571,29463,fhi:git
county,Troms og Finnmark,2021-03-11,759,990,20026,11186,8.26946582537742,4.61910739651812,1749,31212,fhi:git
county,Troms og Finnmark,2021-03-12,69,206,20095,11392,8.29795844207327,4.70417231013181,275,31487,fhi:git
county,Troms og Finnmark,2021-03-13,0,0,20095,11392,8.29795844207327,4.70417231013181,0,31487,fhi:git
county,Troms og Finnmark,2021-03-14,0,0,20095,11392,8.29795844207327,4.70417231013181,0,31487,fhi:git
nation,Norge,2020-12-27,5,0,5,0,9.31518486915891e-05,0.0,5,5,fhi:git
nation,Norge,2020-12-28,603,0,608,0,0.0113272648008972,0.0,603,608,fhi:git
nation,Norge,2020-12-29,1067,0,1675,0,0.0312058693116824,0.0,1067,1675,fhi:git
nation,Norge,2020-12-30,424,0,2099,0,0.0391051460807291,0.0,424,2099,fhi:git
nation,Norge,2020-12-31,72,0,2171,0,0.040446532701888,0.0,72,2171,fhi:git
nation,Norge,2021-01-01,6,0,2177,0,0.0405583149203179,0.0,6,2177,fhi:git
nation,Norge,2021-01-02,0,0,2177,0,0.0405583149203179,0.0,0,2177,fhi:git
nation,Norge,2021-01-03,3,0,2180,0,0.0406142060295329,0.0,3,2180,fhi:git
nation,Norge,2021-01-04,6,0,2186,0,0.040546287965079,0.0,6,2186,fhi:git
nation,Norge,2021-01-05,3385,0,5571,0,0.10333182536754598,0.0,3385,5571,fhi:git
nation,Norge,2021-01-06,9063,0,14634,0,0.271433841757075,0.0,9063,14634,fhi:git
nation,Norge,2021-01-07,6553,0,21187,0,0.39297996482896996,0.0,6553,21187,fhi:git
nation,Norge,2021-01-08,1615,0,22802,0,0.422935250768404,0.0,1615,22802,fhi:git
nation,Norge,2021-01-09,135,0,22937,0,0.425439252998635,0.0,135,22937,fhi:git
nation,Norge,2021-01-10,107,0,23044,0,0.42742390661815205,0.0,107,23044,fhi:git
nation,Norge,2021-01-11,351,0,23395,0,0.433934312416754,0.0,351,23395,fhi:git
nation,Norge,2021-01-12,4254,0,27649,0,0.512838204916043,0.0,4254,27649,fhi:git
nation,Norge,2021-01-13,9775,0,37424,0,0.694146514549459,0.0,9775,37424,fhi:git
nation,Norge,2021-01-14,8469,0,45893,0,0.85123092112597,0.0,8469,45893,fhi:git
nation,Norge,2021-01-15,4470,0,50363,0,0.934141217193629,0.0,4470,50363,fhi:git
nation,Norge,2021-01-16,745,0,51108,0,0.947959599871573,0.0,745,51108,fhi:git
nation,Norge,2021-01-17,346,5,51454,5,0.954377264846832,9.27408233419007e-05,351,51459,fhi:git
nation,Norge,2021-01-18,1284,283,52738,288,0.978193108281032,0.00534187142449348,1567,53026,fhi:git
nation,Norge,2021-01-19,4583,772,57321,1060,1.06319934695622,0.019661054548483003,5355,58381,fhi:git
nation,Norge,2021-01-20,10044,693,67365,1753,1.2494971128854298,0.0325149326636704,10737,69118,fhi:git
nation,Norge,2021-01-21,8428,168,75793,1921,1.4058210447105401,0.0356310243279583,8596,77714,fhi:git
nation,Norge,2021-01-22,3314,7,79107,1928,1.4672896624215501,0.0357608614806369,3321,81035,fhi:git
nation,Norge,2021-01-23,359,0,79466,1928,1.4739484535374998,0.0357608614806369,359,81394,fhi:git
nation,Norge,2021-01-24,67,0,79533,1928,1.47519118057028,0.0357608614806369,67,81461,fhi:git
nation,Norge,2021-01-25,579,0,80112,1928,1.48593056791327,0.0357608614806369,579,82040,fhi:git
nation,Norge,2021-01-26,2274,2142,82386,4070,1.52810909436917,0.0754910302003072,4416,86456,fhi:git
nation,Norge,2021-01-27,11389,7525,93775,11595,1.73935414177735,0.215065969329868,18914,105370,fhi:git
nation,Norge,2021-01-28,10880,6555,104655,18150,1.94115817336932,0.33664918873109995,17435,122805,fhi:git
nation,Norge,2021-01-29,3803,2106,108458,20256,2.01169684360317,0.375711623522708,5909,128714,fhi:git
nation,Norge,2021-01-30,142,172,108600,20428,2.01433068298608,0.37890190784566996,314,129028,fhi:git
nation,Norge,2021-01-31,96,50,108696,20478,2.01611130679425,0.379829316079089,146,129174,fhi:git
nation,Norge,2021-02-01,197,301,108893,20779,2.01976529523392,0.385412313644271,498,129672,fhi:git
nation,Norge,2021-02-02,6353,3138,115246,23917,2.13760178537214,0.44361645437364794,9491,139163,fhi:git
nation,Norge,2021-02-03,25109,8312,140355,32229,2.6033276520305,0.597788799097224,33421,172584,fhi:git
nation,Norge,2021-02-04,25939,8631,166294,40860,3.0844484953636098,0.7578780083500128,34570,207154,fhi:git
nation,Norge,2021-02-05,10621,4859,176915,45719,3.2814485523064705,0.848003540473672,15480,222634,fhi:git
nation,Norge,2021-02-06,806,735,177721,46454,3.2963983730291897,0.8616364415049309,1541,224175,fhi:git
nation,Norge,2021-02-07,320,295,178041,46749,3.30233378572307,0.8671081500821031,615,224790,fhi:git
nation,Norge,2021-02-08,119,922,178160,47671,3.30454101731861,0.88420955790635,1041,225831,fhi:git
nation,Norge,2021-02-09,5541,3234,183701,50905,3.4073163977461,0.944194322443891,8775,234606,fhi:git
nation,Norge,2021-02-10,22946,8638,206647,59543,3.83292258422675,1.10441336884936,31584,266190,fhi:git
nation,Norge,2021-02-11,20910,8557,227557,68100,4.22076470744258,1.2631300139166899,29467,295657,fhi:git
nation,Norge,2021-02-12,8035,3608,235592,71708,4.36979921055302,1.3300517920402,11643,307300,fhi:git
nation,Norge,2021-02-13,890,305,236482,72013,4.38630707710787,1.33570898226406,1195,308495,fhi:git
nation,Norge,2021-02-14,110,2,236592,72015,4.388347375221399,1.3357460785933999,112,308607,fhi:git
nation,Norge,2021-02-15,802,751,237394,72766,4.40322300328544,1.3496757502593502,1553,310160,fhi:git
nation,Norge,2021-02-16,5992,2173,243386,74939,4.51436360597837,1.3899809120837399,8165,318325,fhi:git
nation,Norge,2021-02-17,21743,10162,265129,85101,4.91765635036296,1.57846736144382,31905,350230,fhi:git
nation,Norge,2021-02-18,18833,10780,283962,95881,5.266973935562559,1.77841657656896,29613,379843,fhi:git
nation,Norge,2021-02-19,10705,4791,294667,100672,5.46553203833757,1.8672808334951698,15496,395339,fhi:git
nation,Norge,2021-02-20,481,168,295148,100840,5.474453705543059,1.8703969251594499,649,395988,fhi:git
nation,Norge,2021-02-21,58,96,295206,100936,5.475529499093831,1.8721775489676202,154,396142,fhi:git
nation,Norge,2021-02-22,2567,141,297773,101077,5.52314263779756,1.87479284018586,2708,398850,fhi:git
nation,Norge,2021-02-23,5704,5202,303477,106279,5.628941369066,1.9712803927907698,10906,409756,fhi:git
nation,Norge,2021-02-24,10706,22240,314183,128519,5.827518020005679,2.38379157501555,32946,442702,fhi:git
nation,Norge,2021-02-25,11037,24986,325220,153505,6.03223411345059,2.84723601741969,36023,478725,fhi:git
nation,Norge,2021-02-26,8271,9910,333491,163415,6.18564598342276,3.03104832928334,18181,496906,fhi:git
nation,Norge,2021-02-27,439,197,333930,163612,6.19378862771218,3.0347023177230095,636,497542,fhi:git
nation,Norge,2021-02-28,538,159,334468,163771,6.203767540303769,3.03765147590529,697,498239,fhi:git
nation,Norge,2021-03-01,5864,62,340332,163833,6.31253397791915,3.03880146211472,5926,504165,fhi:git
nation,Norge,2021-03-02,10442,3806,350774,167639,6.50621391338638,3.1093957768425797,14248,518413,fhi:git
nation,Norge,2021-03-03,17391,17922,368165,185561,6.82878504513418,3.44181598402929,35313,553726,fhi:git
nation,Norge,2021-03-04,16077,18298,384242,203859,7.12698388850772,3.78121030113131,34375,588101,fhi:git
nation,Norge,2021-03-05,11748,6395,395990,210254,7.34488772703185,3.8998258141856,18143,606244,fhi:git
nation,Norge,2021-03-06,288,476,396278,210730,7.350229598456349,3.9086547405677496,764,607008,fhi:git
nation,Norge,2021-03-07,91,0,396369,210730,7.35191748144117,3.9086547405677496,91,607099,fhi:git
nation,Norge,2021-03-08,4805,46,401174,210776,7.441041412672741,3.9095079561424906,4851,611950,fhi:git
nation,Norge,2021-03-09,12110,4148,413284,214924,7.665659686806821,3.9864457431869305,16258,628208,fhi:git
nation,Norge,2021-03-10,20522,16962,433806,231886,8.04630512213132,4.301059712292,37484,665692,fhi:git
nation,Norge,2021-03-11,11582,16100,445388,247986,8.2611299653205,4.59968516345292,27682,693374,fhi:git
nation,Norge,2021-03-12,2220,7846,447608,255832,8.3023068908843,4.74521406344103,10066,703440,fhi:git
nation,Norge,2021-03-13,27,288,447635,256120,8.302807691330349,4.7505559348655195,315,703755,fhi:git
nation,Norge,2021-03-14,0,0,447635,256120,8.302807691330349,4.7505559348655195,0,703755,fhi:git
