granularity_geo,location_name,date,new_dose_1,new_dose_2,total_dose_1,total_dose_2,total_pr100_dose_1,total_pr100_dose_2,new_doses,total_doses,source
county,Oslo,2020-12-27,5,0,5,0,0.00072098677133472,0.0,5,5,fhi:git
county,Oslo,2020-12-28,264,0,269,0,0.0387890882978079,0.0,264,269,fhi:git
county,Oslo,2020-12-29,118,0,387,0,0.0558043761013073,0.0,118,387,fhi:git
county,Oslo,2020-12-30,58,0,445,0,0.06416782264879001,0.0,58,445,fhi:git
county,Oslo,2020-12-31,5,0,450,0,0.0648888094201248,0.0,5,450,fhi:git
county,Oslo,2021-01-01,6,0,456,0,0.0657539935457264,0.0,6,456,fhi:git
county,Oslo,2021-01-02,0,0,456,0,0.0657539935457264,0.0,0,456,fhi:git
county,Oslo,2021-01-03,0,0,456,0,0.0657539935457264,0.0,0,456,fhi:git
county,Oslo,2021-01-04,0,0,456,0,0.06542230384069099,0.0,0,456,fhi:git
county,Oslo,2021-01-05,480,0,936,0,0.13428788683089202,0.0,480,936,fhi:git
county,Oslo,2021-01-06,604,0,1540,0,0.220943745426895,0.0,604,1540,fhi:git
county,Oslo,2021-01-07,967,0,2507,0,0.359679201159237,0.0,967,2507,fhi:git
county,Oslo,2021-01-08,450,0,2957,0,0.42424068521255104,0.0,450,2957,fhi:git
county,Oslo,2021-01-09,127,0,3084,0,0.44246137071204106,0.0,127,3084,fhi:git
county,Oslo,2021-01-10,100,0,3184,0,0.45680836716833295,0.0,100,3184,fhi:git
county,Oslo,2021-01-11,76,0,3260,0,0.46771208447511503,0.0,76,3260,fhi:git
county,Oslo,2021-01-12,241,0,3501,0,0.502288345934779,0.0,241,3501,fhi:git
county,Oslo,2021-01-13,489,0,3990,0,0.572445158606046,0.0,489,3990,fhi:git
county,Oslo,2021-01-14,1234,0,5224,0,0.749487094876688,0.0,1234,5224,fhi:git
county,Oslo,2021-01-15,1637,0,6861,0,0.9843474268661859,0.0,1637,6861,fhi:git
county,Oslo,2021-01-16,645,0,7506,0,1.07688555400927,0.0,645,7506,fhi:git
county,Oslo,2021-01-17,275,5,7781,5,1.11633979426407,0.0007173498228145941,280,7786,fhi:git
county,Oslo,2021-01-18,761,231,8542,236,1.2255204372964499,0.0338589116368488,992,8778,fhi:git
county,Oslo,2021-01-19,810,70,9352,306,1.34173110859242,0.0439018091562531,880,9658,fhi:git
county,Oslo,2021-01-20,990,99,10342,405,1.4837663735097097,0.0581053356479821,1089,10747,fhi:git
county,Oslo,2021-01-21,1019,21,11361,426,1.62996226739932,0.0611182049038034,1040,11787,fhi:git
county,Oslo,2021-01-22,667,6,12028,432,1.72565673376279,0.0619790246911809,673,12460,fhi:git
county,Oslo,2021-01-23,233,0,12261,432,1.7590852355059499,0.0619790246911809,233,12693,fhi:git
county,Oslo,2021-01-24,67,0,12328,432,1.7686977231316598,0.0619790246911809,67,12760,fhi:git
county,Oslo,2021-01-25,258,0,12586,432,1.8057129739889,0.0619790246911809,258,13018,fhi:git
county,Oslo,2021-01-26,312,404,12898,836,1.85047560293253,0.11994089037460001,716,13734,fhi:git
county,Oslo,2021-01-27,1035,527,13933,1363,1.9989670162551498,0.19554956169925797,1562,15296,fhi:git
county,Oslo,2021-01-28,869,842,14802,2205,2.12364241546032,0.316351271861236,1711,17007,fhi:git
county,Oslo,2021-01-29,424,503,15226,2708,2.184473680435,0.388516664036384,927,17934,fhi:git
county,Oslo,2021-01-30,94,152,15320,2860,2.19795985710392,0.410324098649948,246,18180,fhi:git
county,Oslo,2021-01-31,61,45,15381,2905,2.20671152494225,0.416780247055279,106,18286,fhi:git
county,Oslo,2021-02-01,52,46,15433,2951,2.21417196309953,0.423379865425173,98,18384,fhi:git
county,Oslo,2021-02-02,1524,150,16957,3101,2.4328201890934102,0.444900360109611,1674,20058,fhi:git
county,Oslo,2021-02-03,2448,456,19405,3557,2.78403466234344,0.510322663950302,2904,22962,fhi:git
county,Oslo,2021-02-04,2051,1231,21456,4788,3.07829155966199,0.686934190327255,3282,26244,fhi:git
county,Oslo,2021-02-05,1382,1568,22838,6356,3.27656705068794,0.9118950947619119,2950,29194,fhi:git
county,Oslo,2021-02-06,242,632,23080,6988,3.3112867821121696,1.00256811236568,874,30068,fhi:git
county,Oslo,2021-02-07,215,270,23295,7258,3.34213282449319,1.04130500279766,485,30553,fhi:git
county,Oslo,2021-02-08,46,443,23341,7701,3.3487324428630902,1.10486219709904,489,31042,fhi:git
county,Oslo,2021-02-09,1165,244,24506,7945,3.51587495157889,1.1398688684523899,1409,32451,fhi:git
county,Oslo,2021-02-10,1831,810,26337,8755,3.7785684566935895,1.2560795397483502,2641,35092,fhi:git
county,Oslo,2021-02-11,1592,744,27929,9499,4.00697264027776,1.36282119338317,2336,37428,fhi:git
county,Oslo,2021-02-12,1355,424,29284,9923,4.2013744422605095,1.4236524583578403,1779,39207,fhi:git
county,Oslo,2021-02-13,273,194,29557,10117,4.24054174258619,1.45148563148305,467,39674,fhi:git
county,Oslo,2021-02-14,103,0,29660,10117,4.25531914893617,1.45148563148305,103,39777,fhi:git
county,Oslo,2021-02-15,260,444,29920,10561,4.29262133972253,1.5151862957489899,704,40481,fhi:git
county,Oslo,2021-02-16,701,771,30621,11332,4.39319378488114,1.625801638427,1472,41953,fhi:git
county,Oslo,2021-02-17,1455,1082,32076,12414,4.60194258332018,1.78103614008407,2537,44490,fhi:git
county,Oslo,2021-02-18,1041,915,33117,13329,4.751294816430179,1.9123111576591398,1956,46446,fhi:git
county,Oslo,2021-02-19,1494,967,34611,14296,4.96563894348718,2.05104661339149,2461,48907,fhi:git
county,Oslo,2021-02-20,100,113,34711,14409,4.97998593994347,2.0672587193871,213,49120,fhi:git
county,Oslo,2021-02-21,4,61,34715,14470,4.980559819801731,2.07601038722543,65,49185,fhi:git
county,Oslo,2021-02-22,603,113,35318,14583,5.06707220843317,2.09222249322104,716,49901,fhi:git
county,Oslo,2021-02-23,337,1527,35655,16110,5.1154215864908705,2.31130112910862,1864,51765,fhi:git
county,Oslo,2021-02-24,689,2335,36344,18445,5.21427239207472,2.64630349636304,3024,54789,fhi:git
county,Oslo,2021-02-25,557,1952,36901,20397,5.2941851623362695,2.9263568671898503,2509,57298,fhi:git
county,Oslo,2021-02-26,719,1369,37620,21766,5.397340066857001,3.12276724867649,2088,59386,fhi:git
county,Oslo,2021-02-27,259,99,37879,21865,5.4344987876788,3.1369707751682205,358,59744,fhi:git
county,Oslo,2021-02-28,101,62,37980,21927,5.448989254099651,3.1458659129711197,163,59907,fhi:git
county,Oslo,2021-03-01,1001,37,38981,21964,5.59260268862714,3.15117430165995,1038,60945,fhi:git
county,Oslo,2021-03-02,742,135,39723,22099,5.699057402332821,3.17054274687594,877,61822,fhi:git
county,Oslo,2021-03-03,1298,135,41021,22234,5.88528141633549,3.18991119209194,1433,63255,fhi:git
county,Oslo,2021-03-04,1106,203,42127,22437,6.04395919714208,3.21903559489821,1309,64564,fhi:git
county,Oslo,2021-03-05,1246,62,43373,22499,6.22272277298748,3.2279307327011098,1308,65872,fhi:git
county,Oslo,2021-03-06,96,3,43469,22502,6.23649588958552,3.2283611425948,99,65971,fhi:git
county,Oslo,2021-03-07,68,0,43537,22502,6.24625184717579,3.2283611425948,68,66039,fhi:git
county,Oslo,2021-03-08,622,10,44159,22512,6.335490165133929,3.22979584224043,632,66671,fhi:git
county,Oslo,2021-03-09,747,1254,44906,23766,6.44266222866243,3.4097071778023302,2001,68672,fhi:git
county,Oslo,2021-03-10,1015,2364,45921,26130,6.58828424269379,3.7488701740290695,3379,72051,fhi:git
county,Rogaland,2020-12-27,0,0,0,0,0.0,0.0,0,0,fhi:git
county,Rogaland,2020-12-28,1,0,1,0,0.00020838021888258202,0.0,1,1,fhi:git
county,Rogaland,2020-12-29,0,0,1,0,0.00020838021888258202,0.0,0,1,fhi:git
county,Rogaland,2020-12-30,0,0,1,0,0.00020838021888258202,0.0,0,1,fhi:git
county,Rogaland,2020-12-31,0,0,1,0,0.00020838021888258202,0.0,0,1,fhi:git
county,Rogaland,2021-01-01,0,0,1,0,0.00020838021888258202,0.0,0,1,fhi:git
county,Rogaland,2021-01-02,0,0,1,0,0.00020838021888258202,0.0,0,1,fhi:git
county,Rogaland,2021-01-03,0,0,1,0,0.00020838021888258202,0.0,0,1,fhi:git
county,Rogaland,2021-01-04,0,0,1,0,0.00020719162117084,0.0,0,1,fhi:git
county,Rogaland,2021-01-05,548,0,549,0,0.11374820002279101,0.0,548,549,fhi:git
county,Rogaland,2021-01-06,641,0,1190,0,0.24655802919329897,0.0,641,1190,fhi:git
county,Rogaland,2021-01-07,212,0,1402,0,0.290482652881517,0.0,212,1402,fhi:git
county,Rogaland,2021-01-08,20,0,1422,0,0.29462648530493396,0.0,20,1422,fhi:git
county,Rogaland,2021-01-09,1,0,1423,0,0.29483367692610496,0.0,1,1423,fhi:git
county,Rogaland,2021-01-10,0,0,1423,0,0.29483367692610496,0.0,0,1423,fhi:git
county,Rogaland,2021-01-11,1,0,1424,0,0.295040868547276,0.0,1,1424,fhi:git
county,Rogaland,2021-01-12,117,0,1541,0,0.31928228822426397,0.0,117,1541,fhi:git
county,Rogaland,2021-01-13,761,0,2302,0,0.47695511193527296,0.0,761,2302,fhi:git
county,Rogaland,2021-01-14,535,0,2837,0,0.5878026292616729,0.0,535,2837,fhi:git
county,Rogaland,2021-01-15,291,0,3128,0,0.6480953910223871,0.0,291,3128,fhi:git
county,Rogaland,2021-01-16,0,0,3128,0,0.6480953910223871,0.0,0,3128,fhi:git
county,Rogaland,2021-01-17,1,0,3129,0,0.648302582643558,0.0,1,3129,fhi:git
county,Rogaland,2021-01-18,71,0,3200,0,0.6630131877466879,0.0,71,3200,fhi:git
county,Rogaland,2021-01-19,512,0,3712,0,0.769095297786158,0.0,512,3712,fhi:git
county,Rogaland,2021-01-20,655,0,4367,0,0.904805809653058,0.0,655,4367,fhi:git
county,Rogaland,2021-01-21,428,0,4795,0,0.9934838235141771,0.0,428,4795,fhi:git
county,Rogaland,2021-01-22,272,0,5067,0,1.04983994447265,0.0,272,5067,fhi:git
county,Rogaland,2021-01-23,0,0,5067,0,1.04983994447265,0.0,0,5067,fhi:git
county,Rogaland,2021-01-24,0,0,5067,0,1.04983994447265,0.0,0,5067,fhi:git
county,Rogaland,2021-01-25,150,0,5217,0,1.08091868764827,0.0,150,5217,fhi:git
county,Rogaland,2021-01-26,338,381,5555,381,1.15094945560402,0.07894000766609,719,5936,fhi:git
county,Rogaland,2021-01-27,863,603,6418,984,1.32975582467445,0.203876555232106,1466,7402,fhi:git
county,Rogaland,2021-01-28,523,283,6941,1267,1.4381170425468002,0.262511784023454,806,8208,fhi:git
county,Rogaland,2021-01-29,410,22,7351,1289,1.52306560722684,0.267069999689213,432,8640,fhi:git
county,Rogaland,2021-01-30,3,1,7354,1290,1.5236871820903601,0.267277191310383,4,8644,fhi:git
county,Rogaland,2021-01-31,0,0,7354,1290,1.5236871820903601,0.267277191310383,0,8644,fhi:git
county,Rogaland,2021-02-01,13,5,7367,1295,1.52638067316558,0.268313149416238,18,8662,fhi:git
county,Rogaland,2021-02-02,449,76,7816,1371,1.61940971107128,0.284059712625221,525,9187,fhi:git
county,Rogaland,2021-02-03,2429,635,10245,2006,2.12267815889525,0.41562639206870505,3064,12251,fhi:git
county,Rogaland,2021-02-04,1886,549,12131,2555,2.51344155642346,0.5293745920914961,2435,14686,fhi:git
county,Rogaland,2021-02-05,657,281,12788,2836,2.6495664515327,0.587595437640502,938,15624,fhi:git
county,Rogaland,2021-02-06,0,0,12788,2836,2.6495664515327,0.587595437640502,0,15624,fhi:git
county,Rogaland,2021-02-07,0,0,12788,2836,2.6495664515327,0.587595437640502,0,15624,fhi:git
county,Rogaland,2021-02-08,7,71,12795,2907,2.6510167928809,0.6023060427436321,78,15702,fhi:git
county,Rogaland,2021-02-09,586,394,13381,3301,2.77243108288701,0.683939541484942,980,16682,fhi:git
county,Rogaland,2021-02-10,1922,682,15303,3983,3.17065337877736,0.8252442271234549,2604,19286,fhi:git
county,Rogaland,2021-02-11,1182,492,16485,4475,3.4155538750012897,0.9271825047395079,1674,20960,fhi:git
county,Rogaland,2021-02-12,482,264,16967,4739,3.51542023640564,0.98188109272861,746,21706,fhi:git
county,Rogaland,2021-02-13,0,0,16967,4739,3.51542023640564,0.98188109272861,0,21706,fhi:git
county,Rogaland,2021-02-14,0,0,16967,4739,3.51542023640564,0.98188109272861,0,21706,fhi:git
county,Rogaland,2021-02-15,0,147,16967,4886,3.51542023640564,1.0123382610407199,147,21853,fhi:git
county,Rogaland,2021-02-16,478,314,17445,5200,3.6144578313252995,1.07739643008837,792,22645,fhi:git
county,Rogaland,2021-02-17,1481,782,18926,5982,3.92130862227932,1.23942027784396,2263,24908,fhi:git
county,Rogaland,2021-02-18,1091,471,20017,6453,4.1473546809767,1.33700753141543,1562,26470,fhi:git
county,Rogaland,2021-02-19,438,411,20455,6864,4.23810461104953,1.42216328771664,849,27319,fhi:git
county,Rogaland,2021-02-20,1,1,20456,6865,4.2383118026707,1.42237047933782,2,27321,fhi:git
county,Rogaland,2021-02-21,0,0,20456,6865,4.2383118026707,1.42237047933782,0,27321,fhi:git
county,Rogaland,2021-02-22,251,13,20707,6878,4.29031689958458,1.42506397041304,264,27585,fhi:git
county,Rogaland,2021-02-23,379,405,21086,7283,4.36884252400833,1.5089765769872299,784,28369,fhi:git
county,Rogaland,2021-02-24,676,2165,21762,9448,4.5089040599198205,1.95754643682209,2841,31210,fhi:git
county,Rogaland,2021-02-25,1159,1806,22921,11254,4.749039148856821,2.33173450465663,2965,34175,fhi:git
county,Rogaland,2021-02-26,998,674,23919,11928,4.95581638678532,2.4713816573257796,1672,35847,fhi:git
county,Rogaland,2021-02-27,1,0,23920,11928,4.95602357840649,2.4713816573257796,1,35848,fhi:git
county,Rogaland,2021-02-28,4,0,23924,11928,4.956852344891169,2.4713816573257796,4,35852,fhi:git
county,Rogaland,2021-03-01,646,2,24570,11930,5.090698132167541,2.4717960405681203,648,36500,fhi:git
county,Rogaland,2021-03-02,690,543,25260,12473,5.23366035077541,2.58430109086389,1233,37733,fhi:git
county,Rogaland,2021-03-03,1119,1456,26379,13929,5.465507774865579,2.8859720912886297,2575,40308,fhi:git
county,Rogaland,2021-03-04,1042,1475,27421,15404,5.6814014441255996,3.19157973251562,2517,42825,fhi:git
county,Rogaland,2021-03-05,551,424,27972,15828,5.79556402739073,3.27942897989205,975,43800,fhi:git
county,Rogaland,2021-03-06,1,0,27973,15828,5.7957712190119,3.27942897989205,1,43801,fhi:git
county,Rogaland,2021-03-07,0,0,27973,15828,5.7957712190119,3.27942897989205,0,43801,fhi:git
county,Rogaland,2021-03-08,516,0,28489,15828,5.9026820955360595,3.27942897989205,516,44317,fhi:git
county,Rogaland,2021-03-09,1321,446,29810,16274,6.1763822271027395,3.37183644293425,1767,46084,fhi:git
county,Rogaland,2021-03-10,1921,1021,31731,17295,6.57439733137192,3.58337908814968,2942,49026,fhi:git
county,Møre og Romsdal,2020-12-27,0,0,0,0,0.0,0.0,0,0,fhi:git
county,Møre og Romsdal,2020-12-28,0,0,0,0,0.0,0.0,0,0,fhi:git
county,Møre og Romsdal,2020-12-29,0,0,0,0,0.0,0.0,0,0,fhi:git
county,Møre og Romsdal,2020-12-30,0,0,0,0,0.0,0.0,0,0,fhi:git
county,Møre og Romsdal,2020-12-31,0,0,0,0,0.0,0.0,0,0,fhi:git
county,Møre og Romsdal,2021-01-01,0,0,0,0,0.0,0.0,0,0,fhi:git
county,Møre og Romsdal,2021-01-02,0,0,0,0,0.0,0.0,0,0,fhi:git
county,Møre og Romsdal,2021-01-03,0,0,0,0,0.0,0.0,0,0,fhi:git
county,Møre og Romsdal,2021-01-04,0,0,0,0,0.0,0.0,0,0,fhi:git
county,Møre og Romsdal,2021-01-05,186,0,186,0,0.0700448889826168,0.0,186,186,fhi:git
county,Møre og Romsdal,2021-01-06,497,0,683,0,0.257207845027566,0.0,497,683,fhi:git
county,Møre og Romsdal,2021-01-07,457,0,1140,0,0.4293073840870061,0.0,457,1140,fhi:git
county,Møre og Romsdal,2021-01-08,36,0,1176,0,0.442864459373964,0.0,36,1176,fhi:git
county,Møre og Romsdal,2021-01-09,1,0,1177,0,0.443241044798602,0.0,1,1177,fhi:git
county,Møre og Romsdal,2021-01-10,0,0,1177,0,0.443241044798602,0.0,0,1177,fhi:git
county,Møre og Romsdal,2021-01-11,1,0,1178,0,0.44361763022323997,0.0,1,1178,fhi:git
county,Møre og Romsdal,2021-01-12,225,0,1403,0,0.528349350766728,0.0,225,1403,fhi:git
county,Møre og Romsdal,2021-01-13,387,0,1790,0,0.674087910101528,0.0,387,1790,fhi:git
county,Møre og Romsdal,2021-01-14,410,0,2200,0,0.828487934202995,0.0,410,2200,fhi:git
county,Møre og Romsdal,2021-01-15,151,0,2351,0,0.885352333323291,0.0,151,2351,fhi:git
county,Møre og Romsdal,2021-01-16,1,0,2352,0,0.885728918747929,0.0,1,2352,fhi:git
county,Møre og Romsdal,2021-01-17,1,0,2353,0,0.886105504172566,0.0,1,2353,fhi:git
county,Møre og Romsdal,2021-01-18,11,0,2364,0,0.890247943843582,0.0,11,2364,fhi:git
county,Møre og Romsdal,2021-01-19,203,0,2567,0,0.966694785045039,0.0,203,2567,fhi:git
county,Møre og Romsdal,2021-01-20,500,0,3067,0,1.1549874973639,0.0,500,3067,fhi:git
county,Møre og Romsdal,2021-01-21,801,0,3868,0,1.45663242249872,0.0,801,3868,fhi:git
county,Møre og Romsdal,2021-01-22,212,0,4080,0,1.5364685325219198,0.0,212,4080,fhi:git
county,Møre og Romsdal,2021-01-23,0,0,4080,0,1.5364685325219198,0.0,0,4080,fhi:git
county,Møre og Romsdal,2021-01-24,0,0,4080,0,1.5364685325219198,0.0,0,4080,fhi:git
county,Møre og Romsdal,2021-01-25,3,0,4083,0,1.53759828879583,0.0,3,4083,fhi:git
county,Møre og Romsdal,2021-01-26,78,129,4161,129,1.56697195191757,0.0485795197782665,207,4290,fhi:git
county,Møre og Romsdal,2021-01-27,543,359,4704,488,1.77145783749586,0.18377368722321,902,5192,fhi:git
county,Møre og Romsdal,2021-01-28,493,509,5197,997,1.95711445184226,0.37545566836381206,1002,6194,fhi:git
county,Møre og Romsdal,2021-01-29,99,78,5296,1075,1.9943964088813897,0.404829331485554,177,6371,fhi:git
county,Møre og Romsdal,2021-01-30,0,1,5296,1076,1.9943964088813897,0.405205916910192,1,6372,fhi:git
county,Møre og Romsdal,2021-01-31,0,0,5296,1076,1.9943964088813897,0.405205916910192,0,6372,fhi:git
county,Møre og Romsdal,2021-02-01,0,0,5296,1076,1.9943964088813897,0.405205916910192,0,6372,fhi:git
county,Møre og Romsdal,2021-02-02,291,193,5587,1269,2.10398276745097,0.47788690386527294,484,6856,fhi:git
county,Møre og Romsdal,2021-02-03,1063,312,6650,1581,2.5042930738408704,0.5953815563522429,1375,8231,fhi:git
county,Møre og Romsdal,2021-02-04,1544,463,8194,2044,3.08574096948152,0.7697406079595099,2007,10238,fhi:git
county,Møre og Romsdal,2021-02-05,219,155,8413,2199,3.1682131774771802,0.828111348778357,374,10612,fhi:git
county,Møre og Romsdal,2021-02-06,1,2,8414,2201,3.16858976290182,0.8288645196276321,3,10615,fhi:git
county,Møre og Romsdal,2021-02-07,0,1,8414,2202,3.16858976290182,0.82924110505227,1,10616,fhi:git
county,Møre og Romsdal,2021-02-08,1,2,8415,2204,3.16896634832645,0.8299942759015458,3,10619,fhi:git
county,Møre og Romsdal,2021-02-09,327,183,8742,2387,3.2921097821829903,0.898909408610249,510,11129,fhi:git
county,Møre og Romsdal,2021-02-10,1255,435,9997,2822,3.7647244901033394,1.06272406832766,1690,12819,fhi:git
county,Møre og Romsdal,2021-02-11,1252,805,11249,3627,4.23620944174977,1.36587533516103,2057,14876,fhi:git
county,Møre og Romsdal,2021-02-12,296,207,11545,3834,4.3476787274425295,1.44382851806104,503,15379,fhi:git
county,Møre og Romsdal,2021-02-13,24,0,11569,3834,4.35671677763384,1.44382851806104,24,15403,fhi:git
county,Møre og Romsdal,2021-02-14,0,0,11569,3834,4.35671677763384,1.44382851806104,0,15403,fhi:git
county,Møre og Romsdal,2021-02-15,1,8,11570,3842,4.35709336305848,1.44684120145814,9,15412,fhi:git
county,Møre og Romsdal,2021-02-16,354,58,11924,3900,4.490404603380231,1.46868315608713,412,15824,fhi:git
county,Møre og Romsdal,2021-02-17,1194,420,13118,4320,4.94004760039768,1.62684903443497,1614,17438,fhi:git
county,Møre og Romsdal,2021-02-18,1160,518,14278,4838,5.376886692977441,1.82192028439731,1678,19116,fhi:git
county,Møre og Romsdal,2021-02-19,499,92,14777,4930,5.564802819871661,1.85656614346398,591,19707,fhi:git
county,Møre og Romsdal,2021-02-20,9,0,14786,4930,5.568192088693401,1.85656614346398,9,19716,fhi:git
county,Møre og Romsdal,2021-02-21,0,0,14786,4930,5.568192088693401,1.85656614346398,0,19716,fhi:git
county,Møre og Romsdal,2021-02-22,15,0,14801,4930,5.57384087006296,1.85656614346398,15,19731,fhi:git
county,Møre og Romsdal,2021-02-23,390,223,15191,5153,5.72070918567168,1.9405446931582,613,20344,fhi:git
county,Møre og Romsdal,2021-02-24,718,850,15909,6003,5.991097520561559,2.26064230410026,1568,21912,fhi:git
county,Møre og Romsdal,2021-02-25,697,1458,16606,7461,6.253577561534059,2.8097038532220697,2155,24067,fhi:git
county,Møre og Romsdal,2021-02-26,260,202,16866,7663,6.35148977193987,2.88577410899889,462,24529,fhi:git
county,Møre og Romsdal,2021-02-27,2,1,16868,7664,6.35224294278914,2.88615069442352,3,24532,fhi:git
county,Møre og Romsdal,2021-02-28,0,0,16868,7664,6.35224294278914,2.88615069442352,0,24532,fhi:git
county,Møre og Romsdal,2021-03-01,94,1,16962,7665,6.38764197270509,2.8865272798481603,95,24627,fhi:git
county,Møre og Romsdal,2021-03-02,726,242,17688,7907,6.66104299099208,2.9776609526104902,968,25595,fhi:git
county,Møre og Romsdal,2021-03-03,861,1100,18549,9007,6.98528304160516,3.3919049197119904,1961,27556,fhi:git
county,Møre og Romsdal,2021-03-04,975,1276,19524,10283,7.352453830626941,3.87242792154972,2251,29807,fhi:git
county,Møre og Romsdal,2021-03-05,809,269,20333,10552,7.657111439158861,3.97372940077727,1078,30885,fhi:git
county,Møre og Romsdal,2021-03-06,3,6,20336,10558,7.658241195432769,3.9759889133251,9,30894,fhi:git
county,Møre og Romsdal,2021-03-07,0,0,20336,10558,7.658241195432769,3.9759889133251,0,30894,fhi:git
county,Møre og Romsdal,2021-03-08,152,0,20488,10558,7.715482179977711,3.9759889133251,152,31046,fhi:git
county,Møre og Romsdal,2021-03-09,643,218,21131,10776,7.957626608019759,4.05808453589612,861,31907,fhi:git
county,Møre og Romsdal,2021-03-10,1206,874,22337,11650,8.41178863013286,4.387220197029491,2080,33987,fhi:git
county,Nordland,2020-12-27,0,0,0,0,0.0,0.0,0,0,fhi:git
county,Nordland,2020-12-28,0,0,0,0,0.0,0.0,0,0,fhi:git
county,Nordland,2020-12-29,0,0,0,0,0.0,0.0,0,0,fhi:git
county,Nordland,2020-12-30,1,0,1,0,0.00041453354612722,0.0,1,1,fhi:git
county,Nordland,2020-12-31,0,0,1,0,0.00041453354612722,0.0,0,1,fhi:git
county,Nordland,2021-01-01,0,0,1,0,0.00041453354612722,0.0,0,1,fhi:git
county,Nordland,2021-01-02,0,0,1,0,0.00041453354612722,0.0,0,1,fhi:git
county,Nordland,2021-01-03,0,0,1,0,0.00041453354612722,0.0,0,1,fhi:git
county,Nordland,2021-01-04,0,0,1,0,0.000416068568100023,0.0,0,1,fhi:git
county,Nordland,2021-01-05,200,0,201,0,0.0836297821881046,0.0,200,201,fhi:git
county,Nordland,2021-01-06,686,0,887,0,0.36905281990471994,0.0,686,887,fhi:git
county,Nordland,2021-01-07,238,0,1125,0,0.468077139112526,0.0,238,1125,fhi:git
county,Nordland,2021-01-08,114,0,1239,0,0.5155089558759279,0.0,114,1239,fhi:git
county,Nordland,2021-01-09,0,0,1239,0,0.5155089558759279,0.0,0,1239,fhi:git
county,Nordland,2021-01-10,0,0,1239,0,0.5155089558759279,0.0,0,1239,fhi:git
county,Nordland,2021-01-11,0,0,1239,0,0.5155089558759279,0.0,0,1239,fhi:git
county,Nordland,2021-01-12,292,0,1531,0,0.6370009777611351,0.0,292,1531,fhi:git
county,Nordland,2021-01-13,626,0,2157,0,0.8974599013917491,0.0,626,2157,fhi:git
county,Nordland,2021-01-14,272,0,2429,0,1.01063055191496,0.0,272,2429,fhi:git
county,Nordland,2021-01-15,69,0,2498,0,1.0393392831138601,0.0,69,2498,fhi:git
county,Nordland,2021-01-16,0,0,2498,0,1.0393392831138601,0.0,0,2498,fhi:git
county,Nordland,2021-01-17,1,0,2499,0,1.03975535168196,0.0,1,2499,fhi:git
county,Nordland,2021-01-18,0,0,2499,0,1.03975535168196,0.0,0,2499,fhi:git
county,Nordland,2021-01-19,313,0,2812,0,1.1699848134972601,0.0,313,2812,fhi:git
county,Nordland,2021-01-20,786,0,3598,0,1.4970147080238798,0.0,786,3598,fhi:git
county,Nordland,2021-01-21,616,0,4214,0,1.7533129459735,0.0,616,4214,fhi:git
county,Nordland,2021-01-22,173,0,4387,0,1.8252928082548001,0.0,173,4387,fhi:git
county,Nordland,2021-01-23,4,0,4391,0,1.8269570825272,0.0,4,4391,fhi:git
county,Nordland,2021-01-24,0,0,4391,0,1.8269570825272,0.0,0,4391,fhi:git
county,Nordland,2021-01-25,51,0,4442,0,1.8481765795003,0.0,51,4442,fhi:git
county,Nordland,2021-01-26,119,90,4561,90,1.8976887391042,0.0374461711290021,209,4651,fhi:git
county,Nordland,2021-01-27,626,528,5187,618,2.15814766273482,0.257130375085814,1154,5805,fhi:git
county,Nordland,2021-01-28,471,365,5658,983,2.3541159583099303,0.40899540244232296,836,6641,fhi:git
county,Nordland,2021-01-29,211,144,5869,1127,2.4419064261790298,0.468909276248726,355,6996,fhi:git
county,Nordland,2021-01-30,1,0,5870,1127,2.44232249474713,0.468909276248726,1,6997,fhi:git
county,Nordland,2021-01-31,0,0,5870,1127,2.44232249474713,0.468909276248726,0,6997,fhi:git
county,Nordland,2021-02-01,9,4,5879,1131,2.44606711186003,0.47057355052112604,13,7010,fhi:git
county,Nordland,2021-02-02,110,200,5989,1331,2.4918346543510403,0.553787264141131,310,7320,fhi:git
county,Nordland,2021-02-03,1417,456,7406,1787,3.08140381534877,0.743514531194741,1873,9193,fhi:git
county,Nordland,2021-02-04,1670,346,9076,2133,3.7762383240758104,0.8874742557573492,2016,11209,fhi:git
county,Nordland,2021-02-05,327,125,9403,2258,3.91229274584452,0.9394828267698521,452,11661,fhi:git
county,Nordland,2021-02-06,0,0,9403,2258,3.91229274584452,0.9394828267698521,0,11661,fhi:git
county,Nordland,2021-02-07,1,0,9404,2258,3.91270881441262,0.9394828267698521,1,11662,fhi:git
county,Nordland,2021-02-08,6,1,9410,2259,3.91520522582122,0.9398988953379521,7,11669,fhi:git
county,Nordland,2021-02-09,70,262,9480,2521,3.9443300255882203,1.0489088601801602,332,12001,fhi:git
county,Nordland,2021-02-10,2012,633,11492,3154,4.78145998460546,1.31228026378747,2645,14646,fhi:git
county,Nordland,2021-02-11,1221,583,12713,3737,5.28947970625559,1.5548482389897902,1804,16450,fhi:git
county,Nordland,2021-02-12,287,238,13000,3975,5.4088913853003,1.6538725581975902,525,16975,fhi:git
county,Nordland,2021-02-13,53,3,13053,3978,5.430943019409599,1.65512076390189,56,17031,fhi:git
county,Nordland,2021-02-14,0,0,13053,3978,5.430943019409599,1.65512076390189,0,17031,fhi:git
county,Nordland,2021-02-15,0,1,13053,3979,5.430943019409599,1.65553683246999,1,17032,fhi:git
county,Nordland,2021-02-16,222,71,13275,4050,5.523310241527799,1.6850777008050901,293,17325,fhi:git
county,Nordland,2021-02-17,1484,515,14759,4565,6.14075599658824,1.8993530133766001,1999,19324,fhi:git
county,Nordland,2021-02-18,844,607,15603,5172,6.49191786806466,2.15190663421332,1451,20775,fhi:git
county,Nordland,2021-02-19,306,230,15909,5402,6.61923484990327,2.2476024048763197,536,21311,fhi:git
county,Nordland,2021-02-20,1,1,15910,5403,6.61965091847136,2.2480184734444197,2,21313,fhi:git
county,Nordland,2021-02-21,0,0,15910,5403,6.61965091847136,2.2480184734444197,0,21313,fhi:git
county,Nordland,2021-02-22,268,0,16178,5403,6.73115729472217,2.2480184734444197,268,21581,fhi:git
county,Nordland,2021-02-23,306,56,16484,5459,6.85847427656078,2.2713183132580297,362,21943,fhi:git
county,Nordland,2021-02-24,963,976,17447,6435,7.2591483076411,2.67740123572365,1939,23882,fhi:git
county,Nordland,2021-02-25,580,1848,18027,8283,7.500468077139111,3.4462959495724905,2428,26310,fhi:git
county,Nordland,2021-02-26,423,397,18450,8680,7.67646508144542,3.6114751711082,820,27130,fhi:git
county,Nordland,2021-02-27,0,4,18450,8684,7.67646508144542,3.6131394453806003,4,27134,fhi:git
county,Nordland,2021-02-28,0,1,18450,8685,7.67646508144542,3.6135555139487003,1,27135,fhi:git
county,Nordland,2021-03-01,238,0,18688,8685,7.77548940065323,3.6135555139487003,238,27373,fhi:git
county,Nordland,2021-03-02,505,50,19193,8735,7.98560402754374,3.6343589423537006,555,27928,fhi:git
county,Nordland,2021-03-03,631,1539,19824,10274,8.24814329401485,4.27468846865964,2170,30098,fhi:git
county,Nordland,2021-03-04,719,1353,20543,11627,8.54729659447877,4.83762924129897,2072,32170,fhi:git
county,Nordland,2021-03-05,427,323,20970,11950,8.72495787305748,4.97201938879527,750,32920,fhi:git
county,Nordland,2021-03-06,13,51,20983,12001,8.73036676444278,4.99323888576837,64,32984,fhi:git
county,Nordland,2021-03-07,0,0,20983,12001,8.73036676444278,4.99323888576837,0,32984,fhi:git
county,Nordland,2021-03-08,360,0,21343,12001,8.88015144895879,4.99323888576837,360,33344,fhi:git
county,Nordland,2021-03-09,637,47,21980,12048,9.1451871268385,5.01279410846908,684,34028,fhi:git
county,Nordland,2021-03-10,1105,1139,23085,13187,9.60494289458903,5.486696207535,2244,36272,fhi:git
county,Viken,2020-12-27,0,0,0,0,0.0,0.0,0,0,fhi:git
county,Viken,2020-12-28,65,0,65,0,0.00523701522360041,0.0,65,65,fhi:git
county,Viken,2020-12-29,689,0,754,0,0.0607493765937647,0.0,689,754,fhi:git
county,Viken,2020-12-30,216,0,970,0,0.0781523810291138,0.0,216,970,fhi:git
county,Viken,2020-12-31,67,0,1037,0,0.0835505351826711,0.0,67,1037,fhi:git
county,Viken,2021-01-01,0,0,1037,0,0.0835505351826711,0.0,0,1037,fhi:git
county,Viken,2021-01-02,0,0,1037,0,0.0835505351826711,0.0,0,1037,fhi:git
county,Viken,2021-01-03,0,0,1037,0,0.0835505351826711,0.0,0,1037,fhi:git
county,Viken,2021-01-04,0,0,1037,0,0.0828020798732657,0.0,0,1037,fhi:git
county,Viken,2021-01-05,525,0,1562,0,0.124722129953752,0.0,525,1562,fhi:git
county,Viken,2021-01-06,1647,0,3209,0,0.25623131563482104,0.0,1647,3209,fhi:git
county,Viken,2021-01-07,1920,0,5129,0,0.409538927357743,0.0,1920,5129,fhi:git
county,Viken,2021-01-08,281,0,5410,0,0.431976135115109,0.0,281,5410,fhi:git
county,Viken,2021-01-09,6,0,5416,0,0.432455221401743,0.0,6,5416,fhi:git
county,Viken,2021-01-10,5,0,5421,0,0.432854459973938,0.0,5,5421,fhi:git
county,Viken,2021-01-11,57,0,5478,0,0.43740577969696204,0.0,57,5478,fhi:git
county,Viken,2021-01-12,788,0,6266,0,0.500325778674911,0.0,788,6266,fhi:git
county,Viken,2021-01-13,1943,0,8209,0,0.655469887829931,0.0,1943,8209,fhi:git
county,Viken,2021-01-14,1950,0,10159,0,0.8111729309860239,0.0,1950,10159,fhi:git
county,Viken,2021-01-15,1043,0,11202,0,0.8944540971459229,0.0,1043,11202,fhi:git
county,Viken,2021-01-16,87,0,11289,0,0.9014008483021179,0.0,87,11289,fhi:git
county,Viken,2021-01-17,22,0,11311,0,0.903157498019777,0.0,22,11311,fhi:git
county,Viken,2021-01-18,142,51,11453,51,0.9144958734701178,0.00407223343639012,193,11504,fhi:git
county,Viken,2021-01-19,646,384,12099,435,0.9660774969977259,0.0347337557809745,1030,12534,fhi:git
county,Viken,2021-01-20,1490,342,13589,777,1.08505059151187,0.06204167411912001,1832,14366,fhi:git
county,Viken,2021-01-21,1998,99,15587,876,1.24458632496103,0.0699465978485832,2097,16463,fhi:git
county,Viken,2021-01-22,820,1,16407,877,1.3100614508010302,0.0700264455630222,821,17284,fhi:git
county,Viken,2021-01-23,97,0,16504,877,1.31780667910162,0.0700264455630222,97,17381,fhi:git
county,Viken,2021-01-24,0,0,16504,877,1.31780667910162,0.0700264455630222,0,17381,fhi:git
county,Viken,2021-01-25,61,0,16565,877,1.3226773896824,0.0700264455630222,61,17442,fhi:git
county,Viken,2021-01-26,562,401,17127,1278,1.3675518051971298,0.10204537905307,963,18405,fhi:git
county,Viken,2021-01-27,1938,1165,19065,2443,1.52229667577995,0.19506796637453103,3103,21508,fhi:git
county,Viken,2021-01-28,3105,1708,22170,4151,1.77022382911312,0.33144786263638,4813,26321,fhi:git
county,Viken,2021-01-29,1040,427,23210,4578,1.8532654521296998,0.365542836701842,1467,27788,fhi:git
county,Viken,2021-01-30,7,18,23217,4596,1.8538243861307702,0.366980095561745,25,27813,fhi:git
county,Viken,2021-01-31,7,3,23224,4599,1.85438332013184,0.367219638705062,10,27823,fhi:git
county,Viken,2021-02-01,35,45,23259,4644,1.8571779901372099,0.37081278585481803,80,27903,fhi:git
county,Viken,2021-02-02,1022,687,24281,5331,1.93878235429389,0.42566816567442606,1709,29612,fhi:git
county,Viken,2021-02-03,4742,1722,29023,7053,2.31742021616373,0.5631659299384211,6464,36076,fhi:git
county,Viken,2021-02-04,6630,1748,35653,8801,2.8468105628944502,0.702739734777832,8378,44454,fhi:git
county,Viken,2021-02-05,3141,1092,38794,9893,3.09761223394742,0.7899334389452439,4233,48687,fhi:git
county,Viken,2021-02-06,37,87,38831,9980,3.10056659938166,0.7968801901014391,124,48811,fhi:git
county,Viken,2021-02-07,15,19,38846,9999,3.1017643150982406,0.79839729667578,34,48845,fhi:git
county,Viken,2021-02-08,15,96,38861,10095,3.10296203081483,0.8060626772619259,111,48956,fhi:git
county,Viken,2021-02-09,791,566,39652,10661,3.1661215729361003,0.851256483634412,1357,50313,fhi:git
county,Viken,2021-02-10,3433,1325,43085,11986,3.4402387766052596,0.9570547052661159,4758,55071,fhi:git
county,Viken,2021-02-11,4841,1916,47926,13902,3.8267815622045602,1.11004292613128,6757,61828,fhi:git
county,Viken,2021-02-12,2420,975,50346,14877,4.020013031147,1.18789444770933,3395,65223,fhi:git
county,Viken,2021-02-13,23,96,50369,14973,4.021849528579089,1.19555982829548,119,65342,fhi:git
county,Viken,2021-02-14,6,0,50375,14973,4.02232861486573,1.19555982829548,6,65348,fhi:git
county,Viken,2021-02-15,354,123,50729,15096,4.05059470577714,1.20538109717147,477,65825,fhi:git
county,Viken,2021-02-16,1415,358,52144,15454,4.16357922170836,1.23396657894064,1773,67598,fhi:git
county,Viken,2021-02-17,4392,1796,56536,17250,4.51427038352454,1.3773730740731298,6188,73786,fhi:git
county,Viken,2021-02-18,4839,2922,61375,20172,4.90065347369497,1.6106880956639498,7761,81547,fhi:git
county,Viken,2021-02-19,3795,1281,65170,21453,5.203675549991059,1.7129730178603402,5076,86623,fhi:git
county,Viken,2021-02-20,28,6,65198,21459,5.20591128599535,1.71345210414697,34,86657,fhi:git
county,Viken,2021-02-21,1,6,65199,21465,5.20599113370979,1.71393119043361,7,86664,fhi:git
county,Viken,2021-02-22,698,7,65897,21472,5.26172483838823,1.71449012443468,705,87369,fhi:git
county,Viken,2021-02-23,2123,754,68020,22226,5.431241536142269,1.7746953011216997,2877,90246,fhi:git
county,Viken,2021-02-24,2467,4162,70487,26388,5.628225847663339,2.10702148861691,6629,96875,fhi:git
county,Viken,2021-02-25,2367,6241,72854,32629,5.8172253877405,2.60535107443085,8608,105483,fhi:git
county,Viken,2021-02-26,1721,2705,74575,35334,5.95464330429006,2.8213391419883997,4426,109909,fhi:git
county,Viken,2021-02-27,166,87,74741,35421,5.96789802488694,2.8282858931445896,253,110162,fhi:git
county,Viken,2021-02-28,416,1,75157,35422,6.001114674093571,2.82836574085903,417,110579,fhi:git
county,Viken,2021-03-01,1397,1,76554,35423,6.1126619311648795,2.8284455885734703,1398,111977,fhi:git
county,Viken,2021-03-02,2887,516,79441,35939,6.343182282750339,2.8696470092240096,3403,115380,fhi:git
county,Viken,2021-03-03,4867,2559,84308,38498,6.73180110892506,3.0739773104734702,7426,122806,fhi:git
county,Viken,2021-03-04,3969,3252,88277,41750,7.048716687533539,3.33364207782916,7221,130027,fhi:git
county,Viken,2021-03-05,2454,1726,90731,43476,7.2446629787669,3.4714592329509197,4180,134207,fhi:git
county,Viken,2021-03-06,155,0,90886,43476,7.257039374504941,3.4714592329509197,155,134362,fhi:git
county,Viken,2021-03-07,17,0,90903,43476,7.258396785650411,3.4714592329509197,17,134379,fhi:git
county,Viken,2021-03-08,999,22,91902,43498,7.33816465237499,3.4732158826685797,1021,135400,fhi:git
county,Viken,2021-03-09,2679,691,94581,44189,7.552076679357129,3.52839065334594,3370,138770,fhi:git
county,Viken,2021-03-10,4909,2980,99490,47169,7.94404910953829,3.7663368423742205,7889,146659,fhi:git
county,Innlandet,2020-12-27,0,0,0,0,0.0,0.0,0,0,fhi:git
county,Innlandet,2020-12-28,272,0,272,0,0.0732393607711674,0.0,272,272,fhi:git
county,Innlandet,2020-12-29,260,0,532,0,0.143247573273019,0.0,260,532,fhi:git
county,Innlandet,2020-12-30,149,0,681,0,0.183367664283695,0.0,149,681,fhi:git
county,Innlandet,2020-12-31,0,0,681,0,0.183367664283695,0.0,0,681,fhi:git
county,Innlandet,2021-01-01,0,0,681,0,0.183367664283695,0.0,0,681,fhi:git
county,Innlandet,2021-01-02,0,0,681,0,0.183367664283695,0.0,0,681,fhi:git
county,Innlandet,2021-01-03,0,0,681,0,0.183367664283695,0.0,0,681,fhi:git
county,Innlandet,2021-01-04,0,0,681,0,0.18375458374594897,0.0,0,681,fhi:git
county,Innlandet,2021-01-05,271,0,952,0,0.256878654517098,0.0,271,952,fhi:git
county,Innlandet,2021-01-06,703,0,1655,0,0.44656950969096293,0.0,703,1655,fhi:git
county,Innlandet,2021-01-07,696,0,2351,0,0.634371551228673,0.0,696,2351,fhi:git
county,Innlandet,2021-01-08,75,0,2426,0,0.654608840187478,0.0,75,2426,fhi:git
county,Innlandet,2021-01-09,0,0,2426,0,0.654608840187478,0.0,0,2426,fhi:git
county,Innlandet,2021-01-10,0,0,2426,0,0.654608840187478,0.0,0,2426,fhi:git
county,Innlandet,2021-01-11,50,0,2476,0,0.668100366160015,0.0,50,2476,fhi:git
county,Innlandet,2021-01-12,403,0,2879,0,0.7768420654986601,0.0,403,2879,fhi:git
county,Innlandet,2021-01-13,994,0,3873,0,1.04505360183269,0.0,994,3873,fhi:git
county,Innlandet,2021-01-14,958,0,4831,0,1.30355123946649,0.0,958,4831,fhi:git
county,Innlandet,2021-01-15,279,0,5110,0,1.37883395439325,0.0,279,5110,fhi:git
county,Innlandet,2021-01-16,4,0,5114,0,1.37991327647105,0.0,4,5114,fhi:git
county,Innlandet,2021-01-17,0,0,5114,0,1.37991327647105,0.0,0,5114,fhi:git
county,Innlandet,2021-01-18,62,0,5176,0,1.39664276867699,0.0,62,5176,fhi:git
county,Innlandet,2021-01-19,331,318,5507,318,1.4859566706151899,0.0858061051853331,649,5825,fhi:git
county,Innlandet,2021-01-20,664,252,6171,570,1.66512413553047,0.153803396086918,916,6741,fhi:git
county,Innlandet,2021-01-21,833,48,7004,618,1.88989295823293,0.166755261020553,881,7622,fhi:git
county,Innlandet,2021-01-22,239,0,7243,618,1.95438245238166,0.166755261020553,239,7861,fhi:git
county,Innlandet,2021-01-23,6,0,7249,618,1.9560014354983601,0.166755261020553,6,7867,fhi:git
county,Innlandet,2021-01-24,0,0,7249,618,1.9560014354983601,0.166755261020553,0,7867,fhi:git
county,Innlandet,2021-01-25,1,0,7250,618,1.95627126601781,0.166755261020553,1,7868,fhi:git
county,Innlandet,2021-01-26,149,131,7399,749,1.9964760134159698,0.20210305906859902,280,8148,fhi:git
county,Innlandet,2021-01-27,934,603,8333,1352,2.24849771858296,0.364810862297391,1537,9685,fhi:git
county,Innlandet,2021-01-28,904,707,9237,2059,2.49242450816642,0.555581039549059,1611,11296,fhi:git
county,Innlandet,2021-01-29,319,132,9556,2191,2.5785004438712003,0.5911986681165561,451,11747,fhi:git
county,Innlandet,2021-01-30,2,0,9558,2191,2.57904010491011,0.5911986681165561,2,11749,fhi:git
county,Innlandet,2021-01-31,1,0,9559,2191,2.57930993542956,0.5911986681165561,1,11750,fhi:git
county,Innlandet,2021-02-01,9,49,9568,2240,2.58173841010461,0.6044203635696421,58,11808,fhi:git
county,Innlandet,2021-02-02,609,341,10177,2581,2.74606519645011,0.6964325707023421,950,12758,fhi:git
county,Innlandet,2021-02-03,2311,872,12488,3453,3.3696435269007496,0.9317247836633811,3183,15941,fhi:git
county,Innlandet,2021-02-04,2655,997,15143,4450,4.08604355604245,1.20074581155576,3652,19593,fhi:git
county,Innlandet,2021-02-05,813,270,15956,4720,4.3054157683559,1.27360005180746,1083,20676,fhi:git
county,Innlandet,2021-02-06,7,4,15963,4724,4.3073045819920495,1.27467937388526,11,20687,fhi:git
county,Innlandet,2021-02-07,0,0,15963,4724,4.3073045819920495,1.27467937388526,0,20687,fhi:git
county,Innlandet,2021-02-08,2,62,15965,4786,4.30784424303095,1.29140886609121,64,20751,fhi:git
county,Innlandet,2021-02-09,257,269,16222,5055,4.37719068652979,1.3639932758234599,526,21277,fhi:git
county,Innlandet,2021-02-10,2052,578,18274,5633,4.93088291244269,1.51995531606598,2630,23907,fhi:git
county,Innlandet,2021-02-11,2236,847,20510,6480,5.53422395393453,1.7485017660407502,3083,26990,fhi:git
county,Innlandet,2021-02-12,429,283,20939,6763,5.649981246778901,1.8248638030453102,712,27702,fhi:git
county,Innlandet,2021-02-13,0,5,20939,6768,5.649981246778901,1.8262129556425601,5,27707,fhi:git
county,Innlandet,2021-02-14,1,0,20940,6768,5.650251077298349,1.8262129556425601,1,27708,fhi:git
county,Innlandet,2021-02-15,87,14,21027,6782,5.67372633249056,1.8299905829148702,101,27809,fhi:git
county,Innlandet,2021-02-16,517,92,21544,6874,5.813228711046589,1.85481499070434,609,28418,fhi:git
county,Innlandet,2021-02-17,1571,782,23115,7656,6.23713245710369,2.06582245691481,2353,30771,fhi:git
county,Innlandet,2021-02-18,1436,900,24551,8556,6.624609083034951,2.3086699244204705,2336,33107,fhi:git
county,Innlandet,2021-02-19,541,296,25092,8852,6.77058739405779,2.38853975817789,837,33944,fhi:git
county,Innlandet,2021-02-20,0,3,25092,8855,6.77058739405779,2.3893492497362403,3,33947,fhi:git
county,Innlandet,2021-02-21,0,1,25092,8856,6.77058739405779,2.38961908025569,1,33948,fhi:git
county,Innlandet,2021-02-22,283,3,25375,8859,6.846949431062349,2.39042857181404,286,34234,fhi:git
county,Innlandet,2021-02-23,317,306,25692,9165,6.93248570572823,2.4729967107659703,623,34857,fhi:git
county,Innlandet,2021-02-24,847,2318,26539,11483,7.1610321557029994,3.09846385485277,3165,38022,fhi:git
county,Innlandet,2021-02-25,1742,2446,28281,13929,7.63107692058618,3.7584693054292595,4188,42210,fhi:git
county,Innlandet,2021-02-26,675,812,28956,14741,7.813212521215429,3.97757168722326,1487,43697,fhi:git
county,Innlandet,2021-02-27,3,1,28959,14742,7.814022012773781,3.97784151774271,4,43701,fhi:git
county,Innlandet,2021-02-28,3,6,28962,14748,7.81483150433213,3.9794605008594104,9,43710,fhi:git
county,Innlandet,2021-03-01,170,7,29132,14755,7.86070269263875,3.9813493144955703,177,43887,fhi:git
county,Innlandet,2021-03-02,500,159,29632,14914,7.99561795236412,4.024252367088231,659,44546,fhi:git
county,Innlandet,2021-03-03,1548,1964,31180,16878,8.413315596473861,4.55419950728947,3512,48058,fhi:git
county,Innlandet,2021-03-04,1439,2242,32619,19120,8.80160171396346,5.15915953189802,3681,51739,fhi:git
county,Innlandet,2021-03-05,513,394,33132,19514,8.94002477044169,5.265472756561599,907,52646,fhi:git
county,Innlandet,2021-03-06,2,3,33134,19517,8.94056443148059,5.26628224811996,5,52651,fhi:git
county,Innlandet,2021-03-07,0,0,33134,19517,8.94056443148059,5.26628224811996,0,52651,fhi:git
county,Innlandet,2021-03-08,89,0,33223,19517,8.964579347711698,5.26628224811996,89,52740,fhi:git
county,Innlandet,2021-03-09,867,308,34090,19825,9.19852240807549,5.34939004811078,1175,53915,fhi:git
county,Innlandet,2021-03-10,1934,1277,36024,21102,9.720374632693211,5.69396362144937,3211,57126,fhi:git
county,Vestfold og Telemark,2020-12-27,0,0,0,0,0.0,0.0,0,0,fhi:git
county,Vestfold og Telemark,2020-12-28,0,0,0,0,0.0,0.0,0,0,fhi:git
county,Vestfold og Telemark,2020-12-29,0,0,0,0,0.0,0.0,0,0,fhi:git
county,Vestfold og Telemark,2020-12-30,0,0,0,0,0.0,0.0,0,0,fhi:git
county,Vestfold og Telemark,2020-12-31,0,0,0,0,0.0,0.0,0,0,fhi:git
county,Vestfold og Telemark,2021-01-01,0,0,0,0,0.0,0.0,0,0,fhi:git
county,Vestfold og Telemark,2021-01-02,0,0,0,0,0.0,0.0,0,0,fhi:git
county,Vestfold og Telemark,2021-01-03,0,0,0,0,0.0,0.0,0,0,fhi:git
county,Vestfold og Telemark,2021-01-04,1,0,1,0,0.000237033104043311,0.0,1,1,fhi:git
county,Vestfold og Telemark,2021-01-05,218,0,219,0,0.051910249785484995,0.0,218,219,fhi:git
county,Vestfold og Telemark,2021-01-06,1026,0,1245,0,0.295106214533922,0.0,1026,1245,fhi:git
county,Vestfold og Telemark,2021-01-07,442,0,1687,0,0.39987484652106503,0.0,442,1687,fhi:git
county,Vestfold og Telemark,2021-01-08,63,0,1750,0,0.41480793207579403,0.0,63,1750,fhi:git
county,Vestfold og Telemark,2021-01-09,0,0,1750,0,0.41480793207579403,0.0,0,1750,fhi:git
county,Vestfold og Telemark,2021-01-10,2,0,1752,0,0.41528199828387996,0.0,2,1752,fhi:git
county,Vestfold og Telemark,2021-01-11,3,0,1755,0,0.41599309759601005,0.0,3,1755,fhi:git
county,Vestfold og Telemark,2021-01-12,418,0,2173,0,0.5150729350861141,0.0,418,2173,fhi:git
county,Vestfold og Telemark,2021-01-13,1166,0,3339,0,0.7914535344006141,0.0,1166,3339,fhi:git
county,Vestfold og Telemark,2021-01-14,583,0,3922,0,0.929643834057865,0.0,583,3922,fhi:git
county,Vestfold og Telemark,2021-01-15,157,0,4079,0,0.966858031392664,0.0,157,4079,fhi:git
county,Vestfold og Telemark,2021-01-16,3,0,4082,0,0.9675691307047941,0.0,3,4082,fhi:git
county,Vestfold og Telemark,2021-01-17,41,0,4123,0,0.9772874879705699,0.0,41,4123,fhi:git
county,Vestfold og Telemark,2021-01-18,7,0,4130,0,0.9789467196988728,0.0,7,4130,fhi:git
county,Vestfold og Telemark,2021-01-19,232,0,4362,0,1.03393839983692,0.0,232,4362,fhi:git
county,Vestfold og Telemark,2021-01-20,1607,0,5969,0,1.41485059803452,0.0,1607,5969,fhi:git
county,Vestfold og Telemark,2021-01-21,829,0,6798,0,1.61135104128643,0.0,829,6798,fhi:git
county,Vestfold og Telemark,2021-01-22,181,0,6979,0,1.65425403311827,0.0,181,6979,fhi:git
county,Vestfold og Telemark,2021-01-23,3,0,6982,0,1.6549651324304,0.0,3,6982,fhi:git
county,Vestfold og Telemark,2021-01-24,0,0,6982,0,1.6549651324304,0.0,0,6982,fhi:git
county,Vestfold og Telemark,2021-01-25,44,0,7026,0,1.6653945890083,0.0,44,7026,fhi:git
county,Vestfold og Telemark,2021-01-26,103,179,7129,179,1.6898089987247602,0.0424289256237526,282,7308,fhi:git
county,Vestfold og Telemark,2021-01-27,1623,898,8752,1077,2.07451372658706,0.25528465305464604,2521,9829,fhi:git
county,Vestfold og Telemark,2021-01-28,653,449,9405,1526,2.2292963435273396,0.36171251677009203,1102,10931,fhi:git
county,Vestfold og Telemark,2021-01-29,86,90,9491,1616,2.24968119047506,0.38304549613398997,176,11107,fhi:git
county,Vestfold og Telemark,2021-01-30,0,0,9491,1616,2.24968119047506,0.38304549613398997,0,11107,fhi:git
county,Vestfold og Telemark,2021-01-31,1,1,9492,1617,2.24991822357911,0.3832825292380329,2,11109,fhi:git
county,Vestfold og Telemark,2021-02-01,50,1,9542,1618,2.26176987878127,0.38351956234207707,51,11160,fhi:git
county,Vestfold og Telemark,2021-02-02,462,327,10004,1945,2.3712791728492797,0.46102938736423904,789,11949,fhi:git
county,Vestfold og Telemark,2021-02-03,3215,847,13219,2792,3.13334060234852,0.661796426488924,4062,16011,fhi:git
county,Vestfold og Telemark,2021-02-04,1901,708,15120,3500,3.58394053313486,0.8296158641515881,2609,18620,fhi:git
county,Vestfold og Telemark,2021-02-05,963,245,16083,3745,3.8122034123285697,0.8876889746421991,1208,19828,fhi:git
county,Vestfold og Telemark,2021-02-06,0,4,16083,3749,3.8122034123285697,0.8886371070583721,4,19832,fhi:git
county,Vestfold og Telemark,2021-02-07,2,1,16085,3750,3.8126774785366497,0.8888741401624151,3,19835,fhi:git
county,Vestfold og Telemark,2021-02-08,17,46,16102,3796,3.81670704130539,0.8997776629484069,63,19898,fhi:git
county,Vestfold og Telemark,2021-02-09,354,208,16456,4004,3.90061676013672,0.9490805485894158,562,20460,fhi:git
county,Vestfold og Telemark,2021-02-10,2886,1396,19342,5400,4.58469429840572,1.27997876183388,4282,24742,fhi:git
county,Vestfold og Telemark,2021-02-11,1538,877,20880,6277,4.94925121242433,1.4878567940798602,2415,27157,fhi:git
county,Vestfold og Telemark,2021-02-12,602,213,21482,6490,5.0919451410584005,1.5383448452410902,815,27972,fhi:git
county,Vestfold og Telemark,2021-02-13,2,2,21484,6492,5.092419207266491,1.5388189114491697,4,27976,fhi:git
county,Vestfold og Telemark,2021-02-14,0,0,21484,6492,5.092419207266491,1.5388189114491697,0,27976,fhi:git
county,Vestfold og Telemark,2021-02-15,4,2,21488,6494,5.09336733968266,1.53929297765726,6,27982,fhi:git
county,Vestfold og Telemark,2021-02-16,575,76,22063,6570,5.229661374507559,1.55730749356455,651,28633,fhi:git
county,Vestfold og Telemark,2021-02-17,3019,1525,25082,8095,5.94526431561432,1.9187829772306002,4544,33177,fhi:git
county,Vestfold og Telemark,2021-02-18,1810,627,26892,8722,6.3742942339327096,2.06740273346576,2437,35614,fhi:git
county,Vestfold og Telemark,2021-02-19,280,83,27172,8805,6.44066350306484,2.08707648110135,363,35977,fhi:git
county,Vestfold og Telemark,2021-02-20,0,1,27172,8806,6.44066350306484,2.08731351420539,1,35978,fhi:git
county,Vestfold og Telemark,2021-02-21,1,1,27173,8807,6.44090053616888,2.0875505473094402,2,35980,fhi:git
county,Vestfold og Telemark,2021-02-22,51,0,27224,8807,6.45298922447509,2.0875505473094402,51,36031,fhi:git
county,Vestfold og Telemark,2021-02-23,628,381,27852,9188,6.601846013814289,2.17786015994994,1009,37040,fhi:git
county,Vestfold og Telemark,2021-02-24,661,2867,28513,12055,6.75852489558692,2.85743406924211,3528,40568,fhi:git
county,Vestfold og Telemark,2021-02-25,699,1991,29212,14046,6.92421103531319,3.3293669793923395,2690,43258,fhi:git
county,Vestfold og Telemark,2021-02-26,537,845,29749,14891,7.051497812184451,3.52965995230894,1382,44640,fhi:git
county,Vestfold og Telemark,2021-02-27,3,0,29752,14891,7.05220891149658,3.52965995230894,3,44643,fhi:git
county,Vestfold og Telemark,2021-02-28,0,0,29752,14891,7.05220891149658,3.52965995230894,0,44643,fhi:git
county,Vestfold og Telemark,2021-03-01,599,0,30351,14891,7.194191740818519,3.52965995230894,599,45242,fhi:git
county,Vestfold og Telemark,2021-03-02,844,352,31195,15243,7.3942476806310795,3.61309560493219,1196,46438,fhi:git
county,Vestfold og Telemark,2021-03-03,1951,2798,33146,18041,7.85669926661958,4.27631423004537,4749,51187,fhi:git
county,Vestfold og Telemark,2021-03-04,987,1428,34133,19469,8.09065094031032,4.61479750261922,2415,53602,fhi:git
county,Vestfold og Telemark,2021-03-05,1431,582,35564,20051,8.4298453121963,4.75275076917242,2013,55615,fhi:git
county,Vestfold og Telemark,2021-03-06,2,1,35566,20052,8.43031937840439,4.752987802276469,3,55618,fhi:git
county,Vestfold og Telemark,2021-03-07,0,0,35566,20052,8.43031937840439,4.752987802276469,0,55618,fhi:git
county,Vestfold og Telemark,2021-03-08,208,0,35774,20052,8.4796222640454,4.752987802276469,208,55826,fhi:git
county,Vestfold og Telemark,2021-03-09,894,117,36668,20169,8.69152985906012,4.780720675449531,1011,56837,fhi:git
county,Vestfold og Telemark,2021-03-10,1341,2202,38009,22371,9.0093912515822,5.3026675705529005,3543,60380,fhi:git
county,Agder,2020-12-27,0,0,0,0,0.0,0.0,0,0,fhi:git
county,Agder,2020-12-28,0,0,0,0,0.0,0.0,0,0,fhi:git
county,Agder,2020-12-29,0,0,0,0,0.0,0.0,0,0,fhi:git
county,Agder,2020-12-30,0,0,0,0,0.0,0.0,0,0,fhi:git
county,Agder,2020-12-31,0,0,0,0,0.0,0.0,0,0,fhi:git
county,Agder,2021-01-01,0,0,0,0,0.0,0.0,0,0,fhi:git
county,Agder,2021-01-02,0,0,0,0,0.0,0.0,0,0,fhi:git
county,Agder,2021-01-03,3,0,3,0,0.000976463963597423,0.0,3,3,fhi:git
county,Agder,2021-01-04,0,0,3,0,0.000971367329031255,0.0,0,3,fhi:git
county,Agder,2021-01-05,79,0,82,0,0.026550706993521002,0.0,79,82,fhi:git
county,Agder,2021-01-06,791,0,873,0,0.282667892748095,0.0,791,873,fhi:git
county,Agder,2021-01-07,230,0,1103,0,0.35713938797382505,0.0,230,1103,fhi:git
county,Agder,2021-01-08,49,0,1152,0,0.373005054348002,0.0,49,1152,fhi:git
county,Agder,2021-01-09,0,0,1152,0,0.373005054348002,0.0,0,1152,fhi:git
county,Agder,2021-01-10,0,0,1152,0,0.373005054348002,0.0,0,1152,fhi:git
county,Agder,2021-01-11,1,0,1153,0,0.3733288434576789,0.0,1,1153,fhi:git
county,Agder,2021-01-12,226,0,1379,0,0.44650518224470004,0.0,226,1379,fhi:git
county,Agder,2021-01-13,847,0,2226,0,0.7207545581411908,0.0,847,2226,fhi:git
county,Agder,2021-01-14,516,0,2742,0,0.887829738734567,0.0,516,2742,fhi:git
county,Agder,2021-01-15,119,0,2861,0,0.9263606427861399,0.0,119,2861,fhi:git
county,Agder,2021-01-16,1,0,2862,0,0.926684431895818,0.0,1,2862,fhi:git
county,Agder,2021-01-17,2,0,2864,0,0.927332010115172,0.0,2,2864,fhi:git
county,Agder,2021-01-18,15,0,2879,0,0.932188846760328,0.0,15,2879,fhi:git
county,Agder,2021-01-19,347,0,3226,0,1.04454366781828,0.0,347,3226,fhi:git
county,Agder,2021-01-20,459,0,3685,0,1.19316286916006,0.0,459,3685,fhi:git
county,Agder,2021-01-21,340,0,4025,0,1.30325116645027,0.0,340,4025,fhi:git
county,Agder,2021-01-22,66,0,4091,0,1.32462124768896,0.0,66,4091,fhi:git
county,Agder,2021-01-23,1,0,4092,0,1.32494503679863,0.0,1,4092,fhi:git
county,Agder,2021-01-24,0,0,4092,0,1.32494503679863,0.0,0,4092,fhi:git
county,Agder,2021-01-25,1,0,4093,0,1.32526882590831,0.0,1,4093,fhi:git
county,Agder,2021-01-26,63,66,4156,66,1.34566753981797,0.0213700812386876,129,4222,fhi:git
county,Agder,2021-01-27,567,681,4723,747,1.52925596500487,0.24187046492878303,1248,5470,fhi:git
county,Agder,2021-01-28,951,248,5674,995,1.83717940830778,0.32217016412870003,1199,6669,fhi:git
county,Agder,2021-01-29,204,61,5878,1056,1.9032323866819099,0.341921299819002,265,6934,fhi:git
county,Agder,2021-01-30,32,0,5910,1056,1.9135936381915701,0.341921299819002,32,6966,fhi:git
county,Agder,2021-01-31,24,0,5934,1056,1.9213645768238201,0.341921299819002,24,6990,fhi:git
county,Agder,2021-02-01,0,2,5934,1058,1.9213645768238201,0.342568878038356,2,6992,fhi:git
county,Agder,2021-02-02,203,170,6137,1228,1.98709376608827,0.397613026683461,373,7365,fhi:git
county,Agder,2021-02-03,1331,593,7468,1821,2.4180570710684703,0.5896199687219721,1924,9289,fhi:git
county,Agder,2021-02-04,1707,497,9175,2318,2.97076508128726,0.7505431562314829,2204,11493,fhi:git
county,Agder,2021-02-05,619,134,9794,2452,3.17119054017737,0.793930896928213,753,12246,fhi:git
county,Agder,2021-02-06,510,2,10304,2454,3.33632298611269,0.794578475147567,512,12758,fhi:git
county,Agder,2021-02-07,83,2,10387,2456,3.36319748221588,0.795226053366921,85,12843,fhi:git
county,Agder,2021-02-08,13,2,10400,2458,3.36740674064169,0.795873631586275,15,12858,fhi:git
county,Agder,2021-02-09,189,254,10589,2712,3.42860288237065,0.878116065444255,443,13301,fhi:git
county,Agder,2021-02-10,1152,371,11741,3083,3.80160793671866,0.998241825134453,1523,14824,fhi:git
county,Agder,2021-02-11,1005,409,12746,3492,4.1270159919441305,1.13067157099238,1414,16238,fhi:git
county,Agder,2021-02-12,354,70,13100,3562,4.24163733676981,1.15333680866978,424,16662,fhi:git
county,Agder,2021-02-13,509,2,13609,3564,4.40644599359545,1.15398438688913,511,17173,fhi:git
county,Agder,2021-02-14,0,0,13609,3564,4.40644599359545,1.15398438688913,0,17173,fhi:git
county,Agder,2021-02-15,1,2,13610,3566,4.40676978270513,1.15463196510849,3,17176,fhi:git
county,Agder,2021-02-16,140,113,13750,3679,4.45210025805992,1.1912201345020001,253,17429,fhi:git
county,Agder,2021-02-17,1217,435,14967,4114,4.84615160453693,1.3320683972115301,1652,19081,fhi:git
county,Agder,2021-02-18,1085,821,16052,4935,5.19746278853657,1.59789925625642,1906,20987,fhi:git
county,Agder,2021-02-19,719,343,16771,5278,5.430267158394389,1.70895892087566,1062,22049,fhi:git
county,Agder,2021-02-20,340,37,17111,5315,5.5403554556846,1.72093911793371,377,22426,fhi:git
county,Agder,2021-02-21,52,23,17163,5338,5.557192489387809,1.72838626745628,75,22501,fhi:git
county,Agder,2021-02-22,224,0,17387,5338,5.62972124995548,1.72838626745628,224,22725,fhi:git
county,Agder,2021-02-23,294,201,17681,5539,5.72491524820054,1.7934678785013702,495,23220,fhi:git
county,Agder,2021-02-24,943,1110,18624,6649,6.03024837862603,2.15287379024294,2053,25273,fhi:git
county,Agder,2021-02-25,715,1560,19339,8209,6.26175759204515,2.65798480133919,2275,27548,fhi:git
county,Agder,2021-02-26,375,466,19714,8675,6.383178508174059,2.80887052644871,841,28389,fhi:git
county,Agder,2021-02-27,0,1,19714,8676,6.383178508174059,2.80919431555839,1,28390,fhi:git
county,Agder,2021-02-28,8,82,19722,8758,6.38576882105147,2.8357450225519103,90,28480,fhi:git
county,Agder,2021-03-01,259,0,19981,8758,6.46963020045784,2.8357450225519103,259,28739,fhi:git
county,Agder,2021-03-02,570,192,20551,8950,6.65418999297378,2.89791253160991,762,29501,fhi:git
county,Agder,2021-03-03,626,876,21177,9826,6.85688197563163,3.18155179168704,1502,31003,fhi:git
county,Agder,2021-03-04,786,1067,21963,10893,7.111380215837821,3.5270347717124904,1853,32856,fhi:git
county,Agder,2021-03-05,954,336,22917,11229,7.42027502646976,3.6358279125639905,1290,34146,fhi:git
county,Agder,2021-03-06,14,405,22931,11634,7.42480807400524,3.76696250198321,419,34565,fhi:git
county,Agder,2021-03-07,3,0,22934,11634,7.425779441334269,3.76696250198321,3,34568,fhi:git
county,Agder,2021-03-08,165,0,23099,11634,7.4792046444309905,3.76696250198321,165,34733,fhi:git
county,Agder,2021-03-09,644,94,23743,11728,7.68772483106303,3.79739867829285,738,35471,fhi:git
county,Agder,2021-03-10,952,777,24695,12505,7.9959720634756195,4.04898281651195,1729,37200,fhi:git
county,Vestland,2020-12-27,0,0,0,0,0.0,0.0,0,0,fhi:git
county,Vestland,2020-12-28,0,0,0,0,0.0,0.0,0,0,fhi:git
county,Vestland,2020-12-29,0,0,0,0,0.0,0.0,0,0,fhi:git
county,Vestland,2020-12-30,0,0,0,0,0.0,0.0,0,0,fhi:git
county,Vestland,2020-12-31,0,0,0,0,0.0,0.0,0,0,fhi:git
county,Vestland,2021-01-01,0,0,0,0,0.0,0.0,0,0,fhi:git
county,Vestland,2021-01-02,0,0,0,0,0.0,0.0,0,0,fhi:git
county,Vestland,2021-01-03,0,0,0,0,0.0,0.0,0,0,fhi:git
county,Vestland,2021-01-04,2,0,2,0,0.000313076746068147,0.0,2,2,fhi:git
county,Vestland,2021-01-05,416,0,418,0,0.0654330399282428,0.0,416,418,fhi:git
county,Vestland,2021-01-06,1254,0,1672,0,0.261732159712971,0.0,1254,1672,fhi:git
county,Vestland,2021-01-07,716,0,2388,0,0.37381363480536794,0.0,716,2388,fhi:git
county,Vestland,2021-01-08,139,0,2527,0,0.395572468657104,0.0,139,2527,fhi:git
county,Vestland,2021-01-09,0,0,2527,0,0.395572468657104,0.0,0,2527,fhi:git
county,Vestland,2021-01-10,0,0,2527,0,0.395572468657104,0.0,0,2527,fhi:git
county,Vestland,2021-01-11,65,0,2592,0,0.40574746290431896,0.0,65,2592,fhi:git
county,Vestland,2021-01-12,855,0,3447,0,0.539587771848452,0.0,855,3447,fhi:git
county,Vestland,2021-01-13,1126,0,4573,0,0.7158499798848191,0.0,1126,4573,fhi:git
county,Vestland,2021-01-14,998,0,5571,0,0.872075276172825,0.0,998,5571,fhi:git
county,Vestland,2021-01-15,425,0,5996,0,0.9386040847123059,0.0,425,5996,fhi:git
county,Vestland,2021-01-16,2,0,5998,0,0.938917161458374,0.0,2,5998,fhi:git
county,Vestland,2021-01-17,1,0,5999,0,0.939073699831408,0.0,1,5999,fhi:git
county,Vestland,2021-01-18,62,0,6061,0,0.9487790789595211,0.0,62,6061,fhi:git
county,Vestland,2021-01-19,368,0,6429,0,1.00638520023606,0.0,368,6429,fhi:git
county,Vestland,2021-01-20,1235,0,7664,0,1.19971009093314,0.0,1235,7664,fhi:git
county,Vestland,2021-01-21,781,0,8445,0,1.32196656027275,0.0,781,8445,fhi:git
county,Vestland,2021-01-22,313,0,8758,0,1.3709630710324199,0.0,313,8758,fhi:git
county,Vestland,2021-01-23,0,0,8758,0,1.3709630710324199,0.0,0,8758,fhi:git
county,Vestland,2021-01-24,0,0,8758,0,1.3709630710324199,0.0,0,8758,fhi:git
county,Vestland,2021-01-25,2,0,8760,0,1.3712761477784898,0.0,2,8760,fhi:git
county,Vestland,2021-01-26,152,174,8912,174,1.3950699804796698,0.0272376769079288,326,9086,fhi:git
county,Vestland,2021-01-27,1590,1208,10502,1382,1.6439659936038402,0.21633603153309,2798,11884,fhi:git
county,Vestland,2021-01-28,1940,682,12442,2064,1.94765043728995,0.323095201942328,2622,14506,fhi:git
county,Vestland,2021-01-29,481,176,12923,2240,2.02294539471933,0.350645955596325,657,15163,fhi:git
county,Vestland,2021-01-30,1,0,12924,2240,2.02310193309237,0.350645955596325,1,15164,fhi:git
county,Vestland,2021-01-31,1,0,12925,2240,2.0232584714654,0.350645955596325,1,15165,fhi:git
county,Vestland,2021-02-01,13,59,12938,2299,2.02529347031485,0.359881719605335,72,15237,fhi:git
county,Vestland,2021-02-02,722,581,13660,2880,2.13831417564545,0.450830514338132,1303,16540,fhi:git
county,Vestland,2021-02-03,2830,1040,16490,3920,2.58131777133188,0.613630422293569,3870,20410,fhi:git
county,Vestland,2021-02-04,2590,1099,19080,5019,2.98675215749013,0.785666094258016,3689,24099,fhi:git
county,Vestland,2021-02-05,911,487,19991,5506,3.12935861532417,0.86190028192561,1398,25497,fhi:git
county,Vestland,2021-02-06,0,2,19991,5508,3.12935861532417,0.862213358671678,2,25499,fhi:git
county,Vestland,2021-02-07,2,1,19993,5509,3.1296716920702403,0.862369897044712,3,25502,fhi:git
county,Vestland,2021-02-08,8,49,20001,5558,3.13092399905451,0.8700402773233821,57,25559,fhi:git
county,Vestland,2021-02-09,888,305,20889,5863,3.2699300743087703,0.9177844810987741,1193,26752,fhi:git
county,Vestland,2021-02-10,2753,970,23642,6833,3.70088021527157,1.06962670294183,3723,30475,fhi:git
county,Vestland,2021-02-11,2695,832,26337,7665,4.1227511305984,1.19986662930618,3527,34002,fhi:git
county,Vestland,2021-02-12,617,458,26954,8123,4.21933530676042,1.27156120415578,1075,35077,fhi:git
county,Vestland,2021-02-13,0,0,26954,8123,4.21933530676042,1.27156120415578,0,35077,fhi:git
county,Vestland,2021-02-14,0,2,26954,8125,4.21933530676042,1.2718742809018502,2,35079,fhi:git
county,Vestland,2021-02-15,94,1,27048,8126,4.23404991382563,1.27203081927488,95,35174,fhi:git
county,Vestland,2021-02-16,1061,56,28109,8182,4.40013712761478,1.28079696816479,1117,36291,fhi:git
county,Vestland,2021-02-17,2679,1325,30788,9507,4.81950342897306,1.48821031243494,4004,40295,fhi:git
county,Vestland,2021-02-18,1976,1976,32764,11483,5.12882325408839,1.79753013755027,3952,44247,fhi:git
county,Vestland,2021-02-19,1132,539,33896,12022,5.30602469236296,1.8819043206156298,1671,45918,fhi:git
county,Vestland,2021-02-20,1,3,33897,12025,5.306181230736,1.88237393573474,4,45922,fhi:git
county,Vestland,2021-02-21,0,1,33897,12026,5.306181230736,1.88253047410777,1,45923,fhi:git
county,Vestland,2021-02-22,48,2,33945,12028,5.3136950726416305,1.8828435508538401,50,45973,fhi:git
county,Vestland,2021-02-23,509,590,34454,12618,5.39337310451598,1.97520119094394,1099,47072,fhi:git
county,Vestland,2021-02-24,1321,2383,35775,15001,5.60016029529399,2.34823213388414,3704,50776,fhi:git
county,Vestland,2021-02-25,1234,2644,37009,17645,5.79332864761803,2.76211959218623,3878,54654,fhi:git
county,Vestland,2021-02-26,1382,873,38391,18518,6.00966467915112,2.89877759184498,2255,56909,fhi:git
county,Vestland,2021-02-27,1,0,38392,18518,6.00982121752416,2.89877759184498,1,56910,fhi:git
county,Vestland,2021-02-28,0,7,38392,18525,6.00982121752416,2.8998733604562204,7,56917,fhi:git
county,Vestland,2021-03-01,438,11,38830,18536,6.0783850249130795,2.90159528255959,449,57366,fhi:git
county,Vestland,2021-03-02,1328,753,40158,19289,6.28626798430233,3.01946867745425,2081,59447,fhi:git
county,Vestland,2021-03-03,1739,2029,41897,21318,6.55848821500859,3.3370850363403797,3768,63215,fhi:git
county,Vestland,2021-03-04,1771,2814,43668,24132,6.8357176736519305,3.77758401805827,4585,67800,fhi:git
county,Vestland,2021-03-05,1235,887,44903,25019,7.02904256434901,3.91643355493949,2122,69922,fhi:git
county,Vestland,2021-03-06,1,6,44904,25025,7.02919910272205,3.91737278517769,7,69929,fhi:git
county,Vestland,2021-03-07,2,0,44906,25025,7.02951217946812,3.91737278517769,2,69931,fhi:git
county,Vestland,2021-03-08,609,14,45515,25039,7.124844048645871,3.91956432240017,623,70554,fhi:git
county,Vestland,2021-03-09,1472,509,46987,25548,7.355268533752019,3.99924235427452,1981,72535,fhi:git
county,Vestland,2021-03-10,2163,1594,49150,27142,7.69386103462472,4.2487645208908305,3757,76292,fhi:git
county,Trøndelag,2020-12-27,0,0,0,0,0.0,0.0,0,0,fhi:git
county,Trøndelag,2020-12-28,0,0,0,0,0.0,0.0,0,0,fhi:git
county,Trøndelag,2020-12-29,0,0,0,0,0.0,0.0,0,0,fhi:git
county,Trøndelag,2020-12-30,0,0,0,0,0.0,0.0,0,0,fhi:git
county,Trøndelag,2020-12-31,0,0,0,0,0.0,0.0,0,0,fhi:git
county,Trøndelag,2021-01-01,0,0,0,0,0.0,0.0,0,0,fhi:git
county,Trøndelag,2021-01-02,0,0,0,0,0.0,0.0,0,0,fhi:git
county,Trøndelag,2021-01-03,0,0,0,0,0.0,0.0,0,0,fhi:git
county,Trøndelag,2021-01-04,3,0,3,0,0.000636775031626493,0.0,3,3,fhi:git
county,Trøndelag,2021-01-05,407,0,410,0,0.0870259209889541,0.0,407,410,fhi:git
county,Trøndelag,2021-01-06,674,0,1084,0,0.23008804476104003,0.0,674,1084,fhi:git
county,Trøndelag,2021-01-07,484,0,1568,0,0.332821083196781,0.0,484,1568,fhi:git
county,Trøndelag,2021-01-08,141,0,1709,0,0.36274950968322606,0.0,141,1709,fhi:git
county,Trøndelag,2021-01-09,0,0,1709,0,0.36274950968322606,0.0,0,1709,fhi:git
county,Trøndelag,2021-01-10,0,0,1709,0,0.36274950968322606,0.0,0,1709,fhi:git
county,Trøndelag,2021-01-11,95,0,1804,0,0.38291405235139797,0.0,95,1804,fhi:git
county,Trøndelag,2021-01-12,500,0,2304,0,0.48904322428914704,0.0,500,2304,fhi:git
county,Trøndelag,2021-01-13,859,0,3163,0,0.6713731416781991,0.0,859,3163,fhi:git
county,Trøndelag,2021-01-14,670,0,3833,0,0.813586232074783,0.0,670,3833,fhi:git
county,Trøndelag,2021-01-15,253,0,4086,0,0.867287593075284,0.0,253,4086,fhi:git
county,Trøndelag,2021-01-16,0,0,4086,0,0.867287593075284,0.0,0,4086,fhi:git
county,Trøndelag,2021-01-17,0,0,4086,0,0.867287593075284,0.0,0,4086,fhi:git
county,Trøndelag,2021-01-18,152,0,4238,0,0.899550861344359,0.0,152,4238,fhi:git
county,Trøndelag,2021-01-19,567,0,4805,0,1.01990134232177,0.0,567,4805,fhi:git
county,Trøndelag,2021-01-20,735,0,5540,0,1.17591122507026,0.0,735,5540,fhi:git
county,Trøndelag,2021-01-21,524,0,6064,0,1.28713459726102,0.0,524,6064,fhi:git
county,Trøndelag,2021-01-22,283,0,6347,0,1.3472037085777802,0.0,283,6347,fhi:git
county,Trøndelag,2021-01-23,1,0,6348,0,1.34741596692166,0.0,1,6348,fhi:git
county,Trøndelag,2021-01-24,0,0,6348,0,1.34741596692166,0.0,0,6348,fhi:git
county,Trøndelag,2021-01-25,1,0,6349,0,1.3476282252655403,0.0,1,6349,fhi:git
county,Trøndelag,2021-01-26,313,184,6662,184,1.41406508689857,0.0390555352730916,497,6846,fhi:git
county,Trøndelag,2021-01-27,992,590,7654,774,1.6246253640230601,0.164287958159635,1582,8428,fhi:git
county,Trøndelag,2021-01-28,727,481,8381,1255,1.7789371800205502,0.26638422156374997,1208,9636,fhi:git
county,Trøndelag,2021-01-29,419,229,8800,1484,1.86787342610438,0.314991382311239,648,10284,fhi:git
county,Trøndelag,2021-01-30,1,0,8801,1484,1.86808568444826,0.314991382311239,1,10285,fhi:git
county,Trøndelag,2021-01-31,1,1,8802,1485,1.8682979427921298,0.315203640655114,2,10287,fhi:git
county,Trøndelag,2021-02-01,14,86,8816,1571,1.87126955960639,0.33345785822840696,100,10387,fhi:git
county,Trøndelag,2021-02-02,833,392,9649,1963,2.0480807600546798,0.41666312902760205,1225,11612,fhi:git
county,Trøndelag,2021-02-03,2125,808,11774,2771,2.49912974079011,0.588167870879004,2933,14545,fhi:git
county,Trøndelag,2021-02-04,2128,597,13902,3368,2.95081549655717,0.7148861021726759,2725,17270,fhi:git
county,Trøndelag,2021-02-05,1293,320,15195,3688,3.2252655351881896,0.782808772212836,1613,18883,fhi:git
county,Trøndelag,2021-02-06,7,0,15202,3688,3.22675134359532,0.782808772212836,7,18890,fhi:git
county,Trøndelag,2021-02-07,1,0,15203,3688,3.22696360193919,0.782808772212836,1,18891,fhi:git
county,Trøndelag,2021-02-08,3,150,15206,3838,3.2276003769708197,0.8146475237941609,153,19044,fhi:git
county,Trøndelag,2021-02-09,836,522,16042,4360,3.4050483524507302,0.92544637929717,1358,20402,fhi:git
county,Trøndelag,2021-02-10,2225,626,18267,4986,3.8773231675737203,1.05832010256323,2851,23253,fhi:git
county,Trøndelag,2021-02-11,2342,579,20609,5565,4.37443220893013,1.1812176836671497,2921,26174,fhi:git
county,Trøndelag,2021-02-12,891,344,21500,5909,4.563554393323201,1.2542345539603201,1235,27409,fhi:git
county,Trøndelag,2021-02-13,1,0,21501,5909,4.56376665166708,1.2542345539603201,1,27410,fhi:git
county,Trøndelag,2021-02-14,0,0,21501,5909,4.56376665166708,1.2542345539603201,0,27410,fhi:git
county,Trøndelag,2021-02-15,0,2,21501,5911,4.56376665166708,1.25465907064807,2,27412,fhi:git
county,Trøndelag,2021-02-16,338,210,21839,6121,4.635509971897,1.29923332286192,548,27960,fhi:git
county,Trøndelag,2021-02-17,2227,902,24066,7023,5.1082093037077305,1.4906903490376202,3129,31089,fhi:git
county,Trøndelag,2021-02-18,2088,751,26154,7774,5.551404725719769,1.6500963652881202,2839,33928,fhi:git
county,Trøndelag,2021-02-19,1259,409,27413,8183,5.81863798065902,1.7369100279332,1668,35596,fhi:git
county,Trøndelag,2021-02-20,0,1,27413,8184,5.81863798065902,1.73712228627707,1,35597,fhi:git
county,Trøndelag,2021-02-21,0,3,27413,8187,5.81863798065902,1.7377590613087,3,35600,fhi:git
county,Trøndelag,2021-02-22,17,2,27430,8189,5.8222463725049005,1.73818357799645,19,35619,fhi:git
county,Trøndelag,2021-02-23,334,672,27764,8861,5.893140659359321,1.8808211850807899,1006,36625,fhi:git
county,Trøndelag,2021-02-24,969,2045,28733,10906,6.098818994574679,2.3148894983061803,3014,39639,fhi:git
county,Trøndelag,2021-02-25,463,1958,29196,12864,6.19709460778903,2.7304913356144,2421,42060,fhi:git
county,Trøndelag,2021-02-26,610,1145,29806,14009,6.32657219755309,2.9735271393518503,1755,43815,fhi:git
county,Trøndelag,2021-02-27,4,1,29810,14010,6.32742123092859,2.97373939769572,5,43820,fhi:git
county,Trøndelag,2021-02-28,1,0,29811,14010,6.3276334892724595,2.97373939769572,1,43821,fhi:git
county,Trøndelag,2021-03-01,510,0,30321,14010,6.435885244648969,2.97373939769572,510,44331,fhi:git
county,Trøndelag,2021-03-02,815,780,31136,14790,6.608875794907499,3.13930090591861,1595,45926,fhi:git
county,Trøndelag,2021-03-03,1979,2074,33115,16864,7.02893505743711,3.5795247111163904,4053,49979,fhi:git
county,Trøndelag,2021-03-04,1865,2263,34980,19127,7.42479686876491,4.05986534330665,4128,54107,fhi:git
county,Trøndelag,2021-03-05,1009,951,35989,20078,7.638965537735291,4.26172302833224,1960,56067,fhi:git
county,Trøndelag,2021-03-06,0,0,35989,20078,7.638965537735291,4.26172302833224,0,56067,fhi:git
county,Trøndelag,2021-03-07,1,0,35990,20078,7.63917779607916,4.26172302833224,1,56068,fhi:git
county,Trøndelag,2021-03-08,432,0,36422,20078,7.730873400633381,4.26172302833224,432,56500,fhi:git
county,Trøndelag,2021-03-09,1103,287,37525,20365,7.964994353928049,4.322641173024509,1390,57890,fhi:git
county,Trøndelag,2021-03-10,1489,1449,39014,21814,8.28104702795867,4.63020351330011,2938,60828,fhi:git
county,Troms og Finnmark,2020-12-27,0,0,0,0,0.0,0.0,0,0,fhi:git
county,Troms og Finnmark,2020-12-28,1,0,1,0,0.00041099662571770297,0.0,1,1,fhi:git
county,Troms og Finnmark,2020-12-29,0,0,1,0,0.00041099662571770297,0.0,0,1,fhi:git
county,Troms og Finnmark,2020-12-30,0,0,1,0,0.00041099662571770297,0.0,0,1,fhi:git
county,Troms og Finnmark,2020-12-31,0,0,1,0,0.00041099662571770297,0.0,0,1,fhi:git
county,Troms og Finnmark,2021-01-01,0,0,1,0,0.00041099662571770297,0.0,0,1,fhi:git
county,Troms og Finnmark,2021-01-02,0,0,1,0,0.00041099662571770297,0.0,0,1,fhi:git
county,Troms og Finnmark,2021-01-03,0,0,1,0,0.00041099662571770297,0.0,0,1,fhi:git
county,Troms og Finnmark,2021-01-04,0,0,1,0,0.00041293647385286204,0.0,0,1,fhi:git
county,Troms og Finnmark,2021-01-05,53,0,54,0,0.0222985695880546,0.0,53,54,fhi:git
county,Troms og Finnmark,2021-01-06,530,0,584,0,0.241154900730072,0.0,530,584,fhi:git
county,Troms og Finnmark,2021-01-07,188,0,772,0,0.31878695781440997,0.0,188,772,fhi:git
county,Troms og Finnmark,2021-01-08,247,0,1019,0,0.420782266856067,0.0,247,1019,fhi:git
county,Troms og Finnmark,2021-01-09,0,0,1019,0,0.420782266856067,0.0,0,1019,fhi:git
county,Troms og Finnmark,2021-01-10,0,0,1019,0,0.420782266856067,0.0,0,1019,fhi:git
county,Troms og Finnmark,2021-01-11,1,0,1020,0,0.42119520332991994,0.0,1,1020,fhi:git
county,Troms og Finnmark,2021-01-12,188,0,1208,0,0.498827260414258,0.0,188,1208,fhi:git
county,Troms og Finnmark,2021-01-13,569,0,1777,0,0.733788114036537,0.0,569,1777,fhi:git
county,Troms og Finnmark,2021-01-14,331,0,2108,0,0.8704700868818341,0.0,331,2108,fhi:git
county,Troms og Finnmark,2021-01-15,37,0,2145,0,0.88574873641439,0.0,37,2145,fhi:git
county,Troms og Finnmark,2021-01-16,2,0,2147,0,0.8865746093620959,0.0,2,2147,fhi:git
county,Troms og Finnmark,2021-01-17,1,0,2148,0,0.8869875458359491,0.0,1,2148,fhi:git
county,Troms og Finnmark,2021-01-18,0,1,2148,1,0.8869875458359491,0.00041293647385286204,1,2149,fhi:git
county,Troms og Finnmark,2021-01-19,248,0,2396,1,0.9893957913514592,0.00041293647385286204,248,2397,fhi:git
county,Troms og Finnmark,2021-01-20,913,0,3309,1,1.36640679197912,0.00041293647385286204,913,3310,fhi:git
county,Troms og Finnmark,2021-01-21,248,0,3557,1,1.4688150374946298,0.00041293647385286204,248,3558,fhi:git
county,Troms og Finnmark,2021-01-22,81,0,3638,1,1.50226289187671,0.00041293647385286204,81,3639,fhi:git
county,Troms og Finnmark,2021-01-23,12,0,3650,1,1.5072181295629499,0.00041293647385286204,12,3651,fhi:git
county,Troms og Finnmark,2021-01-24,0,0,3650,1,1.5072181295629499,0.00041293647385286204,0,3651,fhi:git
county,Troms og Finnmark,2021-01-25,6,0,3656,1,1.5096957484060702,0.00041293647385286204,6,3657,fhi:git
county,Troms og Finnmark,2021-01-26,85,0,3741,1,1.5447953486835602,0.00041293647385286204,85,3742,fhi:git
county,Troms og Finnmark,2021-01-27,667,357,4408,358,1.82022397674342,0.14783125763932503,1024,4766,fhi:git
county,Troms og Finnmark,2021-01-28,235,276,4643,634,1.91726404809884,0.261801724422715,511,5277,fhi:git
county,Troms og Finnmark,2021-01-29,103,243,4746,877,1.95979650490569,0.36214528756896003,346,5623,fhi:git
county,Troms og Finnmark,2021-01-30,0,0,4746,877,1.95979650490569,0.36214528756896003,0,5623,fhi:git
county,Troms og Finnmark,2021-01-31,0,0,4746,877,1.95979650490569,0.36214528756896003,0,5623,fhi:git
county,Troms og Finnmark,2021-02-01,0,2,4746,879,1.95979650490569,0.362971160516666,2,5625,fhi:git
county,Troms og Finnmark,2021-02-02,121,21,4867,900,2.00976181824188,0.37164282646757596,142,5767,fhi:git
county,Troms og Finnmark,2021-02-03,1159,562,6026,1462,2.4883551914373503,0.603713124772885,1721,7488,fhi:git
county,Troms og Finnmark,2021-02-04,1149,381,7175,1843,2.96281919989429,0.7610419213108259,1530,9018,fhi:git
county,Troms og Finnmark,2021-02-05,286,140,7461,1983,3.08091903141621,0.8188530276502259,426,9444,fhi:git
county,Troms og Finnmark,2021-02-06,1,1,7462,1984,3.08133196789006,0.819265964124079,2,9446,fhi:git
county,Troms og Finnmark,2021-02-07,0,1,7462,1985,3.08133196789006,0.819678900597932,1,9447,fhi:git
county,Troms og Finnmark,2021-02-08,0,0,7462,1985,3.08133196789006,0.819678900597932,0,9447,fhi:git
county,Troms og Finnmark,2021-02-09,72,26,7534,2011,3.11106339400747,0.8304152489181059,98,9545,fhi:git
county,Troms og Finnmark,2021-02-10,1407,802,8941,2813,3.6920650127184396,1.1615903009481001,2209,11754,fhi:git
county,Troms og Finnmark,2021-02-11,996,466,9937,3279,4.10334974067589,1.3540186977635402,1462,13216,fhi:git
county,Troms og Finnmark,2021-02-12,294,113,10231,3392,4.22475306398864,1.4006805193089098,407,13623,fhi:git
county,Troms og Finnmark,2021-02-13,5,2,10236,3394,4.2268177463578995,1.4015063922566202,7,13630,fhi:git
county,Troms og Finnmark,2021-02-14,0,0,10236,3394,4.2268177463578995,1.4015063922566202,0,13630,fhi:git
county,Troms og Finnmark,2021-02-15,0,6,10236,3400,4.2268177463578995,1.40398401109973,6,13636,fhi:git
county,Troms og Finnmark,2021-02-16,130,52,10366,3452,4.28049948795877,1.4254567077400802,182,13818,fhi:git
county,Troms og Finnmark,2021-02-17,960,581,11326,4033,4.67691850285752,1.66537279904859,1541,15359,fhi:git
county,Troms og Finnmark,2021-02-18,1284,263,12610,4296,5.2071289352846,1.7739750916719,1547,16906,fhi:git
county,Troms og Finnmark,2021-02-19,234,132,12844,4428,5.30375607016617,1.8284827062204798,366,17272,fhi:git
county,Troms og Finnmark,2021-02-20,0,0,12844,4428,5.30375607016617,1.8284827062204798,0,17272,fhi:git
county,Troms og Finnmark,2021-02-21,0,0,12844,4428,5.30375607016617,1.8284827062204798,0,17272,fhi:git
county,Troms og Finnmark,2021-02-22,107,0,12951,4428,5.34794027286842,1.8284827062204798,107,17379,fhi:git
county,Troms og Finnmark,2021-02-23,79,78,13030,4506,5.3805622543027996,1.860691751181,157,17536,fhi:git
county,Troms og Finnmark,2021-02-24,410,988,13440,5494,5.549866208582469,2.26867298734763,1398,18934,fhi:git
county,Troms og Finnmark,2021-02-25,567,1053,14007,6547,5.78400118925705,2.70349509431469,1620,20554,fhi:git
county,Troms og Finnmark,2021-02-26,271,403,14278,6950,5.8959069736711704,2.86990849327739,674,21228,fhi:git
county,Troms og Finnmark,2021-02-27,0,0,14278,6950,5.8959069736711704,2.86990849327739,0,21228,fhi:git
county,Troms og Finnmark,2021-02-28,3,0,14281,6950,5.89714578309273,2.86990849327739,3,21231,fhi:git
county,Troms og Finnmark,2021-03-01,325,0,14606,6950,6.03135013709491,2.86990849327739,325,21556,fhi:git
county,Troms og Finnmark,2021-03-02,543,72,15149,7022,6.25557464239701,2.8996399193948,615,22171,fhi:git
county,Troms og Finnmark,2021-03-03,590,1178,15739,8200,6.4992071619702,3.38607908559347,1768,23939,fhi:git
county,Troms og Finnmark,2021-03-04,855,889,16594,9089,6.852267847114401,3.75317961084867,1744,25683,fhi:git
county,Troms og Finnmark,2021-03-05,698,373,17292,9462,7.1404975058637,3.90720491559578,1071,26754,fhi:git
county,Troms og Finnmark,2021-03-06,0,1,17292,9463,7.1404975058637,3.9076178520696403,1,26755,fhi:git
county,Troms og Finnmark,2021-03-07,0,0,17292,9463,7.1404975058637,3.9076178520696403,0,26755,fhi:git
county,Troms og Finnmark,2021-03-08,407,0,17699,9463,7.30856265072181,3.9076178520696403,407,27162,fhi:git
county,Troms og Finnmark,2021-03-09,600,49,18299,9512,7.55632453503353,3.92785173928843,649,27811,fhi:git
county,Troms og Finnmark,2021-03-10,834,678,19133,10190,7.9007135542268205,4.20782266856067,1512,29323,fhi:git
nation,Norge,2020-12-27,5,0,5,0,9.31518486915891e-05,0.0,5,5,fhi:git
nation,Norge,2020-12-28,603,0,608,0,0.0113272648008972,0.0,603,608,fhi:git
nation,Norge,2020-12-29,1067,0,1675,0,0.0312058693116824,0.0,1067,1675,fhi:git
nation,Norge,2020-12-30,424,0,2099,0,0.0391051460807291,0.0,424,2099,fhi:git
nation,Norge,2020-12-31,72,0,2171,0,0.040446532701888,0.0,72,2171,fhi:git
nation,Norge,2021-01-01,6,0,2177,0,0.0405583149203179,0.0,6,2177,fhi:git
nation,Norge,2021-01-02,0,0,2177,0,0.0405583149203179,0.0,0,2177,fhi:git
nation,Norge,2021-01-03,3,0,2180,0,0.0406142060295329,0.0,3,2180,fhi:git
nation,Norge,2021-01-04,6,0,2186,0,0.040546287965079,0.0,6,2186,fhi:git
nation,Norge,2021-01-05,3385,0,5571,0,0.10333182536754598,0.0,3385,5571,fhi:git
nation,Norge,2021-01-06,9063,0,14634,0,0.271433841757075,0.0,9063,14634,fhi:git
nation,Norge,2021-01-07,6552,0,21186,0,0.39296141666430195,0.0,6552,21186,fhi:git
nation,Norge,2021-01-08,1615,0,22801,0,0.422916702603736,0.0,1615,22801,fhi:git
nation,Norge,2021-01-09,135,0,22936,0,0.425420704833967,0.0,135,22936,fhi:git
nation,Norge,2021-01-10,107,0,23043,0,0.42740535845348404,0.0,107,23043,fhi:git
nation,Norge,2021-01-11,351,0,23394,0,0.433915764252085,0.0,351,23394,fhi:git
nation,Norge,2021-01-12,4254,0,27648,0,0.512819656751374,0.0,4254,27648,fhi:git
nation,Norge,2021-01-13,9773,0,37421,0,0.6940908700554539,0.0,9773,37421,fhi:git
nation,Norge,2021-01-14,8472,0,45893,0,0.85123092112597,0.0,8472,45893,fhi:git
nation,Norge,2021-01-15,4471,0,50364,0,0.9341597653582979,0.0,4471,50364,fhi:git
nation,Norge,2021-01-16,745,0,51109,0,0.9479781480362409,0.0,745,51109,fhi:git
nation,Norge,2021-01-17,345,5,51454,5,0.954377264846832,9.27408233419007e-05,350,51459,fhi:git
nation,Norge,2021-01-18,1284,283,52738,288,0.978193108281032,0.00534187142449348,1567,53026,fhi:git
nation,Norge,2021-01-19,4583,772,57321,1060,1.06319934695622,0.019661054548483003,5355,58381,fhi:git
nation,Norge,2021-01-20,10045,693,67366,1753,1.2495156610501,0.0325149326636704,10738,69119,fhi:git
nation,Norge,2021-01-21,8425,168,75791,1921,1.4057839483811998,0.0356310243279583,8593,77712,fhi:git
nation,Norge,2021-01-22,3313,7,79104,1928,1.46723401792754,0.0357608614806369,3320,81032,fhi:git
nation,Norge,2021-01-23,358,0,79462,1928,1.4738742608788202,0.0357608614806369,358,81390,fhi:git
nation,Norge,2021-01-24,67,0,79529,1928,1.4751169879116002,0.0357608614806369,67,81457,fhi:git
nation,Norge,2021-01-25,578,0,80107,1928,1.48583782708993,0.0357608614806369,578,82035,fhi:git
nation,Norge,2021-01-26,2274,2141,82381,4069,1.52801635354583,0.0754724820356388,4415,86450,fhi:git
nation,Norge,2021-01-27,11387,7525,93768,11594,1.7392243046246698,0.21504742116519898,18912,105362,fhi:git
nation,Norge,2021-01-28,10879,6554,104647,18148,1.9410097880519799,0.336612092401763,17433,122795,fhi:git
nation,Norge,2021-01-29,3803,2106,108450,20254,2.01154845828583,0.3756745271933711,5909,128704,fhi:git
nation,Norge,2021-01-30,141,172,108591,20426,2.01416374950407,0.37886481151633294,313,129017,fhi:git
nation,Norge,2021-01-31,96,50,108687,20476,2.01594437331223,0.37979221974975197,146,129163,fhi:git
nation,Norge,2021-02-01,195,300,108882,20776,2.01956126542257,0.38535666915026595,495,129658,fhi:git
nation,Norge,2021-02-02,6350,3138,115232,23914,2.13734211106678,0.44356080987964297,9488,139146,fhi:git
nation,Norge,2021-02-03,25088,8308,140320,32222,2.6026784662671,0.597658961944545,33396,172542,fhi:git
nation,Norge,2021-02-04,25938,8628,166258,40850,3.0837807614355497,0.7576925267033291,34566,207108,fhi:git
nation,Norge,2021-02-05,10619,4829,176877,45679,3.2807437220490803,0.8472616138869371,15448,222556,fhi:git
nation,Norge,2021-02-06,805,735,177682,46414,3.29567499460712,0.8608945149181959,1540,224096,fhi:git
nation,Norge,2021-02-07,320,295,178002,46709,3.3016104073009997,0.866366223495368,615,224711,fhi:git
nation,Norge,2021-02-08,119,923,178121,47632,3.3038176388965397,0.883486179484283,1042,225753,fhi:git
nation,Norge,2021-02-09,5536,3234,183657,50866,3.40650027850069,0.9434709440218249,8770,234523,fhi:git
nation,Norge,2021-02-10,22941,8637,206598,59503,3.8320137241579997,1.1036714422626202,31578,266101,fhi:git
nation,Norge,2021-02-11,20907,8558,227505,68061,4.21980020287983,1.26240663549462,29465,295566,fhi:git
nation,Norge,2021-02-12,8029,3596,235534,71657,4.36872341700225,1.3291058356421201,11625,307191,fhi:git
nation,Norge,2021-02-13,890,305,236424,71962,4.3852312835571094,1.33476302586597,1195,308386,fhi:git
nation,Norge,2021-02-14,110,2,236534,71964,4.38727158167063,1.33480012219531,112,308498,fhi:git
nation,Norge,2021-02-15,802,750,237336,72714,4.40214720973467,1.34871124569659,1552,310050,fhi:git
nation,Norge,2021-02-16,5936,2172,243272,74886,4.512249115206179,1.3889978593563201,8108,318158,fhi:git
nation,Norge,2021-02-17,21702,10152,264974,85038,4.91478138483936,1.57729882706971,31854,350012,fhi:git
nation,Norge,2021-02-18,18670,10777,283644,95815,5.26107561919802,1.7771923977008401,29447,379459,fhi:git
nation,Norge,2021-02-19,10700,4789,294344,100604,5.45954098114969,1.86601955829772,15489,394948,fhi:git
nation,Norge,2021-02-20,480,166,294824,100770,5.46844410019051,1.86909855363267,646,395594,fhi:git
nation,Norge,2021-02-21,58,96,294882,100866,5.46951989374128,1.8708791774408302,154,395748,fhi:git
nation,Norge,2021-02-22,2567,140,297449,101006,5.51713303244501,1.8734759204944098,2707,398455,fhi:git
nation,Norge,2021-02-23,5706,5195,303155,106201,5.62296886004278,1.9698336359466397,10901,409356,fhi:git
nation,Norge,2021-02-24,10681,22209,313836,128410,5.821081806865751,2.3817698250667,32890,442246,fhi:git
nation,Norge,2021-02-25,10794,24975,324630,153385,6.02129069629625,2.84501023765949,35769,478015,fhi:git
nation,Norge,2021-02-26,7986,9899,332616,163284,6.169416339337929,3.02861851971178,17885,495900,fhi:git
nation,Norge,2021-02-27,440,194,333056,163478,6.17757753179202,3.03221686365745,634,496534,fhi:git
nation,Norge,2021-02-28,536,159,333592,163637,6.18751934805427,3.03516602183972,695,497229,fhi:git
nation,Norge,2021-03-01,5683,60,339275,163697,6.29292856786467,3.03627891171983,5743,502972,fhi:git
nation,Norge,2021-03-02,10163,3796,349438,167493,6.48143356538942,3.106687744801,13959,516931,fhi:git
nation,Norge,2021-03-03,17225,17719,366663,185212,6.800925701802269,3.43534267456002,34944,551875,fhi:git
nation,Norge,2021-03-04,15521,18271,382184,203483,7.088811765620201,3.7742361912159996,33792,585667,fhi:git
nation,Norge,2021-03-05,11365,6328,393549,209811,7.29961165707634,3.8916089772375093,17693,603360,fhi:git
nation,Norge,2021-03-06,288,476,393837,210287,7.30495352850083,3.90043790361966,764,604124,fhi:git
nation,Norge,2021-03-07,91,0,393928,210287,7.306641411485651,3.90043790361966,91,604215,fhi:git
nation,Norge,2021-03-08,4563,46,398491,210333,7.39127668686747,3.9012911191943997,4609,608824,fhi:git
nation,Norge,2021-03-09,11612,4021,410103,214354,7.6066579749967005,3.9758732893259596,15633,624457,fhi:git
nation,Norge,2021-03-10,18892,16371,428995,230725,7.957069901911741,4.27952529311201,35263,659720,fhi:git
