granularity_geo,location_name,date,new_dose_1,new_dose_2,total_dose_1,total_dose_2,total_pr100_dose_1,total_pr100_dose_2,new_doses,total_doses,source
county,Oslo,2020-12-27,5,0,5,0,0.00072098677133472,0.0,5,5,fhi:git
county,Oslo,2020-12-28,264,0,269,0,0.0387890882978079,0.0,264,269,fhi:git
county,Oslo,2020-12-29,118,0,387,0,0.0558043761013073,0.0,118,387,fhi:git
county,Oslo,2020-12-30,58,0,445,0,0.06416782264879001,0.0,58,445,fhi:git
county,Oslo,2020-12-31,5,0,450,0,0.0648888094201248,0.0,5,450,fhi:git
county,Oslo,2021-01-01,6,0,456,0,0.0657539935457264,0.0,6,456,fhi:git
county,Oslo,2021-01-02,0,0,456,0,0.0657539935457264,0.0,0,456,fhi:git
county,Oslo,2021-01-03,0,0,456,0,0.0657539935457264,0.0,0,456,fhi:git
county,Oslo,2021-01-04,0,0,456,0,0.0657539935457264,0.0,0,456,fhi:git
county,Oslo,2021-01-05,479,0,935,0,0.134824526239593,0.0,479,935,fhi:git
county,Oslo,2021-01-06,604,0,1539,0,0.22191972821682698,0.0,604,1539,fhi:git
county,Oslo,2021-01-07,967,0,2506,0,0.36135856979296105,0.0,967,2506,fhi:git
county,Oslo,2021-01-08,450,0,2956,0,0.426247379213086,0.0,450,2956,fhi:git
county,Oslo,2021-01-09,126,0,3082,0,0.444416245850721,0.0,126,3082,fhi:git
county,Oslo,2021-01-10,100,0,3182,0,0.45883598127741604,0.0,100,3182,fhi:git
county,Oslo,2021-01-11,76,0,3258,0,0.46979498020170296,0.0,76,3258,fhi:git
county,Oslo,2021-01-12,242,0,3500,0,0.504690739934304,0.0,242,3500,fhi:git
county,Oslo,2021-01-13,490,0,3990,0,0.5753474435251059,0.0,490,3990,fhi:git
county,Oslo,2021-01-14,1233,0,5223,0,0.7531427813362479,0.0,1233,5223,fhi:git
county,Oslo,2021-01-15,1637,0,6860,0,0.989193850271235,0.0,1637,6860,fhi:git
county,Oslo,2021-01-16,644,0,7504,0,1.08205694641915,0.0,644,7504,fhi:git
county,Oslo,2021-01-17,275,5,7779,5,1.12171121884256,0.00072098677133472,280,7784,fhi:git
county,Oslo,2021-01-18,760,231,8539,236,1.23130120808543,0.0340305756069988,991,8775,fhi:git
county,Oslo,2021-01-19,810,69,9349,305,1.3481010650416598,0.0439801930514179,879,9654,fhi:git
county,Oslo,2021-01-20,990,99,10339,404,1.49085644576593,0.0582557311238453,1089,10743,fhi:git
county,Oslo,2021-01-21,1018,21,11357,425,1.6376493524096798,0.0612838755634512,1039,11782,fhi:git
county,Oslo,2021-01-22,667,6,12024,431,1.7338289877057298,0.0621490596890528,673,12455,fhi:git
county,Oslo,2021-01-23,233,0,12257,431,1.76742697124993,0.0621490596890528,233,12688,fhi:git
county,Oslo,2021-01-24,67,0,12324,431,1.77708819398582,0.0621490596890528,67,12755,fhi:git
county,Oslo,2021-01-25,258,0,12582,431,1.8142911113866897,0.0621490596890528,258,13013,fhi:git
county,Oslo,2021-01-26,312,403,12894,834,1.85928068591798,0.12026059345863101,715,13728,fhi:git
county,Oslo,2021-01-27,1035,527,13929,1361,2.00852494758426,0.19625259915731103,1562,15290,fhi:git
county,Oslo,2021-01-28,870,842,14799,2203,2.1339766457965,0.31766677145007693,1712,17002,fhi:git
county,Oslo,2021-01-29,424,502,15223,2705,2.19511632400569,0.3900538432920829,926,17928,fhi:git
county,Oslo,2021-01-30,94,151,15317,2856,2.2086708753067796,0.4118276437863921,245,18173,fhi:git
county,Oslo,2021-01-31,61,45,15378,2901,2.21746691391706,0.41831652472840397,106,18279,fhi:git
county,Oslo,2021-02-01,52,46,15430,2947,2.22496517633894,0.424949603024684,98,18377,fhi:git
county,Oslo,2021-02-02,1524,150,16954,3097,2.44472194424177,0.44657920616472496,1674,20051,fhi:git
county,Oslo,2021-02-03,2444,458,19398,3555,2.7971402780701804,0.512621594418986,2902,22953,fhi:git
county,Oslo,2021-02-04,2050,1230,21448,4785,3.09274485431741,0.6899843401673271,3280,26233,fhi:git
county,Oslo,2021-02-05,1381,1567,22829,6352,3.2918814005600603,0.9159415943036279,2948,29181,fhi:git
county,Oslo,2021-02-06,241,632,23070,6984,3.3266329629383997,1.00707432220034,873,30054,fhi:git
county,Oslo,2021-02-07,215,269,23285,7253,3.3576353941057904,1.04586341049814,484,30538,fhi:git
county,Oslo,2021-02-08,46,443,23331,7696,3.3642684724020695,1.1097428384383998,489,31027,fhi:git
county,Oslo,2021-02-09,1165,244,24496,7940,3.53225839012306,1.14492699287953,1409,32436,fhi:git
county,Oslo,2021-02-10,1834,808,26330,8748,3.79671633784863,1.26143845512723,2642,35078,fhi:git
county,Oslo,2021-02-11,1588,743,27918,9491,4.025701736424541,1.3685770893475602,2331,37409,fhi:git
county,Oslo,2021-02-12,1354,425,29272,9916,4.22094495410198,1.42986096491102,1779,39188,fhi:git
county,Oslo,2021-02-13,272,194,29544,10110,4.26016663446259,1.4578352516388,466,39654,fhi:git
county,Oslo,2021-02-14,103,0,29647,10110,4.27501896195209,1.4578352516388,103,39757,fhi:git
county,Oslo,2021-02-15,260,442,29907,10552,4.3125102740614905,1.5215704822247902,702,40459,fhi:git
county,Oslo,2021-02-16,699,771,30606,11323,4.41330422469409,1.6327466423646102,1470,41929,fhi:git
county,Oslo,2021-02-17,1406,1082,32012,12405,4.61604570479341,1.78876817968144,2488,44417,fhi:git
county,Oslo,2021-02-18,1041,913,33053,13318,4.7661551505853,1.92042036412716,1954,46371,fhi:git
county,Oslo,2021-02-19,1495,967,34548,14285,4.98173019521438,2.0598592057032903,2462,48833,fhi:git
county,Oslo,2021-02-20,100,113,34648,14398,4.996149930641071,2.07615350673546,213,49046,fhi:git
county,Oslo,2021-02-21,4,61,34652,14459,4.99672672005814,2.08494954534574,65,49111,fhi:git
county,Oslo,2021-02-22,600,112,35252,14571,5.08324513261831,2.1010996490236398,712,49823,fhi:git
county,Oslo,2021-02-23,330,1527,35582,16098,5.130830259526401,2.3212890089892597,1857,51680,fhi:git
county,Oslo,2021-02-24,684,2333,36266,18431,5.229461249844991,2.65770143649404,3017,54697,fhi:git
county,Oslo,2021-02-25,539,1952,36805,20383,5.30718362379487,2.9391746720231198,2491,57188,fhi:git
county,Oslo,2021-02-26,709,1367,37514,21750,5.40941954797013,3.13629245530603,2076,59264,fhi:git
county,Oslo,2021-02-27,259,97,37773,21847,5.4467666627252695,3.15027959866992,356,59620,fhi:git
county,Oslo,2021-02-28,101,62,37874,21909,5.46133059550623,3.15921983463447,163,59783,fhi:git
county,Oslo,2021-03-01,993,37,38867,21946,5.604518568293309,3.16455513674235,1030,60813,fhi:git
county,Oslo,2021-03-02,727,135,39594,22081,5.70935004484538,3.1840217795683903,862,61675,fhi:git
county,Oslo,2021-03-03,1274,134,40868,22215,5.89305747418146,3.2033442250401603,1408,63083,fhi:git
county,Oslo,2021-03-04,1100,197,41968,22412,6.0516745638751,3.23175110383075,1297,64380,fhi:git
county,Rogaland,2020-12-27,0,0,0,0,0.0,0.0,0,0,fhi:git
county,Rogaland,2020-12-28,1,0,1,0,0.00020838021888258202,0.0,1,1,fhi:git
county,Rogaland,2020-12-29,0,0,1,0,0.00020838021888258202,0.0,0,1,fhi:git
county,Rogaland,2020-12-30,0,0,1,0,0.00020838021888258202,0.0,0,1,fhi:git
county,Rogaland,2020-12-31,0,0,1,0,0.00020838021888258202,0.0,0,1,fhi:git
county,Rogaland,2021-01-01,0,0,1,0,0.00020838021888258202,0.0,0,1,fhi:git
county,Rogaland,2021-01-02,0,0,1,0,0.00020838021888258202,0.0,0,1,fhi:git
county,Rogaland,2021-01-03,0,0,1,0,0.00020838021888258202,0.0,0,1,fhi:git
county,Rogaland,2021-01-04,0,0,1,0,0.00020838021888258202,0.0,0,1,fhi:git
county,Rogaland,2021-01-05,548,0,549,0,0.11440074016653698,0.0,548,549,fhi:git
county,Rogaland,2021-01-06,641,0,1190,0,0.24797246047027302,0.0,641,1190,fhi:git
county,Rogaland,2021-01-07,212,0,1402,0,0.29214906687338005,0.0,212,1402,fhi:git
county,Rogaland,2021-01-08,20,0,1422,0,0.296316671251032,0.0,20,1422,fhi:git
county,Rogaland,2021-01-09,1,0,1423,0,0.29652505146991404,0.0,1,1423,fhi:git
county,Rogaland,2021-01-10,0,0,1423,0,0.29652505146991404,0.0,0,1423,fhi:git
county,Rogaland,2021-01-11,1,0,1424,0,0.296733431688797,0.0,1,1424,fhi:git
county,Rogaland,2021-01-12,117,0,1541,0,0.32111391729805894,0.0,117,1541,fhi:git
county,Rogaland,2021-01-13,761,0,2302,0,0.479691263867704,0.0,761,2302,fhi:git
county,Rogaland,2021-01-14,535,0,2837,0,0.591174680969885,0.0,535,2837,fhi:git
county,Rogaland,2021-01-15,291,0,3128,0,0.6518133246647161,0.0,291,3128,fhi:git
county,Rogaland,2021-01-16,0,0,3128,0,0.6518133246647161,0.0,0,3128,fhi:git
county,Rogaland,2021-01-17,1,0,3129,0,0.652021704883599,0.0,1,3129,fhi:git
county,Rogaland,2021-01-18,71,0,3200,0,0.6668167004242621,0.0,71,3200,fhi:git
county,Rogaland,2021-01-19,512,0,3712,0,0.7735073724921441,0.0,512,3712,fhi:git
county,Rogaland,2021-01-20,655,0,4367,0,0.9099964158602349,0.0,655,4367,fhi:git
county,Rogaland,2021-01-21,427,0,4794,0,0.998974769323098,0.0,427,4794,fhi:git
county,Rogaland,2021-01-22,272,0,5066,0,1.0556541888591602,0.0,272,5066,fhi:git
county,Rogaland,2021-01-23,0,0,5066,0,1.0556541888591602,0.0,0,5066,fhi:git
county,Rogaland,2021-01-24,0,0,5066,0,1.0556541888591602,0.0,0,5066,fhi:git
county,Rogaland,2021-01-25,150,0,5216,0,1.08691122169155,0.0,150,5216,fhi:git
county,Rogaland,2021-01-26,338,381,5554,381,1.15734373567386,0.0793928633942637,719,5935,fhi:git
county,Rogaland,2021-01-27,862,603,6416,984,1.3369674843506498,0.20504613538046104,1465,7400,fhi:git
county,Rogaland,2021-01-28,523,283,6939,1267,1.44595033882624,0.264017737324231,806,8206,fhi:git
county,Rogaland,2021-01-29,410,22,7349,1289,1.5313862285680901,0.268602102139648,432,8638,fhi:git
county,Rogaland,2021-01-30,3,1,7352,1290,1.53201136922474,0.268810482358531,4,8642,fhi:git
county,Rogaland,2021-01-31,0,0,7352,1290,1.53201136922474,0.268810482358531,0,8642,fhi:git
county,Rogaland,2021-02-01,12,5,7364,1295,1.53451193185133,0.269852383452944,17,8659,fhi:git
county,Rogaland,2021-02-02,449,76,7813,1371,1.62807465012961,0.28568928008802,525,9184,fhi:git
county,Rogaland,2021-02-03,2429,635,10242,2006,2.1342302017953996,0.418010719078459,3064,12248,fhi:git
county,Rogaland,2021-02-04,1885,549,12127,2555,2.5270269143890696,0.532411459244997,2434,14682,fhi:git
county,Rogaland,2021-02-05,657,281,12784,2836,2.66393271819493,0.5909663007510021,938,15620,fhi:git
county,Rogaland,2021-02-06,0,0,12784,2836,2.66393271819493,0.5909663007510021,0,15620,fhi:git
county,Rogaland,2021-02-07,0,0,12784,2836,2.66393271819493,0.5909663007510021,0,15620,fhi:git
county,Rogaland,2021-02-08,7,71,12791,2907,2.66539137972711,0.6057612962916661,78,15698,fhi:git
county,Rogaland,2021-02-09,586,394,13377,3301,2.7875021879923,0.687863102531403,980,16678,fhi:git
county,Rogaland,2021-02-10,1916,682,15293,3983,3.1867586873713303,0.8299784118093241,2598,19276,fhi:git
county,Rogaland,2021-02-11,1180,491,16473,4474,3.4326473456527697,0.9322930992806708,1671,20947,fhi:git
county,Rogaland,2021-02-12,482,264,16955,4738,3.53308661115418,0.9873054770656731,746,21693,fhi:git
county,Rogaland,2021-02-13,0,0,16955,4738,3.53308661115418,0.9873054770656731,0,21693,fhi:git
county,Rogaland,2021-02-14,0,0,16955,4738,3.53308661115418,0.9873054770656731,0,21693,fhi:git
county,Rogaland,2021-02-15,0,147,16955,4885,3.53308661115418,1.01793736924141,147,21840,fhi:git
county,Rogaland,2021-02-16,475,314,17430,5199,3.6320672151234,1.08336875797054,789,22629,fhi:git
county,Rogaland,2021-02-17,1474,781,18904,5980,3.9392196577563303,1.24611370891784,2255,24884,fhi:git
county,Rogaland,2021-02-18,1091,471,19995,6451,4.16656247655723,1.34426079201154,1562,26446,fhi:git
county,Rogaland,2021-02-19,438,411,20433,6862,4.2578330124278,1.4299050619722802,849,27295,fhi:git
county,Rogaland,2021-02-20,1,1,20434,6863,4.25804139264668,1.43011344219116,2,27297,fhi:git
county,Rogaland,2021-02-21,0,0,20434,6863,4.25804139264668,1.43011344219116,0,27297,fhi:git
county,Rogaland,2021-02-22,251,12,20685,6875,4.31034482758621,1.4326140048177498,263,27560,fhi:git
county,Rogaland,2021-02-23,379,405,21064,7280,4.38932093054271,1.5170079934652,784,28344,fhi:git
county,Rogaland,2021-02-24,655,2162,21719,9442,4.5258099739108,1.9675260266893402,2817,31161,fhi:git
county,Rogaland,2021-02-25,1099,1799,22818,11241,4.75481983446275,2.3424020404591,2898,34059,fhi:git
county,Rogaland,2021-02-26,962,673,23780,11914,4.9552816050278,2.48264192776708,1635,35694,fhi:git
county,Rogaland,2021-02-27,1,0,23781,11914,4.95548998524668,2.48264192776708,1,35695,fhi:git
county,Rogaland,2021-02-28,4,0,23785,11914,4.95632350612221,2.48264192776708,4,35699,fhi:git
county,Rogaland,2021-03-01,597,2,24382,11916,5.08072649679511,2.4830586882048498,599,36298,fhi:git
county,Rogaland,2021-03-02,622,536,25004,12452,5.2103389929400805,2.5947504855259105,1158,37456,fhi:git
county,Rogaland,2021-03-03,1046,1424,26050,13876,5.4283047018912605,2.89148391721471,2470,39926,fhi:git
county,Rogaland,2021-03-04,972,1416,27022,15292,5.630850274645129,3.18655030715244,2388,42314,fhi:git
county,Møre og Romsdal,2020-12-27,0,0,0,0,0.0,0.0,0,0,fhi:git
county,Møre og Romsdal,2020-12-28,0,0,0,0,0.0,0.0,0,0,fhi:git
county,Møre og Romsdal,2020-12-29,0,0,0,0,0.0,0.0,0,0,fhi:git
county,Møre og Romsdal,2020-12-30,0,0,0,0,0.0,0.0,0,0,fhi:git
county,Møre og Romsdal,2020-12-31,0,0,0,0,0.0,0.0,0,0,fhi:git
county,Møre og Romsdal,2021-01-01,0,0,0,0,0.0,0.0,0,0,fhi:git
county,Møre og Romsdal,2021-01-02,0,0,0,0,0.0,0.0,0,0,fhi:git
county,Møre og Romsdal,2021-01-03,0,0,0,0,0.0,0.0,0,0,fhi:git
county,Møre og Romsdal,2021-01-04,0,0,0,0,0.0,0.0,0,0,fhi:git
county,Møre og Romsdal,2021-01-05,186,0,186,0,0.0701256984293352,0.0,186,186,fhi:git
county,Møre og Romsdal,2021-01-06,497,0,683,0,0.257504580791591,0.0,497,683,fhi:git
county,Møre og Romsdal,2021-01-07,457,0,1140,0,0.429802667792699,0.0,457,1140,fhi:git
county,Møre og Romsdal,2021-01-08,36,0,1176,0,0.4433753836177321,0.0,36,1176,fhi:git
county,Møre og Romsdal,2021-01-09,1,0,1177,0,0.443752403501761,0.0,1,1177,fhi:git
county,Møre og Romsdal,2021-01-10,0,0,1177,0,0.443752403501761,0.0,0,1177,fhi:git
county,Møre og Romsdal,2021-01-11,1,0,1178,0,0.44412942338578904,0.0,1,1178,fhi:git
county,Møre og Romsdal,2021-01-12,225,0,1403,0,0.528958897292243,0.0,225,1403,fhi:git
county,Møre og Romsdal,2021-01-13,387,0,1790,0,0.674865592411344,0.0,387,1790,fhi:git
county,Møre og Romsdal,2021-01-14,409,0,2199,0,0.8290667249790749,0.0,409,2199,fhi:git
county,Møre og Romsdal,2021-01-15,152,0,2351,0,0.8863737473514351,0.0,152,2351,fhi:git
county,Møre og Romsdal,2021-01-16,1,0,2352,0,0.8867507672354642,0.0,1,2352,fhi:git
county,Møre og Romsdal,2021-01-17,1,0,2353,0,0.8871277871194929,0.0,1,2353,fhi:git
county,Møre og Romsdal,2021-01-18,11,0,2364,0,0.891275005843808,0.0,11,2364,fhi:git
county,Møre og Romsdal,2021-01-19,203,0,2567,0,0.9678100423016309,0.0,203,2567,fhi:git
county,Møre og Romsdal,2021-01-20,501,0,3068,0,1.1566970042,0.0,501,3068,fhi:git
county,Møre og Romsdal,2021-01-21,801,0,3869,0,1.4586899313069799,0.0,801,3869,fhi:git
county,Møre og Romsdal,2021-01-22,212,0,4081,0,1.53861814672106,0.0,212,4081,fhi:git
county,Møre og Romsdal,2021-01-23,0,0,4081,0,1.53861814672106,0.0,0,4081,fhi:git
county,Møre og Romsdal,2021-01-24,0,0,4081,0,1.53861814672106,0.0,0,4081,fhi:git
county,Møre og Romsdal,2021-01-25,3,0,4084,0,1.53974920637314,0.0,3,4084,fhi:git
county,Møre og Romsdal,2021-01-26,78,129,4162,129,1.56915675732738,0.0486355650397002,207,4291,fhi:git
county,Møre og Romsdal,2021-01-27,537,359,4699,488,1.7716164350507801,0.183985703405998,896,5187,fhi:git
county,Møre og Romsdal,2021-01-28,486,509,5185,997,1.95484809868873,0.37588882437659793,995,6182,fhi:git
county,Møre og Romsdal,2021-01-29,93,78,5278,1075,1.9899109479033898,0.40529637533083496,171,6353,fhi:git
county,Møre og Romsdal,2021-01-30,0,1,5278,1076,1.9899109479033898,0.405673395214864,1,6354,fhi:git
county,Møre og Romsdal,2021-01-31,0,0,5278,1076,1.9899109479033898,0.405673395214864,0,6354,fhi:git
county,Møre og Romsdal,2021-02-01,0,0,5278,1076,1.9899109479033898,0.405673395214864,0,6354,fhi:git
county,Møre og Romsdal,2021-02-02,279,193,5557,1269,2.0950994955474,0.47843823283240006,472,6826,fhi:git
county,Møre og Romsdal,2021-02-03,1052,312,6609,1581,2.49172441354557,0.596068436649349,1364,8190,fhi:git
county,Møre og Romsdal,2021-02-04,1532,462,8141,2043,3.0693188758775096,0.7702516230706009,1994,10184,fhi:git
county,Møre og Romsdal,2021-02-05,208,156,8349,2199,3.14773901175548,0.8290667249790749,364,10548,fhi:git
county,Møre og Romsdal,2021-02-06,1,2,8350,2201,3.1481160316395096,0.829820764747133,3,10551,fhi:git
county,Møre og Romsdal,2021-02-07,0,1,8350,2202,3.1481160316395096,0.830197784631162,1,10552,fhi:git
county,Møre og Romsdal,2021-02-08,0,2,8350,2204,3.1481160316395096,0.8309518243992191,2,10554,fhi:git
county,Møre og Romsdal,2021-02-09,317,183,8667,2387,3.2676313348766,0.899946463176468,500,11054,fhi:git
county,Møre og Romsdal,2021-02-10,1227,436,9894,2823,3.7302347325797998,1.06432713261297,1663,12717,fhi:git
county,Møre og Romsdal,2021-02-11,1234,805,11128,3628,4.19547726947119,1.36782813925606,2039,14756,fhi:git
county,Møre og Romsdal,2021-02-12,298,207,11426,3835,4.30782919491174,1.4458712552500002,505,15261,fhi:git
county,Møre og Romsdal,2021-02-13,24,0,11450,3835,4.31687767212843,1.4458712552500002,24,15285,fhi:git
county,Møre og Romsdal,2021-02-14,0,0,11450,3835,4.31687767212843,1.4458712552500002,0,15285,fhi:git
county,Møre og Romsdal,2021-02-15,1,8,11451,3843,4.31725469201246,1.44888741432223,9,15294,fhi:git
county,Møre og Romsdal,2021-02-16,342,58,11793,3901,4.446195492350269,1.47075456759589,400,15694,fhi:git
county,Møre og Romsdal,2021-02-17,1185,414,12978,4315,4.89296405492426,1.6268407995837701,1599,17293,fhi:git
county,Møre og Romsdal,2021-02-18,1152,512,14130,4827,5.3272909613253,1.81987498020646,1664,18957,fhi:git
county,Møre og Romsdal,2021-02-19,495,85,14625,4912,5.5139158039195,1.8519216703488899,580,19537,fhi:git
county,Møre og Romsdal,2021-02-20,9,0,14634,4912,5.517308982875759,1.8519216703488899,9,19546,fhi:git
county,Møre og Romsdal,2021-02-21,0,0,14634,4912,5.517308982875759,1.8519216703488899,0,19546,fhi:git
county,Møre og Romsdal,2021-02-22,15,0,14649,4912,5.522964281136191,1.8519216703488899,15,19561,fhi:git
county,Møre og Romsdal,2021-02-23,390,211,15039,5123,5.67000203590737,1.93147286587895,601,20162,fhi:git
county,Møre og Romsdal,2021-02-24,718,839,15757,5962,5.94070231263997,2.24779254857901,1557,21719,fhi:git
county,Møre og Romsdal,2021-02-25,696,1448,16453,7410,6.20310815192393,2.7937173406525497,2144,23863,fhi:git
county,Møre og Romsdal,2021-02-26,259,191,16712,7601,6.300756301887361,2.8657281385020204,450,24313,fhi:git
county,Møre og Romsdal,2021-02-27,2,0,16714,7601,6.30151034165542,2.8657281385020204,2,24315,fhi:git
county,Møre og Romsdal,2021-02-28,0,0,16714,7601,6.30151034165542,2.8657281385020204,0,24315,fhi:git
county,Møre og Romsdal,2021-03-01,94,1,16808,7602,6.336950210754121,2.8661051583860497,95,24410,fhi:git
county,Møre og Romsdal,2021-03-02,725,219,17533,7821,6.610289626674909,2.9486725129883395,944,25354,fhi:git
county,Møre og Romsdal,2021-03-03,862,1031,18395,8852,6.935280766707639,3.3373800134219103,1893,27247,fhi:git
county,Møre og Romsdal,2021-03-04,921,1176,19316,10028,7.28251607989805,3.78075539703964,2097,29344,fhi:git
county,Nordland,2020-12-27,0,0,0,0,0.0,0.0,0,0,fhi:git
county,Nordland,2020-12-28,0,0,0,0,0.0,0.0,0,0,fhi:git
county,Nordland,2020-12-29,0,0,0,0,0.0,0.0,0,0,fhi:git
county,Nordland,2020-12-30,1,0,1,0,0.00041453354612722,0.0,1,1,fhi:git
county,Nordland,2020-12-31,0,0,1,0,0.00041453354612722,0.0,0,1,fhi:git
county,Nordland,2021-01-01,0,0,1,0,0.00041453354612722,0.0,0,1,fhi:git
county,Nordland,2021-01-02,0,0,1,0,0.00041453354612722,0.0,0,1,fhi:git
county,Nordland,2021-01-03,0,0,1,0,0.00041453354612722,0.0,0,1,fhi:git
county,Nordland,2021-01-04,0,0,1,0,0.00041453354612722,0.0,0,1,fhi:git
county,Nordland,2021-01-05,200,0,201,0,0.0833212427715713,0.0,200,201,fhi:git
county,Nordland,2021-01-06,686,0,887,0,0.367691255414845,0.0,686,887,fhi:git
county,Nordland,2021-01-07,238,0,1125,0,0.46635023939312303,0.0,238,1125,fhi:git
county,Nordland,2021-01-08,114,0,1239,0,0.513607063651626,0.0,114,1239,fhi:git
county,Nordland,2021-01-09,0,0,1239,0,0.513607063651626,0.0,0,1239,fhi:git
county,Nordland,2021-01-10,0,0,1239,0,0.513607063651626,0.0,0,1239,fhi:git
county,Nordland,2021-01-11,0,0,1239,0,0.513607063651626,0.0,0,1239,fhi:git
county,Nordland,2021-01-12,292,0,1531,0,0.6346508591207739,0.0,292,1531,fhi:git
county,Nordland,2021-01-13,627,0,2158,0,0.8945633925425419,0.0,627,2158,fhi:git
county,Nordland,2021-01-14,272,0,2430,0,1.00731651708915,0.0,272,2430,fhi:git
county,Nordland,2021-01-15,69,0,2499,0,1.03591933177192,0.0,69,2499,fhi:git
county,Nordland,2021-01-16,0,0,2499,0,1.03591933177192,0.0,0,2499,fhi:git
county,Nordland,2021-01-17,1,0,2500,0,1.03633386531805,0.0,1,2500,fhi:git
county,Nordland,2021-01-18,0,0,2500,0,1.03633386531805,0.0,0,2500,fhi:git
county,Nordland,2021-01-19,313,0,2813,0,1.1660828652558701,0.0,313,2813,fhi:git
county,Nordland,2021-01-20,786,0,3599,0,1.4919062325118702,0.0,786,3599,fhi:git
county,Nordland,2021-01-21,616,0,4215,0,1.74725889692623,0.0,616,4215,fhi:git
county,Nordland,2021-01-22,173,0,4388,0,1.81897320040624,0.0,173,4388,fhi:git
county,Nordland,2021-01-23,4,0,4392,0,1.82063133459075,0.0,4,4392,fhi:git
county,Nordland,2021-01-24,0,0,4392,0,1.82063133459075,0.0,0,4392,fhi:git
county,Nordland,2021-01-25,51,0,4443,0,1.84177254544324,0.0,51,4443,fhi:git
county,Nordland,2021-01-26,120,90,4563,90,1.89151657097851,0.0373080191514498,210,4653,fhi:git
county,Nordland,2021-01-27,626,528,5189,618,2.1510145708541497,0.256181731506622,1154,5807,fhi:git
county,Nordland,2021-01-28,471,365,5660,983,2.3462598710800697,0.407486475843058,836,6643,fhi:git
county,Nordland,2021-01-29,211,144,5871,1127,2.43372644931291,0.46717930648537703,355,6998,fhi:git
county,Nordland,2021-01-30,1,0,5872,1127,2.4341409828590397,0.46717930648537703,1,6999,fhi:git
county,Nordland,2021-01-31,0,0,5872,1127,2.4341409828590397,0.46717930648537703,0,6999,fhi:git
county,Nordland,2021-02-01,9,4,5881,1131,2.43787178477418,0.46883744066988603,13,7012,fhi:git
county,Nordland,2021-02-02,110,200,5991,1331,2.48347047484818,0.5517441498953299,310,7322,fhi:git
county,Nordland,2021-02-03,1417,457,7408,1788,3.07086450971045,0.74118598047547,1874,9196,fhi:git
county,Nordland,2021-02-04,1670,346,9078,2134,3.7631355317429103,0.8846145874354879,2016,11212,fhi:git
county,Nordland,2021-02-05,327,125,9405,2259,3.8986880013265095,0.9364312807013909,452,11664,fhi:git
county,Nordland,2021-02-06,0,0,9405,2259,3.8986880013265095,0.9364312807013909,0,11664,fhi:git
county,Nordland,2021-02-07,1,0,9406,2259,3.89910253487263,0.9364312807013909,1,11665,fhi:git
county,Nordland,2021-02-08,6,1,9412,2260,3.9015897361494,0.9368458142475179,7,11672,fhi:git
county,Nordland,2021-02-09,70,262,9482,2522,3.9306070843782996,1.04545360333285,332,12004,fhi:git
county,Nordland,2021-02-10,2010,588,11492,3110,4.763819512094019,1.28919932845566,2598,14602,fhi:git
county,Nordland,2021-02-11,1220,560,12712,3670,5.26955043836923,1.5213381142868998,1780,16382,fhi:git
county,Nordland,2021-02-12,284,238,12996,3908,5.3872779654693606,1.61999709826518,522,16904,fhi:git
county,Nordland,2021-02-13,53,3,13049,3911,5.409248243414099,1.6212406989035602,56,16960,fhi:git
county,Nordland,2021-02-14,0,0,13049,3911,5.409248243414099,1.6212406989035602,0,16960,fhi:git
county,Nordland,2021-02-15,0,1,13049,3912,5.409248243414099,1.6216552324496898,1,16961,fhi:git
county,Nordland,2021-02-16,219,71,13268,3983,5.50003109001596,1.65108711422472,290,17251,fhi:git
county,Nordland,2021-02-17,1480,515,14748,4498,6.11354073828425,1.86457189048024,1995,19246,fhi:git
county,Nordland,2021-02-18,844,608,15592,5106,6.46340705121562,2.11660828652559,1452,20698,fhi:git
county,Nordland,2021-02-19,306,230,15898,5336,6.59025431633055,2.21195100213485,536,21234,fhi:git
county,Nordland,2021-02-20,1,1,15899,5337,6.590668849876679,2.21236553568098,2,21236,fhi:git
county,Nordland,2021-02-21,0,0,15899,5337,6.590668849876679,2.21236553568098,0,21236,fhi:git
county,Nordland,2021-02-22,268,0,16167,5337,6.701763840238769,2.21236553568098,268,21504,fhi:git
county,Nordland,2021-02-23,306,56,16473,5393,6.8286111053536995,2.2355794142641003,362,21866,fhi:git
county,Nordland,2021-02-24,963,976,17436,6369,7.22780691027421,2.64016415528427,1939,23805,fhi:git
county,Nordland,2021-02-25,580,1842,18016,8211,7.468236367028,3.40373494725061,2422,26227,fhi:git
county,Nordland,2021-02-26,400,394,18416,8605,7.63404978547889,3.56706116442473,794,27021,fhi:git
county,Nordland,2021-02-27,0,4,18416,8609,7.63404978547889,3.56871929860924,4,27025,fhi:git
county,Nordland,2021-02-28,0,1,18416,8610,7.63404978547889,3.5691338321553703,1,27026,fhi:git
county,Nordland,2021-03-01,228,0,18644,8610,7.7285634339959,3.5691338321553703,228,27254,fhi:git
county,Nordland,2021-03-02,482,50,19126,8660,7.92836860322922,3.58986050946173,532,27786,fhi:git
county,Nordland,2021-03-03,602,1508,19728,10168,8.1779177979978,4.21497709702158,2110,29896,fhi:git
county,Nordland,2021-03-04,597,1324,20325,11492,8.42539432503575,4.763819512094019,1921,31817,fhi:git
county,Viken,2020-12-27,0,0,0,0,0.0,0.0,0,0,fhi:git
county,Viken,2020-12-28,65,0,65,0,0.00523701522360041,0.0,65,65,fhi:git
county,Viken,2020-12-29,689,0,754,0,0.0607493765937647,0.0,689,754,fhi:git
county,Viken,2020-12-30,216,0,970,0,0.0781523810291138,0.0,216,970,fhi:git
county,Viken,2020-12-31,67,0,1037,0,0.0835505351826711,0.0,67,1037,fhi:git
county,Viken,2021-01-01,0,0,1037,0,0.0835505351826711,0.0,0,1037,fhi:git
county,Viken,2021-01-02,0,0,1037,0,0.0835505351826711,0.0,0,1037,fhi:git
county,Viken,2021-01-03,0,0,1037,0,0.0835505351826711,0.0,0,1037,fhi:git
county,Viken,2021-01-04,0,0,1037,0,0.0835505351826711,0.0,0,1037,fhi:git
county,Viken,2021-01-05,525,0,1562,0,0.125849504296367,0.0,525,1562,fhi:git
county,Viken,2021-01-06,1647,0,3209,0,0.258547413115903,0.0,1647,3209,fhi:git
county,Viken,2021-01-07,1919,0,5128,0,0.41316021640958295,0.0,1919,5128,fhi:git
county,Viken,2021-01-08,281,0,5409,0,0.435800236068532,0.0,281,5409,fhi:git
county,Viken,2021-01-09,6,0,5415,0,0.4362836528584029,0.0,6,5415,fhi:git
county,Viken,2021-01-10,5,0,5420,0,0.4366865001832961,0.0,5,5420,fhi:git
county,Viken,2021-01-11,56,0,5476,0,0.44119839022209,0.0,56,5476,fhi:git
county,Viken,2021-01-12,788,0,6264,0,0.504687128625122,0.0,788,6264,fhi:git
county,Viken,2021-01-13,1944,0,8208,0,0.6613141685432641,0.0,1944,8208,fhi:git
county,Viken,2021-01-14,1952,0,10160,0,0.8185857641812329,0.0,1952,10160,fhi:git
county,Viken,2021-01-15,1043,0,11203,0,0.902619716153775,0.0,1043,11203,fhi:git
county,Viken,2021-01-16,87,0,11290,0,0.909629259606902,0.0,87,11290,fhi:git
county,Viken,2021-01-17,22,0,11312,0,0.911401787836428,0.0,22,11312,fhi:git
county,Viken,2021-01-18,141,51,11453,51,0.9227620823983921,0.00410904271390186,192,11504,fhi:git
county,Viken,2021-01-19,645,384,12098,435,0.974729387309504,0.0350477172656335,1029,12533,fhi:git
county,Viken,2021-01-20,1489,342,13587,777,1.09469732066244,0.0626024742882695,1831,14364,fhi:git
county,Viken,2021-01-21,1998,99,15585,876,1.2556751116894198,0.0705788513211378,2097,16461,fhi:git
county,Viken,2021-01-22,819,1,16404,877,1.32166150350679,0.0706594207861163,820,17281,fhi:git
county,Viken,2021-01-23,96,0,16500,877,1.32939617214472,0.0706594207861163,96,17377,fhi:git
county,Viken,2021-01-24,0,0,16500,877,1.32939617214472,0.0706594207861163,0,17377,fhi:git
county,Viken,2021-01-25,60,0,16560,877,1.3342303400434299,0.0706594207861163,60,17437,fhi:git
county,Viken,2021-01-26,561,401,17121,1278,1.3794298098963502,0.10296777624248199,962,18399,fhi:git
county,Viken,2021-01-27,1936,1165,19057,2443,1.53541229409466,0.196831202942397,3101,21500,fhi:git
county,Viken,2021-01-28,3106,1707,22163,4150,1.78566105231778,0.334363279660641,4813,26313,fhi:git
county,Viken,2021-01-29,1040,421,23203,4571,1.86945329589539,0.36828302441657595,1461,27774,fhi:git
county,Viken,2021-01-30,6,18,23209,4589,1.86993671268526,0.36973327478618895,24,27798,fhi:git
county,Viken,2021-01-31,6,3,23215,4592,1.87042012947513,0.369974983181124,9,27807,fhi:git
county,Viken,2021-02-01,35,45,23250,4637,1.87324006074938,0.373600609105155,80,27887,fhi:git
county,Viken,2021-02-02,1019,686,24269,5323,1.9553403455624399,0.42887126208038395,1705,29592,fhi:git
county,Viken,2021-02-03,4741,1718,29010,7041,2.33732017902535,0.5672896029133921,6459,36051,fhi:git
county,Viken,2021-02-04,6626,1750,35636,8791,2.87117345397268,0.7082861666257109,8376,44427,fhi:git
county,Viken,2021-02-05,3141,1093,38777,9884,3.1242421434700502,0.796348591847176,4234,48661,fhi:git
county,Viken,2021-02-06,37,87,38814,9971,3.12722321367425,0.803358135300303,124,48785,fhi:git
county,Viken,2021-02-07,15,19,38829,9990,3.12843175564893,0.8048889551348929,34,48819,fhi:git
county,Viken,2021-02-08,15,96,38844,10086,3.1296402976236,0.8126236237728259,111,48930,fhi:git
county,Viken,2021-02-09,790,565,39634,10651,3.19329017495659,0.8581453714856608,1355,50285,fhi:git
county,Viken,2021-02-10,3432,1326,43066,11977,3.4698045787626897,0.964980482047109,4758,55043,fhi:git
county,Viken,2021-02-11,4837,1913,47903,13890,3.85951908086354,1.11910986855092,6750,61793,fhi:git
county,Viken,2021-02-12,2415,973,50318,14863,4.05409433878654,1.19750395797497,3388,65181,fhi:git
county,Viken,2021-02-13,23,95,50341,14958,4.055947436481049,1.20515805714792,118,65299,fhi:git
county,Viken,2021-02-14,6,0,50347,14958,4.05643085327092,1.20515805714792,6,65305,fhi:git
county,Viken,2021-02-15,352,123,50699,15081,4.08479130494334,1.21506810134027,475,65780,fhi:git
county,Viken,2021-02-16,1410,353,52109,15434,4.1983942505629805,1.2435091224776698,1763,67543,fhi:git
county,Viken,2021-02-17,4384,1795,56493,17229,4.55161078502858,1.38813131211402,6179,73722,fhi:git
county,Viken,2021-02-18,4838,2917,61331,20146,4.94140585659441,1.62315244145621,7755,81477,fhi:git
county,Viken,2021-02-19,3787,1278,65118,21424,5.24652242046787,1.72612021769869,5065,86542,fhi:git
county,Viken,2021-02-20,28,5,65146,21429,5.24877836548726,1.72652306502359,33,86575,fhi:git
county,Viken,2021-02-21,0,5,65146,21434,5.24877836548726,1.72692591234848,5,86580,fhi:git
county,Viken,2021-02-22,691,7,65837,21441,5.30445186578739,1.72748989860333,698,87278,fhi:git
county,Viken,2021-02-23,2079,753,67916,22194,5.47195578347762,1.7881587057321102,2832,90110,fhi:git
county,Viken,2021-02-24,2438,4158,70354,26352,5.668384139095121,2.12316654111258,6596,96706,fhi:git
county,Viken,2021-02-25,2343,6235,72697,32587,5.8571583955396695,2.62551715525333,8578,105284,fhi:git
county,Viken,2021-02-26,1708,2697,74405,35284,5.994771041722901,2.8428130023002596,4405,109689,fhi:git
county,Viken,2021-02-27,166,85,74571,35369,6.008145572909321,2.8496614068234303,251,109940,fhi:git
county,Viken,2021-02-28,416,0,74987,35369,6.04166247034037,2.8496614068234303,416,110356,fhi:git
county,Viken,2021-03-01,1365,1,76352,35370,6.151639790035981,2.8497419762884104,1366,111722,fhi:git
county,Viken,2021-03-02,2845,516,79197,35886,6.38085991789972,2.8913158202173,3361,115083,fhi:git
county,Viken,2021-03-03,4699,2543,83896,38429,6.759455833833539,3.0962039696575405,7242,122325,fhi:git
county,Viken,2021-03-04,3834,3192,87730,41621,7.068359162560981,3.35338170186881,7026,129351,fhi:git
county,Innlandet,2020-12-27,0,0,0,0,0.0,0.0,0,0,fhi:git
county,Innlandet,2020-12-28,272,0,272,0,0.0732393607711674,0.0,272,272,fhi:git
county,Innlandet,2020-12-29,260,0,532,0,0.143247573273019,0.0,260,532,fhi:git
county,Innlandet,2020-12-30,149,0,681,0,0.183367664283695,0.0,149,681,fhi:git
county,Innlandet,2020-12-31,0,0,681,0,0.183367664283695,0.0,0,681,fhi:git
county,Innlandet,2021-01-01,0,0,681,0,0.183367664283695,0.0,0,681,fhi:git
county,Innlandet,2021-01-02,0,0,681,0,0.183367664283695,0.0,0,681,fhi:git
county,Innlandet,2021-01-03,0,0,681,0,0.183367664283695,0.0,0,681,fhi:git
county,Innlandet,2021-01-04,0,0,681,0,0.183367664283695,0.0,0,681,fhi:git
county,Innlandet,2021-01-05,271,0,952,0,0.25633776269908604,0.0,271,952,fhi:git
county,Innlandet,2021-01-06,703,0,1655,0,0.44562919880985996,0.0,703,1655,fhi:git
county,Innlandet,2021-01-07,717,0,2372,0,0.638690307901504,0.0,717,2372,fhi:git
county,Innlandet,2021-01-08,76,0,2448,0,0.6591542469405071,0.0,76,2448,fhi:git
county,Innlandet,2021-01-09,0,0,2448,0,0.6591542469405071,0.0,0,2448,fhi:git
county,Innlandet,2021-01-10,0,0,2448,0,0.6591542469405071,0.0,0,2448,fhi:git
county,Innlandet,2021-01-11,50,0,2498,0,0.672617364729324,0.0,50,2498,fhi:git
county,Innlandet,2021-01-12,403,0,2901,0,0.781130094107193,0.0,403,2901,fhi:git
county,Innlandet,2021-01-13,994,0,3895,0,1.04877687574889,0.0,994,3895,fhi:git
county,Innlandet,2021-01-14,958,0,4853,0,1.30673021258263,0.0,958,4853,fhi:git
county,Innlandet,2021-01-15,279,0,5132,0,1.38185440984423,0.0,279,5132,fhi:git
county,Innlandet,2021-01-16,4,0,5136,0,1.38293145926734,0.0,4,5136,fhi:git
county,Innlandet,2021-01-17,0,0,5136,0,1.38293145926734,0.0,0,5136,fhi:git
county,Innlandet,2021-01-18,62,0,5198,0,1.39962572532547,0.0,62,5198,fhi:git
county,Innlandet,2021-01-19,331,318,5529,318,1.48875156508744,0.0856254291368795,649,5847,fhi:git
county,Innlandet,2021-01-20,664,252,6193,570,1.6675417693229397,0.15347954279252,916,6763,fhi:git
county,Innlandet,2021-01-21,832,48,7025,618,1.89156804932886,0.166404135869785,880,7643,fhi:git
county,Innlandet,2021-01-22,238,0,7263,618,1.9556524900036398,0.166404135869785,238,7881,fhi:git
county,Innlandet,2021-01-23,6,0,7269,618,1.95726806413829,0.166404135869785,6,7887,fhi:git
county,Innlandet,2021-01-24,0,0,7269,618,1.95726806413829,0.166404135869785,0,7887,fhi:git
county,Innlandet,2021-01-25,1,0,7270,618,1.95753732649407,0.166404135869785,1,7888,fhi:git
county,Innlandet,2021-01-26,149,131,7419,749,1.99765741750475,0.201677504476487,280,8168,fhi:git
county,Innlandet,2021-01-27,933,603,8352,1352,2.24887919544408,0.364042705009626,1536,9704,fhi:git
county,Innlandet,2021-01-28,903,707,9255,2059,2.49202310271013,0.554411190543506,1610,11314,fhi:git
county,Innlandet,2021-01-29,319,132,9574,2191,2.5779177942027798,0.589953821505984,451,11765,fhi:git
county,Innlandet,2021-01-30,1,0,9575,2191,2.5781870565585603,0.589953821505984,1,11766,fhi:git
county,Innlandet,2021-01-31,1,0,9576,2191,2.57845631891433,0.589953821505984,1,11767,fhi:git
county,Innlandet,2021-02-01,9,49,9585,2240,2.58087968011632,0.6031476769390259,58,11825,fhi:git
county,Innlandet,2021-02-02,609,341,10194,2581,2.74486045478412,0.694966140258761,950,12775,fhi:git
county,Innlandet,2021-02-03,2311,871,12505,3452,3.3671257589832697,0.929493652139963,3182,15957,fhi:git
county,Innlandet,2021-02-04,2656,997,15161,4449,4.0822865759252505,1.19794822084898,3653,19610,fhi:git
county,Innlandet,2021-02-05,813,269,15974,4718,4.30119687117143,1.2703797945528201,1082,20692,fhi:git
county,Innlandet,2021-02-06,7,4,15981,4722,4.30308170766186,1.27145684397593,11,20703,fhi:git
county,Innlandet,2021-02-07,0,0,15981,4722,4.30308170766186,1.27145684397593,0,20703,fhi:git
county,Innlandet,2021-02-08,2,62,15983,4784,4.30362023237341,1.2881511100340601,64,20767,fhi:git
county,Innlandet,2021-02-09,256,269,16239,5053,4.37255139545216,1.3605826837379,525,21292,fhi:git
county,Innlandet,2021-02-10,2052,578,18291,5631,4.92507774950523,1.5162163253766299,2630,23922,fhi:git
county,Innlandet,2021-02-11,2233,846,20524,6477,5.52634058995382,1.74401227836342,3079,27001,fhi:git
county,Innlandet,2021-02-12,429,282,20953,6759,5.64185414058188,1.81994426269235,711,27712,fhi:git
county,Innlandet,2021-02-13,0,5,20953,6764,5.64185414058188,1.82129057447124,5,27717,fhi:git
county,Innlandet,2021-02-14,1,0,20954,6764,5.642123402937651,1.82129057447124,1,27718,fhi:git
county,Innlandet,2021-02-15,87,14,21041,6778,5.66554922789019,1.82506024745211,101,27819,fhi:git
county,Innlandet,2021-02-16,518,92,21559,6870,5.805027128182349,1.84983238418353,610,28429,fhi:git
county,Innlandet,2021-02-17,1500,764,23059,7634,6.20892066184687,2.0555488239966597,2264,30693,fhi:git
county,Innlandet,2021-02-18,1437,901,24496,8535,6.59585066709749,2.2981542065511498,2338,33031,fhi:git
county,Innlandet,2021-02-19,541,296,25037,8831,6.74152160157249,2.37785586386095,837,33868,fhi:git
county,Innlandet,2021-02-20,0,1,25037,8832,6.74152160157249,2.37812512621673,1,33869,fhi:git
county,Innlandet,2021-02-21,0,1,25037,8833,6.74152160157249,2.37839438857251,1,33870,fhi:git
county,Innlandet,2021-02-22,250,3,25287,8836,6.808837190516581,2.37920217563983,253,34123,fhi:git
county,Innlandet,2021-02-23,281,306,25568,9142,6.88449991248973,2.4615964565074,587,34710,fhi:git
county,Innlandet,2021-02-24,811,2317,26379,11459,7.10287168302436,3.0854773348412,3128,37838,fhi:git
county,Innlandet,2021-02-25,1712,2425,28091,13884,7.563848836113469,3.73843854759885,4137,41975,fhi:git
county,Innlandet,2021-02-26,618,788,28709,14672,7.7302529719832505,3.95061728395062,1406,43381,fhi:git
county,Innlandet,2021-02-27,3,1,28712,14673,7.73106075905058,3.95088654630639,4,43385,fhi:git
county,Innlandet,2021-02-28,3,0,28715,14673,7.73186854611791,3.95088654630639,3,43388,fhi:git
county,Innlandet,2021-03-01,149,7,28864,14680,7.77198863712859,3.95277138279683,156,43544,fhi:git
county,Innlandet,2021-03-02,497,159,29361,14839,7.9058120279494295,3.99558409736527,656,44200,fhi:git
county,Innlandet,2021-03-03,1485,1966,30846,16805,8.30566662627731,4.52495388882157,3451,47651,fhi:git
county,Innlandet,2021-03-04,1391,2137,32237,18942,8.68021056316222,5.10036754311564,3528,51179,fhi:git
county,Vestfold og Telemark,2020-12-27,0,0,0,0,0.0,0.0,0,0,fhi:git
county,Vestfold og Telemark,2020-12-28,0,0,0,0,0.0,0.0,0,0,fhi:git
county,Vestfold og Telemark,2020-12-29,0,0,0,0,0.0,0.0,0,0,fhi:git
county,Vestfold og Telemark,2020-12-30,0,0,0,0,0.0,0.0,0,0,fhi:git
county,Vestfold og Telemark,2020-12-31,0,0,0,0,0.0,0.0,0,0,fhi:git
county,Vestfold og Telemark,2021-01-01,0,0,0,0,0.0,0.0,0,0,fhi:git
county,Vestfold og Telemark,2021-01-02,0,0,0,0,0.0,0.0,0,0,fhi:git
county,Vestfold og Telemark,2021-01-03,0,0,0,0,0.0,0.0,0,0,fhi:git
county,Vestfold og Telemark,2021-01-04,1,0,1,0,0.00023843813484153399,0.0,1,1,fhi:git
county,Vestfold og Telemark,2021-01-05,218,0,219,0,0.052217951530296,0.0,218,219,fhi:git
county,Vestfold og Telemark,2021-01-06,1026,0,1245,0,0.29685547787771,0.0,1026,1245,fhi:git
county,Vestfold og Telemark,2021-01-07,442,0,1687,0,0.40224513347766794,0.0,442,1687,fhi:git
county,Vestfold og Telemark,2021-01-08,63,0,1750,0,0.417266735972685,0.0,63,1750,fhi:git
county,Vestfold og Telemark,2021-01-09,0,0,1750,0,0.417266735972685,0.0,0,1750,fhi:git
county,Vestfold og Telemark,2021-01-10,2,0,1752,0,0.417743612242368,0.0,2,1752,fhi:git
county,Vestfold og Telemark,2021-01-11,3,0,1755,0,0.41845892664689205,0.0,3,1755,fhi:git
county,Vestfold og Telemark,2021-01-12,418,0,2173,0,0.518126067010654,0.0,418,2173,fhi:git
county,Vestfold og Telemark,2021-01-13,1166,0,3339,0,0.7961449322358821,0.0,1166,3339,fhi:git
county,Vestfold og Telemark,2021-01-14,582,0,3921,0,0.934915926713655,0.0,582,3921,fhi:git
county,Vestfold og Telemark,2021-01-15,157,0,4078,0,0.9723507138837759,0.0,157,4078,fhi:git
county,Vestfold og Telemark,2021-01-16,3,0,4081,0,0.9730660282883,0.0,3,4081,fhi:git
county,Vestfold og Telemark,2021-01-17,41,0,4122,0,0.9828419918168029,0.0,41,4122,fhi:git
county,Vestfold og Telemark,2021-01-18,7,0,4129,0,0.9845110587606941,0.0,7,4129,fhi:git
county,Vestfold og Telemark,2021-01-19,233,0,4362,0,1.04006714417877,0.0,233,4362,fhi:git
county,Vestfold og Telemark,2021-01-20,1607,0,5969,0,1.42323722686912,0.0,1607,5969,fhi:git
county,Vestfold og Telemark,2021-01-21,828,0,6797,0,1.62066400251791,0.0,828,6797,fhi:git
county,Vestfold og Telemark,2021-01-22,181,0,6978,0,1.6638213049242199,0.0,181,6978,fhi:git
county,Vestfold og Telemark,2021-01-23,3,0,6981,0,1.66453661932875,0.0,3,6981,fhi:git
county,Vestfold og Telemark,2021-01-24,0,0,6981,0,1.66453661932875,0.0,0,6981,fhi:git
county,Vestfold og Telemark,2021-01-25,44,0,7025,0,1.6750278972617798,0.0,44,7025,fhi:git
county,Vestfold og Telemark,2021-01-26,103,179,7128,179,1.69958702515045,0.0426804261366346,282,7307,fhi:git
county,Vestfold og Telemark,2021-01-27,1622,898,8750,1077,2.08633367986342,0.256797871224332,2520,9827,fhi:git
county,Vestfold og Telemark,2021-01-28,652,449,9402,1526,2.2417953437801,0.3638565937681811,1101,10928,fhi:git
county,Vestfold og Telemark,2021-01-29,86,90,9488,1616,2.26230102337647,0.38531602590391906,176,11104,fhi:git
county,Vestfold og Telemark,2021-01-30,0,0,9488,1616,2.26230102337647,0.38531602590391906,0,11104,fhi:git
county,Vestfold og Telemark,2021-01-31,1,1,9489,1617,2.2625394615113197,0.385554464038761,2,11106,fhi:git
county,Vestfold og Telemark,2021-02-01,50,1,9539,1618,2.27446136825339,0.38579290217360207,51,11157,fhi:git
county,Vestfold og Telemark,2021-02-02,462,327,10001,1945,2.3846197865501804,0.463762172266784,789,11946,fhi:git
county,Vestfold og Telemark,2021-02-03,3214,847,13215,2792,3.1509599519308704,0.665719272477563,4061,16007,fhi:git
county,Vestfold og Telemark,2021-02-04,1901,708,15116,3500,3.6042308462646298,0.834533471945369,2609,18616,fhi:git
county,Vestfold og Telemark,2021-02-05,959,244,16075,3744,3.83289301757766,0.892712376846703,1203,19819,fhi:git
county,Vestfold og Telemark,2021-02-06,0,4,16075,3748,3.83289301757766,0.8936661293860699,4,19823,fhi:git
county,Vestfold og Telemark,2021-02-07,2,1,16077,3749,3.83336989384734,0.893904567520911,3,19826,fhi:git
county,Vestfold og Telemark,2021-02-08,17,46,16094,3795,3.83742334213965,0.9048727217236221,63,19889,fhi:git
county,Vestfold og Telemark,2021-02-09,354,208,16448,4003,3.9218304418735497,0.9544678537706609,562,20451,fhi:git
county,Vestfold og Telemark,2021-02-10,2886,1396,19334,5399,4.60996289902622,1.2873274900094398,4282,24733,fhi:git
county,Vestfold og Telemark,2021-02-11,1536,876,20870,6275,4.97620387414282,1.4961992961306299,2412,27145,fhi:git
county,Vestfold og Telemark,2021-02-12,602,213,21472,6488,5.11974363131742,1.54698661885187,815,27960,fhi:git
county,Vestfold og Telemark,2021-02-13,2,2,21474,6490,5.120220507587099,1.54746349512156,4,27964,fhi:git
county,Vestfold og Telemark,2021-02-14,0,0,21474,6490,5.120220507587099,1.54746349512156,0,27964,fhi:git
county,Vestfold og Telemark,2021-02-15,4,2,21478,6492,5.12117426012647,1.54794037139124,6,27970,fhi:git
county,Vestfold og Telemark,2021-02-16,574,76,22052,6568,5.258037749525509,1.5660616696392,650,28620,fhi:git
county,Vestfold og Telemark,2021-02-17,3015,1524,25067,8092,5.976928726072731,1.9294413871376899,4539,33159,fhi:git
county,Vestfold og Telemark,2021-02-18,1808,626,26875,8718,6.40802487386623,2.07870365954849,2434,35593,fhi:git
county,Vestfold og Telemark,2021-02-19,280,83,27155,8801,6.47478755162186,2.09849402474034,363,35956,fhi:git
county,Vestfold og Telemark,2021-02-20,0,1,27155,8802,6.47478755162186,2.09873246287518,1,35957,fhi:git
county,Vestfold og Telemark,2021-02-21,1,1,27156,8803,6.4750259897567,2.09897090101002,2,35959,fhi:git
county,Vestfold og Telemark,2021-02-22,51,0,27207,8803,6.48718633463362,2.09897090101002,51,36010,fhi:git
county,Vestfold og Telemark,2021-02-23,626,381,27833,9184,6.636448607044421,2.1898158303846498,1007,37017,fhi:git
county,Vestfold og Telemark,2021-02-24,659,2847,28492,12031,6.79357933790499,2.8686492002784996,3506,40523,fhi:git
county,Vestfold og Telemark,2021-02-25,672,1980,29164,14011,6.953809764518501,3.3407567072647297,2652,43175,fhi:git
county,Vestfold og Telemark,2021-02-26,537,845,29701,14856,7.0818510429284,3.54223693120583,1382,44557,fhi:git
county,Vestfold og Telemark,2021-02-27,3,0,29704,14856,7.082566357332929,3.54223693120583,3,44560,fhi:git
county,Vestfold og Telemark,2021-02-28,0,0,29704,14856,7.082566357332929,3.54223693120583,0,44560,fhi:git
county,Vestfold og Telemark,2021-03-01,588,0,30292,14856,7.22276798061975,3.54223693120583,588,45148,fhi:git
county,Vestfold og Telemark,2021-03-02,826,352,31118,15208,7.419717879998861,3.6261671546700494,1178,46326,fhi:git
county,Vestfold og Telemark,2021-03-03,1914,2758,33032,17966,7.876088470085549,4.283779530563,4672,50998,fhi:git
county,Vestfold og Telemark,2021-03-04,868,1323,33900,19289,8.083052771128,4.59923318295835,2191,53189,fhi:git
county,Agder,2020-12-27,0,0,0,0,0.0,0.0,0,0,fhi:git
county,Agder,2020-12-28,0,0,0,0,0.0,0.0,0,0,fhi:git
county,Agder,2020-12-29,0,0,0,0,0.0,0.0,0,0,fhi:git
county,Agder,2020-12-30,0,0,0,0,0.0,0.0,0,0,fhi:git
county,Agder,2020-12-31,0,0,0,0,0.0,0.0,0,0,fhi:git
county,Agder,2021-01-01,0,0,0,0,0.0,0.0,0,0,fhi:git
county,Agder,2021-01-02,0,0,0,0,0.0,0.0,0,0,fhi:git
county,Agder,2021-01-03,3,0,3,0,0.000976463963597423,0.0,3,3,fhi:git
county,Agder,2021-01-04,0,0,3,0,0.000976463963597423,0.0,0,3,fhi:git
county,Agder,2021-01-05,79,0,82,0,0.0266900150049962,0.0,79,82,fhi:git
county,Agder,2021-01-06,791,0,873,0,0.28415101340685,0.0,791,873,fhi:git
county,Agder,2021-01-07,230,0,1103,0,0.359013250615986,0.0,230,1103,fhi:git
county,Agder,2021-01-08,49,0,1152,0,0.37496216202141097,0.0,49,1152,fhi:git
county,Agder,2021-01-09,0,0,1152,0,0.37496216202141097,0.0,0,1152,fhi:git
county,Agder,2021-01-10,0,0,1152,0,0.37496216202141097,0.0,0,1152,fhi:git
county,Agder,2021-01-11,1,0,1153,0,0.375287650009276,0.0,1,1153,fhi:git
county,Agder,2021-01-12,225,0,1378,0,0.44852244727908297,0.0,225,1378,fhi:git
county,Agder,2021-01-13,847,0,2225,0,0.724210773001422,0.0,847,2225,fhi:git
county,Agder,2021-01-14,518,0,2743,0,0.892813550715911,0.0,518,2743,fhi:git
county,Agder,2021-01-15,119,0,2862,0,0.931546621271942,0.0,119,2862,fhi:git
county,Agder,2021-01-16,1,0,2863,0,0.9318721092598079,0.0,1,2863,fhi:git
county,Agder,2021-01-17,2,0,2865,0,0.9325230852355391,0.0,2,2865,fhi:git
county,Agder,2021-01-18,15,0,2880,0,0.9374054050535269,0.0,15,2880,fhi:git
county,Agder,2021-01-19,347,0,3227,0,1.05034973684296,0.0,347,3227,fhi:git
county,Agder,2021-01-20,459,0,3686,0,1.1997487232733701,0.0,459,3686,fhi:git
county,Agder,2021-01-21,340,0,4026,0,1.31041463914774,0.0,340,4026,fhi:git
county,Agder,2021-01-22,63,0,4089,0,1.33092038238329,0.0,63,4089,fhi:git
county,Agder,2021-01-23,1,0,4090,0,1.3312458703711498,0.0,1,4090,fhi:git
county,Agder,2021-01-24,0,0,4090,0,1.3312458703711498,0.0,0,4090,fhi:git
county,Agder,2021-01-25,1,0,4091,0,1.33157135835902,0.0,1,4091,fhi:git
county,Agder,2021-01-26,63,66,4154,66,1.35207710159457,0.0214822071991433,129,4220,fhi:git
county,Agder,2021-01-27,565,681,4719,747,1.53597781473875,0.243139526935758,1246,5466,fhi:git
county,Agder,2021-01-28,948,248,5667,995,1.84454042723553,0.323860547926479,1196,6662,fhi:git
county,Agder,2021-01-29,204,61,5871,1056,1.91093997676016,0.34371531518629306,265,6927,fhi:git
county,Agder,2021-01-30,32,0,5903,1056,1.9213555923718602,0.34371531518629306,32,6959,fhi:git
county,Agder,2021-01-31,21,0,5924,1056,1.9281908401170502,0.34371531518629306,21,6980,fhi:git
county,Agder,2021-02-01,0,2,5924,1058,1.9281908401170502,0.34436629116202505,2,6982,fhi:git
county,Agder,2021-02-02,203,170,6127,1228,1.9942649016538,0.39969924909921206,373,7355,fhi:git
county,Agder,2021-02-03,1332,592,7459,1820,2.42781490149106,0.59238813791577,1924,9279,fhi:git
county,Agder,2021-02-04,1706,499,9165,2319,2.98309740879013,0.754806643860808,2205,11484,fhi:git
county,Agder,2021-02-05,618,134,9783,2453,3.1842489852912004,0.798422034234827,752,12236,fhi:git
county,Agder,2021-02-06,508,2,10291,2455,3.3495968831270297,0.799073010210558,510,12746,fhi:git
county,Agder,2021-02-07,83,2,10374,2457,3.37661238611989,0.79972398618629,85,12831,fhi:git
county,Agder,2021-02-08,13,2,10387,2459,3.38084372996215,0.800374962162021,15,12846,fhi:git
county,Agder,2021-02-09,188,254,10575,2713,3.4420354716809203,0.8830489110799371,442,13288,fhi:git
county,Agder,2021-02-10,1152,371,11727,3084,3.81699763370233,1.00380495457815,1523,14811,fhi:git
county,Agder,2021-02-11,1005,409,12732,3493,4.14411306150747,1.13692954161527,1414,16225,fhi:git
county,Agder,2021-02-12,352,69,13084,3562,4.25868483323623,1.15938821277801,421,16646,fhi:git
county,Agder,2021-02-13,509,1,13593,3563,4.42435821905993,1.15971370076587,510,17156,fhi:git
county,Agder,2021-02-14,0,0,13593,3563,4.42435821905993,1.15971370076587,0,17156,fhi:git
county,Agder,2021-02-15,1,2,13594,3565,4.42468370704779,1.1603646767416,3,17159,fhi:git
county,Agder,2021-02-16,139,113,13733,3678,4.46992653736114,1.19714481937044,252,17411,fhi:git
county,Agder,2021-02-17,1212,435,14945,4113,4.8644179786545,1.33873209409207,1647,19058,fhi:git
county,Agder,2021-02-18,1086,820,16031,4933,5.2178979334767694,1.6056322441420299,1906,20964,fhi:git
county,Agder,2021-02-19,717,342,16748,5275,5.451272820776549,1.7169491359921398,1059,22023,fhi:git
county,Agder,2021-02-20,339,36,17087,5311,5.561613248663059,1.72866670355531,375,22398,fhi:git
county,Agder,2021-02-21,53,21,17140,5332,5.57886411201995,1.73550195130049,74,22472,fhi:git
county,Agder,2021-02-22,224,0,17364,5332,5.65177342130189,1.73550195130049,224,22696,fhi:git
county,Agder,2021-02-23,294,201,17658,5533,5.74746688973444,1.80092503686151,495,23191,fhi:git
county,Agder,2021-02-24,625,1101,18283,6634,5.950896882150559,2.15928731150177,1726,24917,fhi:git
county,Agder,2021-02-25,704,1559,18987,8193,6.18004042560809,2.66672308458456,2263,27180,fhi:git
county,Agder,2021-02-26,375,466,19362,8659,6.302098421057769,2.81840048693003,841,28021,fhi:git
county,Agder,2021-02-27,0,0,19362,8659,6.302098421057769,2.81840048693003,0,28021,fhi:git
county,Agder,2021-02-28,8,81,19370,8740,6.3047023249607,2.84476501394716,89,28110,fhi:git
county,Agder,2021-03-01,259,0,19629,8740,6.3890037138179405,2.84476501394716,259,28369,fhi:git
county,Agder,2021-03-02,559,192,20188,8932,6.570951499034929,2.9072587076174,751,29120,fhi:git
county,Agder,2021-03-03,618,871,20806,9803,6.772103075535999,3.1907587450485098,1489,30609,fhi:git
county,Agder,2021-03-04,723,1051,21529,10854,7.00743089076298,3.53284662029548,1774,32383,fhi:git
county,Vestland,2020-12-27,0,0,0,0,0.0,0.0,0,0,fhi:git
county,Vestland,2020-12-28,0,0,0,0,0.0,0.0,0,0,fhi:git
county,Vestland,2020-12-29,0,0,0,0,0.0,0.0,0,0,fhi:git
county,Vestland,2020-12-30,0,0,0,0,0.0,0.0,0,0,fhi:git
county,Vestland,2020-12-31,0,0,0,0,0.0,0.0,0,0,fhi:git
county,Vestland,2021-01-01,0,0,0,0,0.0,0.0,0,0,fhi:git
county,Vestland,2021-01-02,0,0,0,0,0.0,0.0,0,0,fhi:git
county,Vestland,2021-01-03,0,0,0,0,0.0,0.0,0,0,fhi:git
county,Vestland,2021-01-04,2,0,2,0,0.00031420307887597003,0.0,2,2,fhi:git
county,Vestland,2021-01-05,416,0,418,0,0.0656684434850777,0.0,416,418,fhi:git
county,Vestland,2021-01-06,1254,0,1672,0,0.262673773940311,0.0,1254,1672,fhi:git
county,Vestland,2021-01-07,717,0,2389,0,0.375315577717346,0.0,717,2389,fhi:git
county,Vestland,2021-01-08,139,0,2528,0,0.39715269169922596,0.0,139,2528,fhi:git
county,Vestland,2021-01-09,0,0,2528,0,0.39715269169922596,0.0,0,2528,fhi:git
county,Vestland,2021-01-10,0,0,2528,0,0.39715269169922596,0.0,0,2528,fhi:git
county,Vestland,2021-01-11,65,0,2593,0,0.407364291762695,0.0,65,2593,fhi:git
county,Vestland,2021-01-12,855,0,3448,0,0.5416861079821721,0.0,855,3448,fhi:git
county,Vestland,2021-01-13,1125,0,4573,0,0.7184253398499051,0.0,1125,4573,fhi:git
county,Vestland,2021-01-14,997,0,5570,0,0.875055574669576,0.0,997,5570,fhi:git
county,Vestland,2021-01-15,424,0,5994,0,0.941666627391282,0.0,424,5994,fhi:git
county,Vestland,2021-01-16,2,0,5996,0,0.941980830470158,0.0,2,5996,fhi:git
county,Vestland,2021-01-17,1,0,5997,0,0.942137932009596,0.0,1,5997,fhi:git
county,Vestland,2021-01-18,62,0,6059,0,0.951878227454751,0.0,62,6059,fhi:git
county,Vestland,2021-01-19,368,0,6427,0,1.00969159396793,0.0,368,6427,fhi:git
county,Vestland,2021-01-20,1235,0,7662,0,1.20371199517384,0.0,1235,7662,fhi:git
county,Vestland,2021-01-21,783,0,8445,0,1.3267225005537802,0.0,783,8445,fhi:git
county,Vestland,2021-01-22,313,0,8758,0,1.37589528239787,0.0,313,8758,fhi:git
county,Vestland,2021-01-23,0,0,8758,0,1.37589528239787,0.0,0,8758,fhi:git
county,Vestland,2021-01-24,0,0,8758,0,1.37589528239787,0.0,0,8758,fhi:git
county,Vestland,2021-01-25,2,0,8760,0,1.3762094854767501,0.0,2,8760,fhi:git
county,Vestland,2021-01-26,152,174,8912,174,1.4000889194713202,0.0273356678622094,326,9086,fhi:git
county,Vestland,2021-01-27,1589,1208,10501,1382,1.6497232656382799,0.217114327503295,2797,11883,fhi:git
county,Vestland,2021-01-28,1932,676,12433,2058,1.95324343983247,0.32331496816337296,2608,14491,fhi:git
county,Vestland,2021-01-29,481,176,12914,2234,2.02880928030214,0.350964839104458,657,15148,fhi:git
county,Vestland,2021-01-30,1,0,12915,2234,2.02896638184158,0.350964839104458,1,15149,fhi:git
county,Vestland,2021-01-31,1,0,12916,2234,2.02912348338101,0.350964839104458,1,15150,fhi:git
county,Vestland,2021-02-01,13,59,12929,2293,2.03116580339371,0.3602338299313,72,15222,fhi:git
county,Vestland,2021-02-02,722,581,13651,2874,2.14459311486793,0.451509824344769,1303,16525,fhi:git
county,Vestland,2021-02-03,2828,1039,16479,3913,2.58887626839855,0.6147383238208349,3867,20392,fhi:git
county,Vestland,2021-02-04,2580,1057,19059,4970,2.9941982401485596,0.780794651006785,3637,24029,fhi:git
county,Vestland,2021-02-05,911,486,19970,5456,3.1373177425765597,0.857145999173646,1397,25426,fhi:git
county,Vestland,2021-02-06,0,2,19970,5458,3.1373177425765597,0.857460202252522,2,25428,fhi:git
county,Vestland,2021-02-07,2,1,19972,5459,3.13763194565544,0.85761730379196,3,25431,fhi:git
county,Vestland,2021-02-08,8,49,19980,5508,3.13888875797094,0.865315279224421,57,25488,fhi:git
county,Vestland,2021-02-09,886,305,20866,5813,3.2780807219129904,0.913231248753006,1191,26679,fhi:git
county,Vestland,2021-02-10,2748,970,23614,6783,3.70979575228858,1.06561974200785,3718,30397,fhi:git
county,Vestland,2021-02-11,2693,834,26307,7617,4.13287019799507,1.19664242589913,3527,33924,fhi:git
county,Vestland,2021-02-12,615,457,26922,8074,4.2294876447494305,1.26843782942229,1072,34996,fhi:git
county,Vestland,2021-02-13,0,0,26922,8074,4.2294876447494305,1.26843782942229,0,34996,fhi:git
county,Vestland,2021-02-14,0,2,26922,8076,4.2294876447494305,1.2687520325011699,2,34998,fhi:git
county,Vestland,2021-02-15,92,1,27014,8077,4.24394098637773,1.2689091340406,93,35091,fhi:git
county,Vestland,2021-02-16,1059,56,28073,8133,4.410311516642549,1.2777068202491297,1115,36206,fhi:git
county,Vestland,2021-02-17,2673,1324,30746,9457,4.83024393156029,1.48570925846502,3997,40203,fhi:git
county,Vestland,2021-02-18,1969,1974,32715,11431,5.13957686271368,1.79582769731561,3943,44146,fhi:git
county,Vestland,2021-02-19,1132,539,33847,11970,5.317415805357481,1.88050542707268,1671,45817,fhi:git
county,Vestland,2021-02-20,1,3,33848,11973,5.31757290689692,1.88097673169099,4,45821,fhi:git
county,Vestland,2021-02-21,0,1,33848,11974,5.31757290689692,1.88113383323043,1,45822,fhi:git
county,Vestland,2021-02-22,48,2,33896,11976,5.32511378078994,1.8814480363093102,50,45872,fhi:git
county,Vestland,2021-02-23,509,589,34405,12565,5.4050784643638705,1.97398084303828,1098,46970,fhi:git
county,Vestland,2021-02-24,1302,2380,35707,14945,5.609624668712129,2.34788250690069,3682,50652,fhi:git
county,Vestland,2021-02-25,1233,2631,36940,17576,5.803330866839159,2.76121665716202,3864,54516,fhi:git
county,Vestland,2021-02-26,1367,868,38307,18444,6.018088671250889,2.89758079339419,2235,56751,fhi:git
county,Vestland,2021-02-27,1,0,38308,18444,6.018245772790331,2.89758079339419,1,56752,fhi:git
county,Vestland,2021-02-28,0,7,38308,18451,6.018245772790331,2.89868050417026,7,56759,fhi:git
county,Vestland,2021-03-01,402,11,38710,18462,6.0814005916444005,2.9004086211040803,413,57172,fhi:git
county,Vestland,2021-03-02,1179,747,39889,19209,6.2666233066417805,3.01776347106425,1926,59098,fhi:git
county,Vestland,2021-03-03,1532,1986,41421,21195,6.5073028650607805,3.3297671283880903,3518,62616,fhi:git
county,Vestland,2021-03-04,1640,2322,43061,23517,6.76494938973907,3.69455690296309,3962,66578,fhi:git
county,Trøndelag,2020-12-27,0,0,0,0,0.0,0.0,0,0,fhi:git
county,Trøndelag,2020-12-28,0,0,0,0,0.0,0.0,0,0,fhi:git
county,Trøndelag,2020-12-29,0,0,0,0,0.0,0.0,0,0,fhi:git
county,Trøndelag,2020-12-30,0,0,0,0,0.0,0.0,0,0,fhi:git
county,Trøndelag,2020-12-31,0,0,0,0,0.0,0.0,0,0,fhi:git
county,Trøndelag,2021-01-01,0,0,0,0,0.0,0.0,0,0,fhi:git
county,Trøndelag,2021-01-02,0,0,0,0,0.0,0.0,0,0,fhi:git
county,Trøndelag,2021-01-03,0,0,0,0,0.0,0.0,0,0,fhi:git
county,Trøndelag,2021-01-04,3,0,3,0,0.000640065542711574,0.0,3,3,fhi:git
county,Trøndelag,2021-01-05,407,0,410,0,0.0874756241705817,0.0,407,410,fhi:git
county,Trøndelag,2021-01-06,674,0,1084,0,0.231277016099782,0.0,674,1084,fhi:git
county,Trøndelag,2021-01-07,484,0,1568,0,0.33454092365724897,0.0,484,1568,fhi:git
county,Trøndelag,2021-01-08,141,0,1709,0,0.364624004164693,0.0,141,1709,fhi:git
county,Trøndelag,2021-01-09,0,0,1709,0,0.364624004164693,0.0,0,1709,fhi:git
county,Trøndelag,2021-01-10,0,0,1709,0,0.364624004164693,0.0,0,1709,fhi:git
county,Trøndelag,2021-01-11,95,0,1804,0,0.38489274635056,0.0,95,1804,fhi:git
county,Trøndelag,2021-01-12,500,0,2304,0,0.491570336802489,0.0,500,2304,fhi:git
county,Trøndelag,2021-01-13,859,0,3163,0,0.6748424371989019,0.0,859,3163,fhi:git
county,Trøndelag,2021-01-14,670,0,3833,0,0.817790408404487,0.0,670,3833,fhi:git
county,Trøndelag,2021-01-15,253,0,4086,0,0.871769269173163,0.0,253,4086,fhi:git
county,Trøndelag,2021-01-16,0,0,4086,0,0.871769269173163,0.0,0,4086,fhi:git
county,Trøndelag,2021-01-17,0,0,4086,0,0.871769269173163,0.0,0,4086,fhi:git
county,Trøndelag,2021-01-18,152,0,4238,0,0.9041992566705501,0.0,152,4238,fhi:git
county,Trøndelag,2021-01-19,568,0,4806,0,1.02538499942394,0.0,568,4806,fhi:git
county,Trøndelag,2021-01-20,734,0,5540,0,1.1819877022073702,0.0,734,5540,fhi:git
county,Trøndelag,2021-01-21,524,0,6064,0,1.2937858170009902,0.0,524,6064,fhi:git
county,Trøndelag,2021-01-22,283,0,6347,0,1.35416533319679,0.0,283,6347,fhi:git
county,Trøndelag,2021-01-23,1,0,6348,0,1.35437868837769,0.0,1,6348,fhi:git
county,Trøndelag,2021-01-24,0,0,6348,0,1.35437868837769,0.0,0,6348,fhi:git
county,Trøndelag,2021-01-25,1,0,6349,0,1.35459204355859,0.0,1,6349,fhi:git
county,Trøndelag,2021-01-26,313,184,6662,184,1.4213722151815,0.0392573532863098,497,6846,fhi:git
county,Trøndelag,2021-01-27,988,590,7650,774,1.63216713391451,0.165136910019586,1578,8424,fhi:git
county,Trøndelag,2021-01-28,727,481,8377,1255,1.7872763504316203,0.26776075203434196,1208,9632,fhi:git
county,Trøndelag,2021-01-29,419,229,8796,1484,1.8766721712303303,0.316619088461325,648,10280,fhi:git
county,Trøndelag,2021-01-30,1,0,8797,1484,1.87688552641124,0.316619088461325,1,10281,fhi:git
county,Trøndelag,2021-01-31,1,1,8798,1485,1.87709888159214,0.316832443642229,2,10283,fhi:git
county,Trøndelag,2021-02-01,13,86,8811,1571,1.87987249894389,0.33518098919996103,99,10382,fhi:git
county,Trøndelag,2021-02-02,833,392,9644,1963,2.05759736463681,0.418816220114273,1225,11607,fhi:git
county,Trøndelag,2021-02-03,2044,808,11688,2771,2.49369535440429,0.59120720628459,2852,14459,fhi:git
county,Trøndelag,2021-02-04,2127,597,13815,3368,2.9475018241867996,0.718580249284193,2724,17183,fhi:git
county,Trøndelag,2021-02-05,1293,320,15108,3688,3.22337007309549,0.786853907173428,1613,18796,fhi:git
county,Trøndelag,2021-02-06,7,0,15115,3688,3.2248635593618102,0.786853907173428,7,18803,fhi:git
county,Trøndelag,2021-02-07,1,0,15116,3688,3.2250769145427203,0.786853907173428,1,18804,fhi:git
county,Trøndelag,2021-02-08,3,150,15119,3838,3.22571698008543,0.8188571843090071,153,18957,fhi:git
county,Trøndelag,2021-02-09,836,523,15955,4361,3.40408191132105,0.9304419439217241,1359,20316,fhi:git
county,Trøndelag,2021-02-10,2116,625,18071,4986,3.85554147411362,1.06378893198664,2741,23057,fhi:git
county,Trøndelag,2021-02-11,2337,579,20408,5565,4.35415253188593,1.18732158172997,2916,25973,fhi:git
county,Trøndelag,2021-02-12,891,344,21299,5909,4.544251998071269,1.2607157639609,1235,27208,fhi:git
county,Trøndelag,2021-02-13,1,0,21300,5909,4.54446535325217,1.2607157639609,1,27209,fhi:git
county,Trøndelag,2021-02-14,0,0,21300,5909,4.54446535325217,1.2607157639609,0,27209,fhi:git
county,Trøndelag,2021-02-15,0,2,21300,5911,4.54446535325217,1.2611424743227,2,27211,fhi:git
county,Trøndelag,2021-02-16,338,210,21638,6121,4.6165794043976796,1.30594706231251,548,27759,fhi:git
county,Trøndelag,2021-02-17,2173,895,23811,7016,5.08020021250176,1.49689994922147,3068,30827,fhi:git
county,Trøndelag,2021-02-18,2087,751,25898,7767,5.525472475048111,1.6571296900802601,2838,33665,fhi:git
county,Trøndelag,2021-02-19,1258,409,27156,8176,5.79387329262517,1.74439195906994,1667,35332,fhi:git
county,Trøndelag,2021-02-20,0,1,27156,8177,5.79387329262517,1.7446053142508502,1,35333,fhi:git
county,Trøndelag,2021-02-21,0,1,27156,8178,5.79387329262517,1.7448186694317498,1,35334,fhi:git
county,Trøndelag,2021-02-22,18,0,27174,8178,5.79771368588143,1.7448186694317498,18,35352,fhi:git
county,Trøndelag,2021-02-23,334,672,27508,8850,5.86897431630332,1.8881933509991398,1006,36358,fhi:git
county,Trøndelag,2021-02-24,952,1969,28460,10819,6.0720884485238,2.3082897021988398,2921,39279,fhi:git
county,Trøndelag,2021-02-25,460,1927,28920,12746,6.17023183173957,2.7194251358005697,2387,41666,fhi:git
county,Trøndelag,2021-02-26,609,1134,29529,13880,6.30016513691002,2.9613699109455496,1743,43409,fhi:git
county,Trøndelag,2021-02-27,4,1,29533,13881,6.30101855763364,2.9615832661264503,5,43414,fhi:git
county,Trøndelag,2021-02-28,1,0,29534,13881,6.30123191281454,2.9615832661264503,1,43415,fhi:git
county,Trøndelag,2021-03-01,508,0,30042,13881,6.4096163447137,2.9615832661264503,508,43923,fhi:git
county,Trøndelag,2021-03-02,794,780,30836,14661,6.579020358351361,3.1280003072314604,1574,45497,fhi:git
county,Trøndelag,2021-03-03,1661,1575,32497,16236,6.93340331383267,3.46403471715504,3236,48733,fhi:git
county,Trøndelag,2021-03-04,1668,1801,34165,18037,7.28927975558031,3.84828739796288,3469,52202,fhi:git
county,Troms og Finnmark,2020-12-27,0,0,0,0,0.0,0.0,0,0,fhi:git
county,Troms og Finnmark,2020-12-28,1,0,1,0,0.00041099662571770297,0.0,1,1,fhi:git
county,Troms og Finnmark,2020-12-29,0,0,1,0,0.00041099662571770297,0.0,0,1,fhi:git
county,Troms og Finnmark,2020-12-30,0,0,1,0,0.00041099662571770297,0.0,0,1,fhi:git
county,Troms og Finnmark,2020-12-31,0,0,1,0,0.00041099662571770297,0.0,0,1,fhi:git
county,Troms og Finnmark,2021-01-01,0,0,1,0,0.00041099662571770297,0.0,0,1,fhi:git
county,Troms og Finnmark,2021-01-02,0,0,1,0,0.00041099662571770297,0.0,0,1,fhi:git
county,Troms og Finnmark,2021-01-03,0,0,1,0,0.00041099662571770297,0.0,0,1,fhi:git
county,Troms og Finnmark,2021-01-04,0,0,1,0,0.00041099662571770297,0.0,0,1,fhi:git
county,Troms og Finnmark,2021-01-05,53,0,54,0,0.022193817788756,0.0,53,54,fhi:git
county,Troms og Finnmark,2021-01-06,530,0,584,0,0.24002202941913797,0.0,530,584,fhi:git
county,Troms og Finnmark,2021-01-07,187,0,771,0,0.31687839842834903,0.0,187,771,fhi:git
county,Troms og Finnmark,2021-01-08,247,0,1018,0,0.418394564980622,0.0,247,1018,fhi:git
county,Troms og Finnmark,2021-01-09,0,0,1018,0,0.418394564980622,0.0,0,1018,fhi:git
county,Troms og Finnmark,2021-01-10,0,0,1018,0,0.418394564980622,0.0,0,1018,fhi:git
county,Troms og Finnmark,2021-01-11,1,0,1019,0,0.41880556160633897,0.0,1,1019,fhi:git
county,Troms og Finnmark,2021-01-12,188,0,1207,0,0.49607292724126706,0.0,188,1207,fhi:git
county,Troms og Finnmark,2021-01-13,568,0,1775,0,0.7295190106489229,0.0,568,1775,fhi:git
county,Troms og Finnmark,2021-01-14,330,0,2105,0,0.865147897135765,0.0,330,2105,fhi:git
county,Troms og Finnmark,2021-01-15,37,0,2142,0,0.8803547722873192,0.0,37,2142,fhi:git
county,Troms og Finnmark,2021-01-16,2,0,2144,0,0.881176765538755,0.0,2,2144,fhi:git
county,Troms og Finnmark,2021-01-17,1,0,2145,0,0.8815877621644731,0.0,1,2145,fhi:git
county,Troms og Finnmark,2021-01-18,0,1,2145,1,0.8815877621644731,0.00041099662571770297,1,2146,fhi:git
county,Troms og Finnmark,2021-01-19,248,0,2393,1,0.983514925342463,0.00041099662571770297,248,2394,fhi:git
county,Troms og Finnmark,2021-01-20,914,0,3307,1,1.3591658412484398,0.00041099662571770297,914,3308,fhi:git
county,Troms og Finnmark,2021-01-21,248,0,3555,1,1.4610930044264299,0.00041099662571770297,248,3556,fhi:git
county,Troms og Finnmark,2021-01-22,81,0,3636,1,1.49438373110957,0.00041099662571770297,81,3637,fhi:git
county,Troms og Finnmark,2021-01-23,12,0,3648,1,1.49931569061818,0.00041099662571770297,12,3649,fhi:git
county,Troms og Finnmark,2021-01-24,0,0,3648,1,1.49931569061818,0.00041099662571770297,0,3649,fhi:git
county,Troms og Finnmark,2021-01-25,6,0,3654,1,1.50178167037249,0.00041099662571770297,6,3655,fhi:git
county,Troms og Finnmark,2021-01-26,84,0,3738,1,1.53630538693277,0.00041099662571770297,84,3739,fhi:git
county,Troms og Finnmark,2021-01-27,667,357,4405,358,1.8104401362864802,0.14713679200693802,1024,4763,fhi:git
county,Troms og Finnmark,2021-01-28,235,275,4640,633,1.90702434333014,0.260160864079306,510,5273,fhi:git
county,Troms og Finnmark,2021-01-29,103,243,4743,876,1.9493569957790602,0.36003304412870796,346,5619,fhi:git
county,Troms og Finnmark,2021-01-30,0,0,4743,876,1.9493569957790602,0.36003304412870796,0,5619,fhi:git
county,Troms og Finnmark,2021-01-31,0,0,4743,876,1.9493569957790602,0.36003304412870796,0,5619,fhi:git
county,Troms og Finnmark,2021-02-01,0,2,4743,878,1.9493569957790602,0.36085503738014296,2,5621,fhi:git
county,Troms og Finnmark,2021-02-02,121,21,4864,899,1.99908758749091,0.36948596652021504,142,5763,fhi:git
county,Troms og Finnmark,2021-02-03,1159,562,6023,1461,2.47543267669772,0.6004660701735639,1721,7484,fhi:git
county,Troms og Finnmark,2021-02-04,1150,379,7173,1840,2.94807879627308,0.7562337913205729,1529,9013,fhi:git
county,Troms og Finnmark,2021-02-05,286,140,7459,1980,3.0656238312283497,0.8137733189210521,426,9439,fhi:git
county,Troms og Finnmark,2021-02-06,1,1,7460,1981,3.06603482785406,0.8141843155467691,2,9441,fhi:git
county,Troms og Finnmark,2021-02-07,0,1,7460,1982,3.06603482785406,0.814595312172487,1,9442,fhi:git
county,Troms og Finnmark,2021-02-08,0,0,7460,1982,3.06603482785406,0.814595312172487,0,9442,fhi:git
county,Troms og Finnmark,2021-02-09,72,26,7532,2008,3.09562658490574,0.825281224441147,98,9540,fhi:git
county,Troms og Finnmark,2021-02-10,1407,803,8939,2811,3.6738988372905497,1.15531151489246,2210,11750,fhi:git
county,Troms og Finnmark,2021-02-11,995,466,9934,3277,4.08284047987966,1.34683594247691,1461,13211,fhi:git
county,Troms og Finnmark,2021-02-12,291,113,10225,3390,4.20244049796351,1.39327856118301,404,13615,fhi:git
county,Troms og Finnmark,2021-02-13,5,2,10230,3392,4.2044954810921,1.39410055443445,7,13622,fhi:git
county,Troms og Finnmark,2021-02-14,0,0,10230,3392,4.2044954810921,1.39410055443445,0,13622,fhi:git
county,Troms og Finnmark,2021-02-15,0,6,10230,3398,4.2044954810921,1.39656653418875,6,13628,fhi:git
county,Troms og Finnmark,2021-02-16,131,52,10361,3450,4.2583360390611205,1.41793835872608,183,13811,fhi:git
county,Troms og Finnmark,2021-02-17,958,581,11319,4031,4.6520708064986795,1.6567273982680601,1539,15350,fhi:git
county,Troms og Finnmark,2021-02-18,1282,262,12601,4293,5.17896848066877,1.7644085142061001,1544,16894,fhi:git
county,Troms og Finnmark,2021-02-19,234,132,12835,4425,5.27514169108672,1.81866006880084,366,17260,fhi:git
county,Troms og Finnmark,2021-02-20,0,0,12835,4425,5.27514169108672,1.81866006880084,0,17260,fhi:git
county,Troms og Finnmark,2021-02-21,0,0,12835,4425,5.27514169108672,1.81866006880084,0,17260,fhi:git
county,Troms og Finnmark,2021-02-22,107,0,12942,4425,5.31911833003851,1.81866006880084,107,17367,fhi:git
county,Troms og Finnmark,2021-02-23,79,78,13021,4503,5.35158706347021,1.85071780560682,157,17524,fhi:git
county,Troms og Finnmark,2021-02-24,409,983,13430,5486,5.519684683388751,2.25472748868732,1392,18916,fhi:git
county,Troms og Finnmark,2021-02-25,567,1051,13997,6537,5.752719770170691,2.6866849423166204,1618,20534,fhi:git
county,Troms og Finnmark,2021-02-26,154,403,14151,6940,5.81601325053121,2.8523165824808596,557,21091,fhi:git
county,Troms og Finnmark,2021-02-27,0,0,14151,6940,5.81601325053121,2.8523165824808596,0,21091,fhi:git
county,Troms og Finnmark,2021-02-28,3,0,14154,6940,5.8172462404083705,2.8523165824808596,3,21094,fhi:git
county,Troms og Finnmark,2021-03-01,319,0,14473,6940,5.94835416401231,2.8523165824808596,319,21413,fhi:git
county,Troms og Finnmark,2021-03-02,539,72,15012,7012,6.16988134527416,2.88190833953253,611,22024,fhi:git
county,Troms og Finnmark,2021-03-03,331,1177,15343,8189,6.305921228386719,3.3656513680022697,1508,23532,fhi:git
county,Troms og Finnmark,2021-03-04,646,852,15989,9041,6.571425048600349,3.71582049311375,1498,25030,fhi:git
nation,Norge,2020-12-27,5,0,5,0,9.31518486915891e-05,0.0,5,5,fhi:git
nation,Norge,2020-12-28,603,0,608,0,0.0113272648008972,0.0,603,608,fhi:git
nation,Norge,2020-12-29,1067,0,1675,0,0.0312058693116824,0.0,1067,1675,fhi:git
nation,Norge,2020-12-30,424,0,2099,0,0.0391051460807291,0.0,424,2099,fhi:git
nation,Norge,2020-12-31,72,0,2171,0,0.040446532701888,0.0,72,2171,fhi:git
nation,Norge,2021-01-01,6,0,2177,0,0.0405583149203179,0.0,6,2177,fhi:git
nation,Norge,2021-01-02,0,0,2177,0,0.0405583149203179,0.0,0,2177,fhi:git
nation,Norge,2021-01-03,3,0,2180,0,0.0406142060295329,0.0,3,2180,fhi:git
nation,Norge,2021-01-04,6,0,2186,0,0.040546287965079,0.0,6,2186,fhi:git
nation,Norge,2021-01-05,3384,0,5570,0,0.10331327720287699,0.0,3384,5570,fhi:git
nation,Norge,2021-01-06,9063,0,14633,0,0.271415293592407,0.0,9063,14633,fhi:git
nation,Norge,2021-01-07,6572,0,21205,0,0.39331383179300106,0.0,6572,21205,fhi:git
nation,Norge,2021-01-08,1616,0,22821,0,0.4232876658971029,0.0,1616,22821,fhi:git
nation,Norge,2021-01-09,134,0,22955,0,0.42577311996266604,0.0,134,22955,fhi:git
nation,Norge,2021-01-10,107,0,23062,0,0.427757773582183,0.0,107,23062,fhi:git
nation,Norge,2021-01-11,350,0,23412,0,0.43424963121611604,0.0,350,23412,fhi:git
nation,Norge,2021-01-12,4254,0,27666,0,0.513153523715405,0.0,4254,27666,fhi:git
nation,Norge,2021-01-13,9773,0,37439,0,0.694424737019484,0.0,9773,37439,fhi:git
nation,Norge,2021-01-14,8471,0,45910,0,0.8515462399253321,0.0,8471,45910,fhi:git
nation,Norge,2021-01-15,4471,0,50381,0,0.93447508415766,0.0,4471,50381,fhi:git
nation,Norge,2021-01-16,744,0,51125,0,0.948274918670935,0.0,744,51125,fhi:git
nation,Norge,2021-01-17,345,5,51470,5,0.9546740354815259,9.27408233419007e-05,350,51475,fhi:git
nation,Norge,2021-01-18,1282,283,52752,288,0.9784527825863901,0.00534187142449348,1565,53040,fhi:git
nation,Norge,2021-01-19,4584,771,57336,1059,1.06347756942624,0.0196425063838146,5355,58395,fhi:git
nation,Norge,2021-01-20,10045,693,67381,1752,1.24979388352012,0.032496384499002,10738,69133,fhi:git
nation,Norge,2021-01-21,8424,168,75805,1920,1.4060436226865602,0.0356124761632899,8592,77725,fhi:git
nation,Norge,2021-01-22,3308,7,79113,1927,1.46740095140956,0.0357423133159685,3315,81040,fhi:git
nation,Norge,2021-01-23,357,0,79470,1927,1.4740226461961699,0.0357423133159685,357,81397,fhi:git
nation,Norge,2021-01-24,67,0,79537,1927,1.4752653732289498,0.0357423133159685,67,81464,fhi:git
nation,Norge,2021-01-25,577,0,80114,1927,1.48596766424261,0.0357423133159685,577,82041,fhi:git
nation,Norge,2021-01-26,2273,2140,82387,4067,1.52812764253384,0.0754353857063021,4413,86454,fhi:git
nation,Norge,2021-01-27,11370,7525,93757,11592,1.73902027481332,0.215010324835863,18895,105349,fhi:git
nation,Norge,2021-01-28,10861,6546,104618,18138,1.9404718912765901,0.336426610755079,17407,122756,fhi:git
nation,Norge,2021-01-29,3797,2099,108415,20237,2.0108992725224297,0.37535920839400894,5896,128652,fhi:git
nation,Norge,2021-01-30,139,171,108554,20408,2.0134774674113403,0.37853094455230196,310,128962,fhi:git
nation,Norge,2021-01-31,92,50,108646,20458,2.01518389856083,0.379458352785721,142,129104,fhi:git
nation,Norge,2021-02-01,193,300,108839,20758,2.01876369434183,0.38502280218623497,493,129597,fhi:git
nation,Norge,2021-02-02,6335,3137,115174,23895,2.13626631751602,0.443208394750944,9472,139069,fhi:git
nation,Norge,2021-02-03,24989,8303,140163,32198,2.59976640441417,0.5972138059925041,33292,172361,fhi:git
nation,Norge,2021-02-04,25912,8586,166075,40784,3.0803864473012297,0.7564683478352159,34498,206859,fhi:git
nation,Norge,2021-02-05,10602,4826,176677,45610,3.2770340891153995,0.845981790524819,15428,222287,fhi:git
nation,Norge,2021-02-06,802,735,177479,46345,3.29190971717944,0.8596146915560781,1537,223824,fhi:git
nation,Norge,2021-02-07,320,294,177799,46639,3.29784512987332,0.8650678519685819,614,224438,fhi:git
nation,Norge,2021-02-08,118,923,177917,47562,3.30003381330419,0.8821878079574971,1041,225479,fhi:git
nation,Norge,2021-02-09,5521,3234,183438,50796,3.40243823043832,0.9421725724950379,8755,234234,fhi:git
nation,Norge,2021-02-10,22793,8592,206231,59388,3.82520654772471,1.10153840332576,31385,265619,fhi:git
nation,Norge,2021-02-11,20865,8531,227096,67919,4.21221400353046,1.25977279611171,29396,295015,fhi:git
nation,Norge,2021-02-12,8015,3592,235111,71511,4.36087754334752,1.32639780360053,11607,306622,fhi:git
nation,Norge,2021-02-13,889,303,236000,71814,4.37736686173771,1.33201789749505,1192,307814,fhi:git
nation,Norge,2021-02-14,110,2,236110,71816,4.37940715985124,1.33205499382439,112,307926,fhi:git
nation,Norge,2021-02-15,798,748,236908,72564,4.3942085952566,1.3459290209963402,1546,309472,fhi:git
nation,Norge,2021-02-16,5909,2167,242817,74731,4.503809700282059,1.38612289383272,8076,317548,fhi:git
nation,Norge,2021-02-17,21483,10118,264300,84849,4.90227992185287,1.57379322394739,31601,349149,fhi:git
nation,Norge,2021-02-18,18651,10760,282951,95609,5.24822174108283,1.7733714757791599,29411,378560,fhi:git
nation,Norge,2021-02-19,10686,4778,293637,100387,5.446427428729139,1.86199460656468,15464,394024,fhi:git
nation,Norge,2021-02-20,479,162,294116,100549,5.455311999605299,1.8649994092409599,641,394665,fhi:git
nation,Norge,2021-02-21,58,91,294174,100640,5.45638779315606,1.8666872922257798,149,394814,fhi:git
nation,Norge,2021-02-22,2525,136,296699,100776,5.50322190894372,1.86920984262068,2661,397475,fhi:git
nation,Norge,2021-02-23,5616,5181,302315,105957,5.60738840172134,1.9653078837675602,10797,408272,fhi:git
nation,Norge,2021-02-24,10232,22075,312547,128032,5.79717322260821,2.37475861882205,32307,440579,fhi:git
nation,Norge,2021-02-25,10619,24868,323166,152900,5.994136183221741,2.8360143777953195,35487,476066,fhi:git
nation,Norge,2021-02-26,7711,9834,330877,162734,6.13716108097962,3.0184170291441696,17545,493611,fhi:git
nation,Norge,2021-02-27,440,188,331317,162922,6.1453222734337105,3.02190408410183,628,494239,fhi:git
nation,Norge,2021-02-28,536,151,331853,163073,6.15526408969596,3.0247048569667596,687,494926,fhi:git
nation,Norge,2021-03-01,5506,60,337359,163133,6.257390284360059,3.02581774684686,5566,500492,fhi:git
nation,Norge,2021-03-02,9807,3760,347166,166893,6.4392921352628605,3.0955588459999706,13567,514059,fhi:git
nation,Norge,2021-03-03,16036,16984,363202,183877,6.736730503885009,3.4105808747277404,33020,547079,fhi:git
nation,Norge,2021-03-04,14364,16798,377566,200675,7.0031563411816204,3.72215294482719,31162,578241,fhi:git
