granularity_geo,location_name,date,new_dose_1,new_dose_2,total_dose_1,total_dose_2,total_pr100_dose_1,total_pr100_dose_2,new_doses,total_doses,source
county,Oslo,2020-12-27,5,0,5,0,0.00072098677133472,0.0,5,5,fhi:git
county,Oslo,2020-12-28,264,0,269,0,0.0387890882978079,0.0,264,269,fhi:git
county,Oslo,2020-12-29,118,0,387,0,0.0558043761013073,0.0,118,387,fhi:git
county,Oslo,2020-12-30,58,0,445,0,0.06416782264879001,0.0,58,445,fhi:git
county,Oslo,2020-12-31,5,0,450,0,0.0648888094201248,0.0,5,450,fhi:git
county,Oslo,2021-01-01,6,0,456,0,0.0657539935457264,0.0,6,456,fhi:git
county,Oslo,2021-01-02,0,0,456,0,0.0657539935457264,0.0,0,456,fhi:git
county,Oslo,2021-01-03,0,0,456,0,0.0657539935457264,0.0,0,456,fhi:git
county,Oslo,2021-01-04,0,0,456,0,0.0657539935457264,0.0,0,456,fhi:git
county,Oslo,2021-01-05,480,0,936,0,0.13496872359386,0.0,480,936,fhi:git
county,Oslo,2021-01-06,605,0,1541,0,0.22220812292536102,0.0,605,1541,fhi:git
county,Oslo,2021-01-07,967,0,2508,0,0.36164696450149497,0.0,967,2508,fhi:git
county,Oslo,2021-01-08,449,0,2957,0,0.42639157656735294,0.0,449,2957,fhi:git
county,Oslo,2021-01-09,126,0,3083,0,0.44456044320498794,0.0,126,3083,fhi:git
county,Oslo,2021-01-10,100,0,3183,0,0.458980178631683,0.0,100,3183,fhi:git
county,Oslo,2021-01-11,76,0,3259,0,0.46993917755597,0.0,76,3259,fhi:git
county,Oslo,2021-01-12,240,0,3499,0,0.5045465425800371,0.0,240,3499,fhi:git
county,Oslo,2021-01-13,487,0,3986,0,0.574770654108038,0.0,487,3986,fhi:git
county,Oslo,2021-01-14,1234,0,5220,0,0.7527101892734469,0.0,1234,5220,fhi:git
county,Oslo,2021-01-15,1639,0,6859,0,0.989049652916968,0.0,1639,6859,fhi:git
county,Oslo,2021-01-16,643,0,7502,0,1.08176855171061,0.0,643,7502,fhi:git
county,Oslo,2021-01-17,274,5,7776,5,1.1212786267797599,0.00072098677133472,279,7781,fhi:git
county,Oslo,2021-01-18,764,231,8540,236,1.2314454054397,0.0340305756069988,995,8776,fhi:git
county,Oslo,2021-01-19,807,69,9347,305,1.3478126703331201,0.0439801930514179,876,9652,fhi:git
county,Oslo,2021-01-20,987,99,10334,404,1.4901354589946,0.0582557311238453,1086,10738,fhi:git
county,Oslo,2021-01-21,1017,21,11351,425,1.63678416828408,0.0612838755634512,1038,11776,fhi:git
county,Oslo,2021-01-22,668,6,12019,431,1.7331080009344,0.0621490596890528,674,12450,fhi:git
county,Oslo,2021-01-23,232,0,12251,431,1.7665617871243302,0.0621490596890528,232,12682,fhi:git
county,Oslo,2021-01-24,65,0,12316,431,1.7759346151516797,0.0621490596890528,65,12747,fhi:git
county,Oslo,2021-01-25,258,0,12574,431,1.81313753255255,0.0621490596890528,258,13005,fhi:git
county,Oslo,2021-01-26,314,403,12888,834,1.85841550179237,0.12026059345863101,717,13722,fhi:git
county,Oslo,2021-01-27,996,528,13884,1362,2.0020360666422503,0.19639679651157801,1524,15246,fhi:git
county,Oslo,2021-01-28,836,842,14720,2204,2.12258505480941,0.31781096880434395,1678,16924,fhi:git
county,Oslo,2021-01-29,410,501,15130,2705,2.1817059700588604,0.3900538432920829,911,17835,fhi:git
county,Oslo,2021-01-30,92,149,15222,2854,2.19497212665142,0.41153924907785794,241,18076,fhi:git
county,Oslo,2021-01-31,60,45,15282,2899,2.20362396790744,0.41802813001987005,105,18181,fhi:git
county,Oslo,2021-02-01,52,46,15334,2945,2.2111222303293196,0.42466120831615,98,18279,fhi:git
county,Oslo,2021-02-02,1500,149,16834,3094,2.42741826172973,0.44614661410192497,1649,19928,fhi:git
county,Oslo,2021-02-03,2299,456,19133,3550,2.75892797918944,0.511900607647651,2755,22683,fhi:git
county,Oslo,2021-02-04,1993,1222,21126,4772,3.04631330624346,0.688109774561856,3215,25898,fhi:git
county,Oslo,2021-02-05,1321,1555,22447,6327,3.2367980112300896,0.912336660446954,2876,28774,fhi:git
county,Oslo,2021-02-06,234,631,22681,6958,3.2705401921285597,1.0033251909894,865,29639,fhi:git
county,Oslo,2021-02-07,212,268,22893,7226,3.30111003123315,1.0419700819329398,480,30119,fhi:git
county,Oslo,2021-02-08,45,439,22938,7665,3.30759891217516,1.10527272045613,484,30603,fhi:git
county,Oslo,2021-02-09,1088,240,24026,7905,3.46448563361759,1.1398800854801898,1328,31931,fhi:git
county,Oslo,2021-02-10,1757,652,25783,8557,3.7178403850646204,1.23389676046224,2409,34340,fhi:git
county,Rogaland,2020-12-27,0,0,0,0,0.0,0.0,0,0,fhi:git
county,Rogaland,2020-12-28,1,0,1,0,0.00020838021888258202,0.0,1,1,fhi:git
county,Rogaland,2020-12-29,0,0,1,0,0.00020838021888258202,0.0,0,1,fhi:git
county,Rogaland,2020-12-30,0,0,1,0,0.00020838021888258202,0.0,0,1,fhi:git
county,Rogaland,2020-12-31,0,0,1,0,0.00020838021888258202,0.0,0,1,fhi:git
county,Rogaland,2021-01-01,0,0,1,0,0.00020838021888258202,0.0,0,1,fhi:git
county,Rogaland,2021-01-02,0,0,1,0,0.00020838021888258202,0.0,0,1,fhi:git
county,Rogaland,2021-01-03,0,0,1,0,0.00020838021888258202,0.0,0,1,fhi:git
county,Rogaland,2021-01-04,0,0,1,0,0.00020838021888258202,0.0,0,1,fhi:git
county,Rogaland,2021-01-05,548,0,549,0,0.11440074016653698,0.0,548,549,fhi:git
county,Rogaland,2021-01-06,641,0,1190,0,0.24797246047027302,0.0,641,1190,fhi:git
county,Rogaland,2021-01-07,211,0,1401,0,0.291940686654497,0.0,211,1401,fhi:git
county,Rogaland,2021-01-08,20,0,1421,0,0.296108291032149,0.0,20,1421,fhi:git
county,Rogaland,2021-01-09,1,0,1422,0,0.296316671251032,0.0,1,1422,fhi:git
county,Rogaland,2021-01-10,0,0,1422,0,0.296316671251032,0.0,0,1422,fhi:git
county,Rogaland,2021-01-11,1,0,1423,0,0.29652505146991404,0.0,1,1423,fhi:git
county,Rogaland,2021-01-12,128,0,1551,0,0.32319771948688497,0.0,128,1551,fhi:git
county,Rogaland,2021-01-13,761,0,2312,0,0.481775066056529,0.0,761,2312,fhi:git
county,Rogaland,2021-01-14,525,0,2837,0,0.591174680969885,0.0,525,2837,fhi:git
county,Rogaland,2021-01-15,289,0,3126,0,0.651396564226951,0.0,289,3126,fhi:git
county,Rogaland,2021-01-16,0,0,3126,0,0.651396564226951,0.0,0,3126,fhi:git
county,Rogaland,2021-01-17,0,0,3126,0,0.651396564226951,0.0,0,3126,fhi:git
county,Rogaland,2021-01-18,71,0,3197,0,0.666191559767614,0.0,71,3197,fhi:git
county,Rogaland,2021-01-19,511,0,3708,0,0.7726738516166141,0.0,511,3708,fhi:git
county,Rogaland,2021-01-20,618,0,4326,0,0.9014528268860491,0.0,618,4326,fhi:git
county,Rogaland,2021-01-21,424,0,4750,0,0.989806039692264,0.0,424,4750,fhi:git
county,Rogaland,2021-01-22,266,0,5016,0,1.04523517791503,0.0,266,5016,fhi:git
county,Rogaland,2021-01-23,0,0,5016,0,1.04523517791503,0.0,0,5016,fhi:git
county,Rogaland,2021-01-24,0,0,5016,0,1.04523517791503,0.0,0,5016,fhi:git
county,Rogaland,2021-01-25,149,0,5165,0,1.07628383052854,0.0,149,5165,fhi:git
county,Rogaland,2021-01-26,338,381,5503,381,1.1467163445108501,0.0793928633942637,719,5884,fhi:git
county,Rogaland,2021-01-27,835,600,6338,981,1.3207138272778,0.204420994723813,1435,7319,fhi:git
county,Rogaland,2021-01-28,521,282,6859,1263,1.4292799213156298,0.26318421644870105,803,8122,fhi:git
county,Rogaland,2021-01-29,407,22,7266,1285,1.51409067040084,0.267768581264118,429,8551,fhi:git
county,Rogaland,2021-01-30,2,1,7268,1286,1.5145074308386102,0.267976961483,3,8554,fhi:git
county,Rogaland,2021-01-31,0,0,7268,1286,1.5145074308386102,0.267976961483,0,8554,fhi:git
county,Rogaland,2021-02-01,12,5,7280,1291,1.5170079934652,0.269018862577413,17,8571,fhi:git
county,Rogaland,2021-02-02,442,75,7722,1366,1.6091120502112999,0.284647378993607,517,9088,fhi:git
county,Rogaland,2021-02-03,2383,646,10105,2012,2.10568211180849,0.419261000391755,3029,12117,fhi:git
county,Rogaland,2021-02-04,1828,544,11933,2556,2.4866011519258504,0.5326198394638789,2372,14489,fhi:git
county,Rogaland,2021-02-05,649,273,12582,2829,2.62183991398065,0.589507639218824,922,15411,fhi:git
county,Rogaland,2021-02-06,0,0,12582,2829,2.62183991398065,0.589507639218824,0,15411,fhi:git
county,Rogaland,2021-02-07,0,0,12582,2829,2.62183991398065,0.589507639218824,0,15411,fhi:git
county,Rogaland,2021-02-08,6,71,12588,2900,2.62309019529394,0.6043026347594879,77,15488,fhi:git
county,Rogaland,2021-02-09,561,387,13149,3287,2.73999149808707,0.684945779467047,948,16436,fhi:git
county,Rogaland,2021-02-10,1701,556,14850,3843,3.0944462504063397,0.800805181165762,2257,18693,fhi:git
county,Møre og Romsdal,2020-12-27,0,0,0,0,0.0,0.0,0,0,fhi:git
county,Møre og Romsdal,2020-12-28,0,0,0,0,0.0,0.0,0,0,fhi:git
county,Møre og Romsdal,2020-12-29,0,0,0,0,0.0,0.0,0,0,fhi:git
county,Møre og Romsdal,2020-12-30,0,0,0,0,0.0,0.0,0,0,fhi:git
county,Møre og Romsdal,2020-12-31,0,0,0,0,0.0,0.0,0,0,fhi:git
county,Møre og Romsdal,2021-01-01,0,0,0,0,0.0,0.0,0,0,fhi:git
county,Møre og Romsdal,2021-01-02,0,0,0,0,0.0,0.0,0,0,fhi:git
county,Møre og Romsdal,2021-01-03,0,0,0,0,0.0,0.0,0,0,fhi:git
county,Møre og Romsdal,2021-01-04,0,0,0,0,0.0,0.0,0,0,fhi:git
county,Møre og Romsdal,2021-01-05,186,0,186,0,0.0701256984293352,0.0,186,186,fhi:git
county,Møre og Romsdal,2021-01-06,497,0,683,0,0.257504580791591,0.0,497,683,fhi:git
county,Møre og Romsdal,2021-01-07,457,0,1140,0,0.429802667792699,0.0,457,1140,fhi:git
county,Møre og Romsdal,2021-01-08,35,0,1175,0,0.442998363733703,0.0,35,1175,fhi:git
county,Møre og Romsdal,2021-01-09,1,0,1176,0,0.4433753836177321,0.0,1,1176,fhi:git
county,Møre og Romsdal,2021-01-10,0,0,1176,0,0.4433753836177321,0.0,0,1176,fhi:git
county,Møre og Romsdal,2021-01-11,1,0,1177,0,0.443752403501761,0.0,1,1177,fhi:git
county,Møre og Romsdal,2021-01-12,227,0,1404,0,0.529335917176272,0.0,227,1404,fhi:git
county,Møre og Romsdal,2021-01-13,387,0,1791,0,0.6752426122953721,0.0,387,1791,fhi:git
county,Møre og Romsdal,2021-01-14,410,0,2201,0,0.829820764747133,0.0,410,2201,fhi:git
county,Møre og Romsdal,2021-01-15,152,0,2353,0,0.8871277871194929,0.0,152,2353,fhi:git
county,Møre og Romsdal,2021-01-16,1,0,2354,0,0.887504807003522,0.0,1,2354,fhi:git
county,Møre og Romsdal,2021-01-17,1,0,2355,0,0.88788182688755,0.0,1,2355,fhi:git
county,Møre og Romsdal,2021-01-18,11,0,2366,0,0.892029045611866,0.0,11,2366,fhi:git
county,Møre og Romsdal,2021-01-19,180,0,2546,0,0.9598926247370291,0.0,180,2546,fhi:git
county,Møre og Romsdal,2021-01-20,494,0,3040,0,1.1461404474472,0.0,494,3040,fhi:git
county,Møre og Romsdal,2021-01-21,759,0,3799,0,1.4322985394249699,0.0,759,3799,fhi:git
county,Møre og Romsdal,2021-01-22,211,0,4010,0,1.51184973495502,0.0,211,4010,fhi:git
county,Møre og Romsdal,2021-01-23,0,0,4010,0,1.51184973495502,0.0,0,4010,fhi:git
county,Møre og Romsdal,2021-01-24,0,0,4010,0,1.51184973495502,0.0,0,4010,fhi:git
county,Møre og Romsdal,2021-01-25,3,0,4013,0,1.51298079460711,0.0,3,4013,fhi:git
county,Møre og Romsdal,2021-01-26,78,129,4091,129,1.54238834556135,0.0486355650397002,207,4220,fhi:git
county,Møre og Romsdal,2021-01-27,521,357,4612,486,1.73881570514029,0.18323166363794,878,5098,fhi:git
county,Møre og Romsdal,2021-01-28,475,508,5087,994,1.9179001500539101,0.374757764724512,983,6081,fhi:git
county,Møre og Romsdal,2021-01-29,90,77,5177,1071,1.9518319396165,0.40378829579472,167,6248,fhi:git
county,Møre og Romsdal,2021-01-30,0,1,5177,1072,1.9518319396165,0.4041653156787489,1,6249,fhi:git
county,Møre og Romsdal,2021-01-31,0,0,5177,1072,1.9518319396165,0.4041653156787489,0,6249,fhi:git
county,Møre og Romsdal,2021-02-01,0,0,5177,1072,1.9518319396165,0.4041653156787489,0,6249,fhi:git
county,Møre og Romsdal,2021-02-02,279,195,5456,1267,2.0570204872605,0.47768419306434207,474,6723,fhi:git
county,Møre og Romsdal,2021-02-03,1038,312,6494,1579,2.4483671268822698,0.5953143968812921,1350,8073,fhi:git
county,Møre og Romsdal,2021-02-04,1438,463,7932,2042,2.99052172011552,0.7698746031865721,1901,9974,fhi:git
county,Møre og Romsdal,2021-02-05,201,150,8133,2192,3.06630271680528,0.8264275857908749,351,10325,fhi:git
county,Møre og Romsdal,2021-02-06,1,2,8134,2194,3.06667973668931,0.8271816255589319,3,10328,fhi:git
county,Møre og Romsdal,2021-02-07,0,1,8134,2195,3.06667973668931,0.827558645442961,1,10329,fhi:git
county,Møre og Romsdal,2021-02-08,0,2,8134,2197,3.06667973668931,0.8283126852110179,2,10331,fhi:git
county,Møre og Romsdal,2021-02-09,250,154,8384,2351,3.16093470769648,0.8863737473514351,404,10735,fhi:git
county,Møre og Romsdal,2021-02-10,873,313,9257,2664,3.4900730664535202,1.00438097105241,1186,11921,fhi:git
county,Nordland,2020-12-27,0,0,0,0,0.0,0.0,0,0,fhi:git
county,Nordland,2020-12-28,0,0,0,0,0.0,0.0,0,0,fhi:git
county,Nordland,2020-12-29,0,0,0,0,0.0,0.0,0,0,fhi:git
county,Nordland,2020-12-30,1,0,1,0,0.00041453354612722,0.0,1,1,fhi:git
county,Nordland,2020-12-31,0,0,1,0,0.00041453354612722,0.0,0,1,fhi:git
county,Nordland,2021-01-01,0,0,1,0,0.00041453354612722,0.0,0,1,fhi:git
county,Nordland,2021-01-02,0,0,1,0,0.00041453354612722,0.0,0,1,fhi:git
county,Nordland,2021-01-03,0,0,1,0,0.00041453354612722,0.0,0,1,fhi:git
county,Nordland,2021-01-04,0,0,1,0,0.00041453354612722,0.0,0,1,fhi:git
county,Nordland,2021-01-05,200,0,201,0,0.0833212427715713,0.0,200,201,fhi:git
county,Nordland,2021-01-06,687,0,888,0,0.36810578896097207,0.0,687,888,fhi:git
county,Nordland,2021-01-07,238,0,1126,0,0.46676477293925,0.0,238,1126,fhi:git
county,Nordland,2021-01-08,115,0,1241,0,0.5144361307438811,0.0,115,1241,fhi:git
county,Nordland,2021-01-09,0,0,1241,0,0.5144361307438811,0.0,0,1241,fhi:git
county,Nordland,2021-01-10,0,0,1241,0,0.5144361307438811,0.0,0,1241,fhi:git
county,Nordland,2021-01-11,0,0,1241,0,0.5144361307438811,0.0,0,1241,fhi:git
county,Nordland,2021-01-12,291,0,1532,0,0.635065392666902,0.0,291,1532,fhi:git
county,Nordland,2021-01-13,626,0,2158,0,0.8945633925425419,0.0,626,2158,fhi:git
county,Nordland,2021-01-14,273,0,2431,0,1.0077310506352701,0.0,273,2431,fhi:git
county,Nordland,2021-01-15,69,0,2500,0,1.03633386531805,0.0,69,2500,fhi:git
county,Nordland,2021-01-16,0,0,2500,0,1.03633386531805,0.0,0,2500,fhi:git
county,Nordland,2021-01-17,0,0,2500,0,1.03633386531805,0.0,0,2500,fhi:git
county,Nordland,2021-01-18,0,0,2500,0,1.03633386531805,0.0,0,2500,fhi:git
county,Nordland,2021-01-19,313,0,2813,0,1.1660828652558701,0.0,313,2813,fhi:git
county,Nordland,2021-01-20,784,0,3597,0,1.4910771654196102,0.0,784,3597,fhi:git
county,Nordland,2021-01-21,613,0,4210,0,1.7451862291956002,0.0,613,4210,fhi:git
county,Nordland,2021-01-22,167,0,4377,0,1.81441333139884,0.0,167,4377,fhi:git
county,Nordland,2021-01-23,1,0,4378,0,1.81482786494497,0.0,1,4378,fhi:git
county,Nordland,2021-01-24,0,0,4378,0,1.81482786494497,0.0,0,4378,fhi:git
county,Nordland,2021-01-25,51,0,4429,0,1.83596907579746,0.0,51,4429,fhi:git
county,Nordland,2021-01-26,96,90,4525,90,1.87576429622567,0.0373080191514498,186,4615,fhi:git
county,Nordland,2021-01-27,625,529,5150,619,2.13484776255519,0.256596265052749,1154,5769,fhi:git
county,Nordland,2021-01-28,469,365,5619,984,2.32926399568885,0.407901009389185,834,6603,fhi:git
county,Nordland,2021-01-29,207,145,5826,1129,2.41507243973719,0.46800837357763203,352,6955,fhi:git
county,Nordland,2021-01-30,0,0,5826,1129,2.41507243973719,0.46800837357763203,0,6955,fhi:git
county,Nordland,2021-01-31,0,0,5826,1129,2.41507243973719,0.46800837357763203,0,6955,fhi:git
county,Nordland,2021-02-01,9,4,5835,1133,2.41880324165233,0.46966650776214103,13,6968,fhi:git
county,Nordland,2021-02-02,102,199,5937,1332,2.46108566335731,0.552158683441458,301,7269,fhi:git
county,Nordland,2021-02-03,1310,420,7247,1752,3.0041246087839704,0.72626277281489,1730,8999,fhi:git
county,Nordland,2021-02-04,1564,321,8811,2073,3.65245507492694,0.859328041121728,1885,10884,fhi:git
county,Nordland,2021-02-05,322,122,9133,2195,3.7859348767799004,0.909901133749249,444,11328,fhi:git
county,Nordland,2021-02-06,0,0,9133,2195,3.7859348767799004,0.909901133749249,0,11328,fhi:git
county,Nordland,2021-02-07,1,0,9134,2195,3.7863494103260296,0.909901133749249,1,11329,fhi:git
county,Nordland,2021-02-08,6,1,9140,2196,3.7888366116027896,0.9103156672953759,7,11336,fhi:git
county,Nordland,2021-02-09,61,225,9201,2421,3.81412315791656,1.003585715174,286,11622,fhi:git
county,Nordland,2021-02-10,1469,465,10670,2886,4.423072937177441,1.19634381412316,1934,13556,fhi:git
county,Viken,2020-12-27,0,0,0,0,0.0,0.0,0,0,fhi:git
county,Viken,2020-12-28,64,0,64,0,0.0051564457586219395,0.0,64,64,fhi:git
county,Viken,2020-12-29,690,0,754,0,0.0607493765937647,0.0,690,754,fhi:git
county,Viken,2020-12-30,216,0,970,0,0.0781523810291138,0.0,216,970,fhi:git
county,Viken,2020-12-31,67,0,1037,0,0.0835505351826711,0.0,67,1037,fhi:git
county,Viken,2021-01-01,0,0,1037,0,0.0835505351826711,0.0,0,1037,fhi:git
county,Viken,2021-01-02,0,0,1037,0,0.0835505351826711,0.0,0,1037,fhi:git
county,Viken,2021-01-03,0,0,1037,0,0.0835505351826711,0.0,0,1037,fhi:git
county,Viken,2021-01-04,0,0,1037,0,0.0835505351826711,0.0,0,1037,fhi:git
county,Viken,2021-01-05,524,0,1561,0,0.12576893483138799,0.0,524,1561,fhi:git
county,Viken,2021-01-06,1644,0,3205,0,0.258225135255989,0.0,1644,3205,fhi:git
county,Viken,2021-01-07,1916,0,5121,0,0.412596230154734,0.0,1916,5121,fhi:git
county,Viken,2021-01-08,279,0,5400,0,0.435075110883726,0.0,279,5400,fhi:git
county,Viken,2021-01-09,6,0,5406,0,0.43555852767359704,0.0,6,5406,fhi:git
county,Viken,2021-01-10,5,0,5411,0,0.435961374998489,0.0,5,5411,fhi:git
county,Viken,2021-01-11,55,0,5466,0,0.44039269557230504,0.0,55,5466,fhi:git
county,Viken,2021-01-12,785,0,6251,0,0.503639725580402,0.0,785,6251,fhi:git
county,Viken,2021-01-13,1935,0,8186,0,0.659541640313738,0.0,1935,8186,fhi:git
county,Viken,2021-01-14,1951,0,10137,0,0.816732666486728,0.0,1951,10137,fhi:git
county,Viken,2021-01-15,1042,0,11179,0,0.900686048994292,0.0,1042,11179,fhi:git
county,Viken,2021-01-16,85,0,11264,0,0.907534453517462,0.0,85,11264,fhi:git
county,Viken,2021-01-17,22,0,11286,0,0.9093069817469879,0.0,22,11286,fhi:git
county,Viken,2021-01-18,141,51,11427,51,0.920667276308952,0.00410904271390186,192,11478,fhi:git
county,Viken,2021-01-19,642,380,12069,431,0.972392872825128,0.0347254394057196,1022,12500,fhi:git
county,Viken,2021-01-20,1487,341,13556,772,1.09219966724811,0.0621996269633771,1828,14328,fhi:git
county,Viken,2021-01-21,1971,99,15527,871,1.25100208272067,0.0701760039962455,2070,16398,fhi:git
county,Viken,2021-01-22,803,1,16330,872,1.3156993630983798,0.0702565734612239,804,17202,fhi:git
county,Viken,2021-01-23,97,0,16427,872,1.32351460120129,0.0702565734612239,97,17299,fhi:git
county,Viken,2021-01-24,0,0,16427,872,1.32351460120129,0.0702565734612239,0,17299,fhi:git
county,Viken,2021-01-25,59,0,16486,872,1.32826819963502,0.0702565734612239,59,17358,fhi:git
county,Viken,2021-01-26,554,391,17040,1263,1.37290368323309,0.10175923426780499,945,18303,fhi:git
county,Viken,2021-01-27,1901,1135,18941,2398,1.5260662361571598,0.19320557701836605,3036,21339,fhi:git
county,Viken,2021-01-28,3087,1704,22028,4102,1.7747841745456898,0.330495945341675,4791,26130,fhi:git
county,Viken,2021-01-29,1028,417,23056,4519,1.85760958454355,0.36409341223769603,1445,27575,fhi:git
county,Viken,2021-01-30,4,17,23060,4536,1.85793186240347,0.36546309314233005,21,27596,fhi:git
county,Viken,2021-01-31,0,3,23060,4539,1.85793186240347,0.36570480153726503,3,27599,fhi:git
county,Viken,2021-02-01,13,45,23073,4584,1.85897926544819,0.369330427461296,58,27657,fhi:git
county,Viken,2021-02-02,945,683,24018,5267,1.93511740985284,0.42435937204158997,1628,29285,fhi:git
county,Viken,2021-02-03,4490,1679,28508,6946,2.29687430760616,0.559635503740437,6169,35454,fhi:git
county,Viken,2021-02-04,6469,1716,34977,8662,2.8180781765518703,0.6978927056434878,8185,43639,fhi:git
county,Viken,2021-02-05,3008,1060,37985,9722,3.0604311272071003,0.7832963385206642,4068,47707,fhi:git
county,Viken,2021-02-06,37,85,38022,9807,3.0634121974112998,0.7901447430438341,122,47829,fhi:git
county,Viken,2021-02-07,15,19,38037,9826,3.0646207393859797,0.7916755628784251,34,47863,fhi:git
county,Viken,2021-02-08,17,95,38054,9921,3.0659904202906096,0.7993296620513791,112,47975,fhi:git
county,Viken,2021-02-09,722,525,38776,10446,3.1241615740050697,0.841628631165075,1247,49222,fhi:git
county,Viken,2021-02-10,2650,1155,41426,11601,3.33767065619801,0.9346863632152049,3805,53027,fhi:git
county,Innlandet,2020-12-27,0,0,0,0,0.0,0.0,0,0,fhi:git
county,Innlandet,2020-12-28,271,0,271,0,0.07297009841539098,0.0,271,271,fhi:git
county,Innlandet,2020-12-29,260,0,531,0,0.142978310917242,0.0,260,531,fhi:git
county,Innlandet,2020-12-30,149,0,680,0,0.18309840192791801,0.0,149,680,fhi:git
county,Innlandet,2020-12-31,0,0,680,0,0.18309840192791801,0.0,0,680,fhi:git
county,Innlandet,2021-01-01,0,0,680,0,0.18309840192791801,0.0,0,680,fhi:git
county,Innlandet,2021-01-02,0,0,680,0,0.18309840192791801,0.0,0,680,fhi:git
county,Innlandet,2021-01-03,0,0,680,0,0.18309840192791801,0.0,0,680,fhi:git
county,Innlandet,2021-01-04,0,0,680,0,0.18309840192791801,0.0,0,680,fhi:git
county,Innlandet,2021-01-05,273,0,953,0,0.256607025054862,0.0,273,953,fhi:git
county,Innlandet,2021-01-06,702,0,1655,0,0.44562919880985996,0.0,702,1655,fhi:git
county,Innlandet,2021-01-07,719,0,2374,0,0.639228832613057,0.0,719,2374,fhi:git
county,Innlandet,2021-01-08,76,0,2450,0,0.659692771652059,0.0,76,2450,fhi:git
county,Innlandet,2021-01-09,0,0,2450,0,0.659692771652059,0.0,0,2450,fhi:git
county,Innlandet,2021-01-10,0,0,2450,0,0.659692771652059,0.0,0,2450,fhi:git
county,Innlandet,2021-01-11,50,0,2500,0,0.6731558894408771,0.0,50,2500,fhi:git
county,Innlandet,2021-01-12,401,0,2901,0,0.781130094107193,0.0,401,2901,fhi:git
county,Innlandet,2021-01-13,995,0,3896,0,1.04904613810466,0.0,995,3896,fhi:git
county,Innlandet,2021-01-14,951,0,4847,0,1.30511463844797,0.0,951,4847,fhi:git
county,Innlandet,2021-01-15,278,0,5125,0,1.3799695733538002,0.0,278,5125,fhi:git
county,Innlandet,2021-01-16,4,0,5129,0,1.3810466227768998,0.0,4,5129,fhi:git
county,Innlandet,2021-01-17,0,0,5129,0,1.3810466227768998,0.0,0,5129,fhi:git
county,Innlandet,2021-01-18,67,0,5196,0,1.39908720061392,0.0,67,5196,fhi:git
county,Innlandet,2021-01-19,333,318,5529,318,1.48875156508744,0.0856254291368795,651,5847,fhi:git
county,Innlandet,2021-01-20,661,252,6190,570,1.6667339822556102,0.15347954279252,913,6760,fhi:git
county,Innlandet,2021-01-21,829,48,7019,618,1.8899524751942098,0.166404135869785,877,7637,fhi:git
county,Innlandet,2021-01-22,238,0,7257,618,1.95403691586898,0.166404135869785,238,7875,fhi:git
county,Innlandet,2021-01-23,5,0,7262,618,1.95538322764786,0.166404135869785,5,7880,fhi:git
county,Innlandet,2021-01-24,0,0,7262,618,1.95538322764786,0.166404135869785,0,7880,fhi:git
county,Innlandet,2021-01-25,1,0,7263,618,1.9556524900036398,0.166404135869785,1,7881,fhi:git
county,Innlandet,2021-01-26,140,131,7403,749,1.9933492198123202,0.201677504476487,271,8152,fhi:git
county,Innlandet,2021-01-27,907,549,8310,1298,2.23757017650147,0.349502537797703,1456,9608,fhi:git
county,Innlandet,2021-01-28,895,705,9205,2003,2.47855998492131,0.5393324986200301,1600,11208,fhi:git
county,Innlandet,2021-01-29,312,132,9517,2135,2.5625698399235297,0.5748751295825091,444,11652,fhi:git
county,Innlandet,2021-01-30,1,0,9518,2135,2.5628391022793098,0.5748751295825091,1,11653,fhi:git
county,Innlandet,2021-01-31,0,0,9518,2135,2.5628391022793098,0.5748751295825091,0,11653,fhi:git
county,Innlandet,2021-02-01,8,49,9526,2184,2.5649932011255197,0.58806898501555,57,11710,fhi:git
county,Innlandet,2021-02-02,604,334,10130,2518,2.72762766401443,0.6780026118448511,938,12648,fhi:git
county,Innlandet,2021-02-03,2279,812,12409,3330,3.3412765728287406,0.8966436447352479,3091,15739,fhi:git
county,Innlandet,2021-02-04,2589,985,14998,4315,4.03839681193371,1.1618670651749499,3574,19313,fhi:git
county,Innlandet,2021-02-05,806,266,15804,4581,4.25542227068945,1.23349085181146,1072,20385,fhi:git
county,Innlandet,2021-02-06,7,4,15811,4585,4.25730710717988,1.23456790123457,11,20396,fhi:git
county,Innlandet,2021-02-07,0,0,15811,4585,4.25730710717988,1.23456790123457,0,20396,fhi:git
county,Innlandet,2021-02-08,1,63,15812,4648,4.25757636953566,1.25153142964848,64,20460,fhi:git
county,Innlandet,2021-02-09,250,266,16062,4914,4.32489195847975,1.32315521628499,516,20976,fhi:git
county,Innlandet,2021-02-10,1725,484,17787,5398,4.78936952219395,1.45347819648074,2209,23185,fhi:git
county,Vestfold og Telemark,2020-12-27,0,0,0,0,0.0,0.0,0,0,fhi:git
county,Vestfold og Telemark,2020-12-28,0,0,0,0,0.0,0.0,0,0,fhi:git
county,Vestfold og Telemark,2020-12-29,0,0,0,0,0.0,0.0,0,0,fhi:git
county,Vestfold og Telemark,2020-12-30,0,0,0,0,0.0,0.0,0,0,fhi:git
county,Vestfold og Telemark,2020-12-31,0,0,0,0,0.0,0.0,0,0,fhi:git
county,Vestfold og Telemark,2021-01-01,0,0,0,0,0.0,0.0,0,0,fhi:git
county,Vestfold og Telemark,2021-01-02,0,0,0,0,0.0,0.0,0,0,fhi:git
county,Vestfold og Telemark,2021-01-03,0,0,0,0,0.0,0.0,0,0,fhi:git
county,Vestfold og Telemark,2021-01-04,1,0,1,0,0.00023843813484153399,0.0,1,1,fhi:git
county,Vestfold og Telemark,2021-01-05,218,0,219,0,0.052217951530296,0.0,218,219,fhi:git
county,Vestfold og Telemark,2021-01-06,1026,0,1245,0,0.29685547787771,0.0,1026,1245,fhi:git
county,Vestfold og Telemark,2021-01-07,442,0,1687,0,0.40224513347766794,0.0,442,1687,fhi:git
county,Vestfold og Telemark,2021-01-08,64,0,1751,0,0.417505174107526,0.0,64,1751,fhi:git
county,Vestfold og Telemark,2021-01-09,0,0,1751,0,0.417505174107526,0.0,0,1751,fhi:git
county,Vestfold og Telemark,2021-01-10,2,0,1753,0,0.417982050377209,0.0,2,1753,fhi:git
county,Vestfold og Telemark,2021-01-11,2,0,1755,0,0.41845892664689205,0.0,2,1755,fhi:git
county,Vestfold og Telemark,2021-01-12,418,0,2173,0,0.518126067010654,0.0,418,2173,fhi:git
county,Vestfold og Telemark,2021-01-13,1168,0,3341,0,0.796621808505565,0.0,1168,3341,fhi:git
county,Vestfold og Telemark,2021-01-14,586,0,3927,0,0.9363465555227041,0.0,586,3927,fhi:git
county,Vestfold og Telemark,2021-01-15,157,0,4084,0,0.9737813426928249,0.0,157,4084,fhi:git
county,Vestfold og Telemark,2021-01-16,3,0,4087,0,0.9744966570973491,0.0,3,4087,fhi:git
county,Vestfold og Telemark,2021-01-17,39,0,4126,0,0.9837957443561691,0.0,39,4126,fhi:git
county,Vestfold og Telemark,2021-01-18,5,0,4131,0,0.9849879350303771,0.0,5,4131,fhi:git
county,Vestfold og Telemark,2021-01-19,227,0,4358,0,1.0391133916394102,0.0,227,4358,fhi:git
county,Vestfold og Telemark,2021-01-20,1605,0,5963,0,1.42180659806007,0.0,1605,5963,fhi:git
county,Vestfold og Telemark,2021-01-21,817,0,6780,0,1.6166105542256,0.0,817,6780,fhi:git
county,Vestfold og Telemark,2021-01-22,178,0,6958,0,1.6590525422273898,0.0,178,6958,fhi:git
county,Vestfold og Telemark,2021-01-23,3,0,6961,0,1.65976785663192,0.0,3,6961,fhi:git
county,Vestfold og Telemark,2021-01-24,0,0,6961,0,1.65976785663192,0.0,0,6961,fhi:git
county,Vestfold og Telemark,2021-01-25,45,0,7006,0,1.67049757269979,0.0,45,7006,fhi:git
county,Vestfold og Telemark,2021-01-26,103,178,7109,178,1.69505670058847,0.0424419880017931,281,7287,fhi:git
county,Vestfold og Telemark,2021-01-27,1621,898,8730,1076,2.08156491716659,0.25655943308949103,2519,9806,fhi:git
county,Vestfold og Telemark,2021-01-28,651,448,9381,1524,2.23678814294843,0.36337971749849796,1099,10905,fhi:git
county,Vestfold og Telemark,2021-01-29,86,90,9467,1614,2.2572938225447996,0.38483914963423604,176,11081,fhi:git
county,Vestfold og Telemark,2021-01-30,0,0,9467,1614,2.2572938225447996,0.38483914963423604,0,11081,fhi:git
county,Vestfold og Telemark,2021-01-31,0,1,9467,1615,2.2572938225447996,0.38507758776907797,1,11082,fhi:git
county,Vestfold og Telemark,2021-02-01,49,0,9516,1615,2.2689772911520403,0.38507758776907797,49,11131,fhi:git
county,Vestfold og Telemark,2021-02-02,459,327,9975,1942,2.3784203950442997,0.463046857862259,786,11917,fhi:git
county,Vestfold og Telemark,2021-02-03,3196,834,13171,2776,3.14046867399785,0.661904262320098,4030,15947,fhi:git
county,Vestfold og Telemark,2021-02-04,1884,703,15055,3479,3.5896861200392998,0.829526271113697,2587,18534,fhi:git
county,Vestfold og Telemark,2021-02-05,948,243,16003,3722,3.81572547186907,0.88746673788019,1191,19725,fhi:git
county,Vestfold og Telemark,2021-02-06,0,4,16003,3726,3.81572547186907,0.888420490419556,4,19729,fhi:git
county,Vestfold og Telemark,2021-02-07,2,1,16005,3727,3.8162023481387504,0.8886589285543969,3,19732,fhi:git
county,Vestfold og Telemark,2021-02-08,17,46,16022,3773,3.8202557964310597,0.8996270827571079,63,19795,fhi:git
county,Vestfold og Telemark,2021-02-09,342,204,16364,3977,3.9018016385468597,0.9482684622647809,546,20341,fhi:git
county,Vestfold og Telemark,2021-02-10,2351,1172,18715,5149,4.46236969355931,1.2277179562990599,3523,23864,fhi:git
county,Agder,2020-12-27,0,0,0,0,0.0,0.0,0,0,fhi:git
county,Agder,2020-12-28,0,0,0,0,0.0,0.0,0,0,fhi:git
county,Agder,2020-12-29,0,0,0,0,0.0,0.0,0,0,fhi:git
county,Agder,2020-12-30,0,0,0,0,0.0,0.0,0,0,fhi:git
county,Agder,2020-12-31,0,0,0,0,0.0,0.0,0,0,fhi:git
county,Agder,2021-01-01,0,0,0,0,0.0,0.0,0,0,fhi:git
county,Agder,2021-01-02,0,0,0,0,0.0,0.0,0,0,fhi:git
county,Agder,2021-01-03,3,0,3,0,0.000976463963597423,0.0,3,3,fhi:git
county,Agder,2021-01-04,0,0,3,0,0.000976463963597423,0.0,0,3,fhi:git
county,Agder,2021-01-05,79,0,82,0,0.0266900150049962,0.0,79,82,fhi:git
county,Agder,2021-01-06,791,0,873,0,0.28415101340685,0.0,791,873,fhi:git
county,Agder,2021-01-07,230,0,1103,0,0.359013250615986,0.0,230,1103,fhi:git
county,Agder,2021-01-08,49,0,1152,0,0.37496216202141097,0.0,49,1152,fhi:git
county,Agder,2021-01-09,0,0,1152,0,0.37496216202141097,0.0,0,1152,fhi:git
county,Agder,2021-01-10,0,0,1152,0,0.37496216202141097,0.0,0,1152,fhi:git
county,Agder,2021-01-11,0,0,1152,0,0.37496216202141097,0.0,0,1152,fhi:git
county,Agder,2021-01-12,225,0,1377,0,0.44819695929121706,0.0,225,1377,fhi:git
county,Agder,2021-01-13,851,0,2228,0,0.72518723696502,0.0,851,2228,fhi:git
county,Agder,2021-01-14,507,0,2735,0,0.8902096468129841,0.0,507,2735,fhi:git
county,Agder,2021-01-15,118,0,2853,0,0.92861722938115,0.0,118,2853,fhi:git
county,Agder,2021-01-16,0,0,2853,0,0.92861722938115,0.0,0,2853,fhi:git
county,Agder,2021-01-17,2,0,2855,0,0.929268205356881,0.0,2,2855,fhi:git
county,Agder,2021-01-18,15,0,2870,0,0.934150525174868,0.0,15,2870,fhi:git
county,Agder,2021-01-19,348,0,3218,0,1.0474203449521702,0.0,348,3218,fhi:git
county,Agder,2021-01-20,459,0,3677,0,1.1968193313825801,0.0,459,3677,fhi:git
county,Agder,2021-01-21,336,0,4013,0,1.3061832953054902,0.0,336,4013,fhi:git
county,Agder,2021-01-22,62,0,4075,0,1.32636355055317,0.0,62,4075,fhi:git
county,Agder,2021-01-23,1,0,4076,0,1.32668903854103,0.0,1,4076,fhi:git
county,Agder,2021-01-24,0,0,4076,0,1.32668903854103,0.0,0,4076,fhi:git
county,Agder,2021-01-25,1,0,4077,0,1.3270145265289,0.0,1,4077,fhi:git
county,Agder,2021-01-26,62,66,4139,66,1.3471947817765801,0.0214822071991433,128,4205,fhi:git
county,Agder,2021-01-27,552,680,4691,746,1.5268641510785,0.242814038947893,1232,5437,fhi:git
county,Agder,2021-01-28,936,248,5627,994,1.8315209077208998,0.32353505993861303,1184,6621,fhi:git
county,Agder,2021-01-29,199,61,5826,1055,1.8962930173062,0.34338982719842703,260,6881,fhi:git
county,Agder,2021-01-30,29,0,5855,1055,1.9057321689543,0.34338982719842703,29,6910,fhi:git
county,Agder,2021-01-31,20,0,5875,1055,1.91224192871162,0.34338982719842703,20,6930,fhi:git
county,Agder,2021-02-01,0,1,5875,1056,1.91224192871162,0.34371531518629306,1,6931,fhi:git
county,Agder,2021-02-02,201,170,6076,1226,1.97766501427265,0.39904827312348,371,7302,fhi:git
county,Agder,2021-02-03,1314,588,7390,1814,2.40535623032832,0.590435209988575,1902,9204,fhi:git
county,Agder,2021-02-04,1688,501,9078,2315,2.9547799538457995,0.753504691909345,2189,11393,fhi:git
county,Agder,2021-02-05,589,133,9667,2448,3.1464923786987598,0.796794594295498,722,12115,fhi:git
county,Agder,2021-02-06,408,1,10075,2449,3.2792914777480098,0.7971200822833628,409,12524,fhi:git
county,Agder,2021-02-07,83,2,10158,2451,3.30630698074088,0.797771058259095,85,12609,fhi:git
county,Agder,2021-02-08,13,2,10171,2453,3.31053832458313,0.798422034234827,15,12624,fhi:git
county,Agder,2021-02-09,187,225,10358,2678,3.3714045783140403,0.871656831504633,412,13036,fhi:git
county,Agder,2021-02-10,953,337,11311,3015,3.68159463075015,0.9813462834154109,1290,14326,fhi:git
county,Vestland,2020-12-27,0,0,0,0,0.0,0.0,0,0,fhi:git
county,Vestland,2020-12-28,0,0,0,0,0.0,0.0,0,0,fhi:git
county,Vestland,2020-12-29,0,0,0,0,0.0,0.0,0,0,fhi:git
county,Vestland,2020-12-30,0,0,0,0,0.0,0.0,0,0,fhi:git
county,Vestland,2020-12-31,0,0,0,0,0.0,0.0,0,0,fhi:git
county,Vestland,2021-01-01,0,0,0,0,0.0,0.0,0,0,fhi:git
county,Vestland,2021-01-02,0,0,0,0,0.0,0.0,0,0,fhi:git
county,Vestland,2021-01-03,0,0,0,0,0.0,0.0,0,0,fhi:git
county,Vestland,2021-01-04,2,0,2,0,0.00031420307887597003,0.0,2,2,fhi:git
county,Vestland,2021-01-05,416,0,418,0,0.0656684434850777,0.0,416,418,fhi:git
county,Vestland,2021-01-06,1250,0,1668,0,0.262045367782559,0.0,1250,1668,fhi:git
county,Vestland,2021-01-07,714,0,2382,0,0.37421586694128,0.0,714,2382,fhi:git
county,Vestland,2021-01-08,139,0,2521,0,0.39605298092315994,0.0,139,2521,fhi:git
county,Vestland,2021-01-09,0,0,2521,0,0.39605298092315994,0.0,0,2521,fhi:git
county,Vestland,2021-01-10,0,0,2521,0,0.39605298092315994,0.0,0,2521,fhi:git
county,Vestland,2021-01-11,65,0,2586,0,0.406264580986629,0.0,65,2586,fhi:git
county,Vestland,2021-01-12,855,0,3441,0,0.540586397206106,0.0,855,3441,fhi:git
county,Vestland,2021-01-13,1125,0,4566,0,0.717325629073839,0.0,1125,4566,fhi:git
county,Vestland,2021-01-14,995,0,5561,0,0.873641660814634,0.0,995,5561,fhi:git
county,Vestland,2021-01-15,424,0,5985,0,0.94025271353634,0.0,424,5985,fhi:git
county,Vestland,2021-01-16,2,0,5987,0,0.940566916615216,0.0,2,5987,fhi:git
county,Vestland,2021-01-17,1,0,5988,0,0.940724018154654,0.0,1,5988,fhi:git
county,Vestland,2021-01-18,57,0,6045,0,0.9496788059026191,0.0,57,6045,fhi:git
county,Vestland,2021-01-19,368,0,6413,0,1.0074921724158001,0.0,368,6413,fhi:git
county,Vestland,2021-01-20,1234,0,7647,0,1.2013554720822701,0.0,1234,7647,fhi:git
county,Vestland,2021-01-21,779,0,8426,0,1.3237375713044601,0.0,779,8426,fhi:git
county,Vestland,2021-01-22,309,0,8735,0,1.3722819469907999,0.0,309,8735,fhi:git
county,Vestland,2021-01-23,0,0,8735,0,1.3722819469907999,0.0,0,8735,fhi:git
county,Vestland,2021-01-24,0,0,8735,0,1.3722819469907999,0.0,0,8735,fhi:git
county,Vestland,2021-01-25,1,0,8736,0,1.37243904853024,0.0,1,8736,fhi:git
county,Vestland,2021-01-26,151,174,8887,174,1.39616138098537,0.0273356678622094,325,9061,fhi:git
county,Vestland,2021-01-27,1576,1204,10463,1378,1.6437534071396398,0.216485921345543,2780,11841,fhi:git
county,Vestland,2021-01-28,1917,677,12380,2055,1.9449170582422501,0.32284366354505895,2594,14435,fhi:git
county,Vestland,2021-01-29,472,165,12852,2220,2.01906898485698,0.348765417552327,637,15072,fhi:git
county,Vestland,2021-01-30,1,0,12853,2220,2.01922608639642,0.348765417552327,1,15073,fhi:git
county,Vestland,2021-01-31,0,0,12853,2220,2.01922608639642,0.348765417552327,0,15073,fhi:git
county,Vestland,2021-02-01,12,59,12865,2279,2.0211113048696796,0.358034408379168,71,15144,fhi:git
county,Vestland,2021-02-02,704,579,13569,2858,2.1317107886340203,0.448996199713761,1283,16427,fhi:git
county,Vestland,2021-02-03,2794,1037,16363,3895,2.57065248982375,0.611910496110951,3831,20258,fhi:git
county,Vestland,2021-02-04,2493,1055,18856,4950,2.96230662764264,0.777652620218026,3548,23806,fhi:git
county,Vestland,2021-02-05,821,484,19677,5434,3.0912869915212298,0.8536897653060099,1305,25111,fhi:git
county,Vestland,2021-02-06,0,2,19677,5436,3.0912869915212298,0.8540039683848859,2,25113,fhi:git
county,Vestland,2021-02-07,2,1,19679,5437,3.09160119460011,0.8541610699243242,3,25116,fhi:git
county,Vestland,2021-02-08,12,49,19691,5486,3.09348641307336,0.8618590453567859,61,25177,fhi:git
county,Vestland,2021-02-09,851,301,20542,5787,3.22717982313509,0.9091466087276191,1152,26329,fhi:git
county,Vestland,2021-02-10,2444,915,22986,6702,3.61113598552152,1.05289451731338,3359,29688,fhi:git
county,Trøndelag,2020-12-27,0,0,0,0,0.0,0.0,0,0,fhi:git
county,Trøndelag,2020-12-28,0,0,0,0,0.0,0.0,0,0,fhi:git
county,Trøndelag,2020-12-29,0,0,0,0,0.0,0.0,0,0,fhi:git
county,Trøndelag,2020-12-30,0,0,0,0,0.0,0.0,0,0,fhi:git
county,Trøndelag,2020-12-31,0,0,0,0,0.0,0.0,0,0,fhi:git
county,Trøndelag,2021-01-01,0,0,0,0,0.0,0.0,0,0,fhi:git
county,Trøndelag,2021-01-02,0,0,0,0,0.0,0.0,0,0,fhi:git
county,Trøndelag,2021-01-03,0,0,0,0,0.0,0.0,0,0,fhi:git
county,Trøndelag,2021-01-04,3,0,3,0,0.000640065542711574,0.0,3,3,fhi:git
county,Trøndelag,2021-01-05,406,0,409,0,0.0872622689896779,0.0,406,409,fhi:git
county,Trøndelag,2021-01-06,674,0,1083,0,0.231063660918878,0.0,674,1083,fhi:git
county,Trøndelag,2021-01-07,482,0,1565,0,0.333900858114538,0.0,482,1565,fhi:git
county,Trøndelag,2021-01-08,140,0,1705,0,0.36377058344107793,0.0,140,1705,fhi:git
county,Trøndelag,2021-01-09,0,0,1705,0,0.36377058344107793,0.0,0,1705,fhi:git
county,Trøndelag,2021-01-10,0,0,1705,0,0.36377058344107793,0.0,0,1705,fhi:git
county,Trøndelag,2021-01-11,95,0,1800,0,0.384039325626944,0.0,95,1800,fhi:git
county,Trøndelag,2021-01-12,502,0,2302,0,0.491143626440681,0.0,502,2302,fhi:git
county,Trøndelag,2021-01-13,857,0,3159,0,0.673989016475287,0.0,857,3159,fhi:git
county,Trøndelag,2021-01-14,670,0,3829,0,0.8169369876808721,0.0,670,3829,fhi:git
county,Trøndelag,2021-01-15,253,0,4082,0,0.8709158484495481,0.0,253,4082,fhi:git
county,Trøndelag,2021-01-16,0,0,4082,0,0.8709158484495481,0.0,0,4082,fhi:git
county,Trøndelag,2021-01-17,0,0,4082,0,0.8709158484495481,0.0,0,4082,fhi:git
county,Trøndelag,2021-01-18,152,0,4234,0,0.9033458359469341,0.0,152,4234,fhi:git
county,Trøndelag,2021-01-19,568,0,4802,0,1.02453157870033,0.0,568,4802,fhi:git
county,Trøndelag,2021-01-20,729,0,5531,0,1.18006750557924,0.0,729,5531,fhi:git
county,Trøndelag,2021-01-21,495,0,6026,0,1.28567832012665,0.0,495,6026,fhi:git
county,Trøndelag,2021-01-22,284,0,6310,0,1.34627119150334,0.0,284,6310,fhi:git
county,Trøndelag,2021-01-23,1,0,6311,0,1.3464845466842499,0.0,1,6311,fhi:git
county,Trøndelag,2021-01-24,0,0,6311,0,1.3464845466842499,0.0,0,6311,fhi:git
county,Trøndelag,2021-01-25,1,0,6312,0,1.34669790186515,0.0,1,6312,fhi:git
county,Trøndelag,2021-01-26,314,184,6626,184,1.4136914286689601,0.0392573532863098,498,6810,fhi:git
county,Trøndelag,2021-01-27,955,590,7581,774,1.61744562643215,0.165136910019586,1545,8355,fhi:git
county,Trøndelag,2021-01-28,699,473,8280,1247,1.7665808978839401,0.26605391058711103,1172,9527,fhi:git
county,Trøndelag,2021-01-29,386,202,8666,1449,1.84893599771283,0.30915165712969,588,10115,fhi:git
county,Trøndelag,2021-01-30,0,0,8666,1449,1.84893599771283,0.30915165712969,0,10115,fhi:git
county,Trøndelag,2021-01-31,0,1,8666,1450,1.84893599771283,0.309365012310594,1,10116,fhi:git
county,Trøndelag,2021-02-01,3,86,8669,1536,1.84957606325554,0.32771355786832596,89,10205,fhi:git
county,Trøndelag,2021-02-02,826,394,9495,1930,2.0258074426821295,0.41177549914444606,1220,11425,fhi:git
county,Trøndelag,2021-02-03,2008,804,11503,2734,2.4542246459370802,0.583313064591148,2812,14237,fhi:git
county,Trøndelag,2021-02-04,2055,567,13558,3301,2.8926695426945095,0.704285452163635,2622,16859,fhi:git
county,Trøndelag,2021-02-05,1254,307,14812,3608,3.16021693954794,0.7697854927011191,1561,18420,fhi:git
county,Trøndelag,2021-02-06,7,0,14819,3608,3.16171042581427,0.7697854927011191,7,18427,fhi:git
county,Trøndelag,2021-02-07,1,0,14820,3608,3.1619237809951697,0.7697854927011191,1,18428,fhi:git
county,Trøndelag,2021-02-08,3,150,14823,3758,3.1625638465378905,0.801788769836698,153,18581,fhi:git
county,Trøndelag,2021-02-09,822,523,15645,4281,3.33794180524086,0.913373529449416,1345,19926,fhi:git
county,Trøndelag,2021-02-10,1720,565,17365,4846,3.7049127163954902,1.0339192066601,2285,22211,fhi:git
county,Troms og Finnmark,2020-12-27,0,0,0,0,0.0,0.0,0,0,fhi:git
county,Troms og Finnmark,2020-12-28,1,0,1,0,0.00041099662571770297,0.0,1,1,fhi:git
county,Troms og Finnmark,2020-12-29,0,0,1,0,0.00041099662571770297,0.0,0,1,fhi:git
county,Troms og Finnmark,2020-12-30,0,0,1,0,0.00041099662571770297,0.0,0,1,fhi:git
county,Troms og Finnmark,2020-12-31,0,0,1,0,0.00041099662571770297,0.0,0,1,fhi:git
county,Troms og Finnmark,2021-01-01,0,0,1,0,0.00041099662571770297,0.0,0,1,fhi:git
county,Troms og Finnmark,2021-01-02,0,0,1,0,0.00041099662571770297,0.0,0,1,fhi:git
county,Troms og Finnmark,2021-01-03,0,0,1,0,0.00041099662571770297,0.0,0,1,fhi:git
county,Troms og Finnmark,2021-01-04,0,0,1,0,0.00041099662571770297,0.0,0,1,fhi:git
county,Troms og Finnmark,2021-01-05,53,0,54,0,0.022193817788756,0.0,53,54,fhi:git
county,Troms og Finnmark,2021-01-06,528,0,582,0,0.23920003616770302,0.0,528,582,fhi:git
county,Troms og Finnmark,2021-01-07,188,0,770,0,0.31646740180263105,0.0,188,770,fhi:git
county,Troms og Finnmark,2021-01-08,247,0,1017,0,0.41798356835490397,0.0,247,1017,fhi:git
county,Troms og Finnmark,2021-01-09,0,0,1017,0,0.41798356835490397,0.0,0,1017,fhi:git
county,Troms og Finnmark,2021-01-10,0,0,1017,0,0.41798356835490397,0.0,0,1017,fhi:git
county,Troms og Finnmark,2021-01-11,1,0,1018,0,0.418394564980622,0.0,1,1018,fhi:git
county,Troms og Finnmark,2021-01-12,188,0,1206,0,0.49566193061555,0.0,188,1206,fhi:git
county,Troms og Finnmark,2021-01-13,568,0,1774,0,0.7291080140232049,0.0,568,1774,fhi:git
county,Troms og Finnmark,2021-01-14,329,0,2103,0,0.8643259038843291,0.0,329,2103,fhi:git
county,Troms og Finnmark,2021-01-15,37,0,2140,0,0.879532779035884,0.0,37,2140,fhi:git
county,Troms og Finnmark,2021-01-16,2,0,2142,0,0.8803547722873192,0.0,2,2142,fhi:git
county,Troms og Finnmark,2021-01-17,1,0,2143,0,0.880765768913037,0.0,1,2143,fhi:git
county,Troms og Finnmark,2021-01-18,0,1,2143,1,0.880765768913037,0.00041099662571770297,1,2144,fhi:git
county,Troms og Finnmark,2021-01-19,249,0,2392,1,0.9831039287167449,0.00041099662571770297,249,2393,fhi:git
county,Troms og Finnmark,2021-01-20,914,0,3306,1,1.35875484462273,0.00041099662571770297,914,3307,fhi:git
county,Troms og Finnmark,2021-01-21,247,0,3553,1,1.4602710111750001,0.00041099662571770297,247,3554,fhi:git
county,Troms og Finnmark,2021-01-22,81,0,3634,1,1.4935617378581298,0.00041099662571770297,81,3635,fhi:git
county,Troms og Finnmark,2021-01-23,12,0,3646,1,1.4984936973667402,0.00041099662571770297,12,3647,fhi:git
county,Troms og Finnmark,2021-01-24,0,0,3646,1,1.4984936973667402,0.00041099662571770297,0,3647,fhi:git
county,Troms og Finnmark,2021-01-25,6,0,3652,1,1.50095967712105,0.00041099662571770297,6,3653,fhi:git
county,Troms og Finnmark,2021-01-26,84,0,3736,1,1.5354833936813401,0.00041099662571770297,84,3737,fhi:git
county,Troms og Finnmark,2021-01-27,673,355,4409,356,1.81208412278935,0.14631479875550196,1028,4765,fhi:git
county,Troms og Finnmark,2021-01-28,233,276,4642,632,1.90784633658158,0.259749867453588,509,5274,fhi:git
county,Troms og Finnmark,2021-01-29,103,243,4745,875,1.9501789890305001,0.35962204750299,346,5620,fhi:git
county,Troms og Finnmark,2021-01-30,0,0,4745,875,1.9501789890305001,0.35962204750299,0,5620,fhi:git
county,Troms og Finnmark,2021-01-31,0,0,4745,875,1.9501789890305001,0.35962204750299,0,5620,fhi:git
county,Troms og Finnmark,2021-02-01,0,2,4745,877,1.9501789890305001,0.360444040754425,2,5622,fhi:git
county,Troms og Finnmark,2021-02-02,120,21,4865,898,1.9994985841166202,0.369074969894497,141,5763,fhi:git
county,Troms og Finnmark,2021-02-03,1152,560,6017,1458,2.47296669694342,0.599233080296411,1712,7475,fhi:git
county,Troms og Finnmark,2021-02-04,1088,369,7105,1827,2.92013102572428,0.7508908351862429,1457,8932,fhi:git
county,Troms og Finnmark,2021-02-05,278,140,7383,1967,3.0343880876738,0.808430362786721,418,9350,fhi:git
county,Troms og Finnmark,2021-02-06,0,1,7383,1968,3.0343880876738,0.8088413594124391,1,9351,fhi:git
county,Troms og Finnmark,2021-02-07,0,1,7383,1969,3.0343880876738,0.809252356038157,1,9352,fhi:git
county,Troms og Finnmark,2021-02-08,0,0,7383,1969,3.0343880876738,0.809252356038157,0,9352,fhi:git
county,Troms og Finnmark,2021-02-09,49,26,7432,1995,3.05452692233397,0.8199382683068169,75,9427,fhi:git
county,Troms og Finnmark,2021-02-10,1071,657,8503,2652,3.49470430847763,1.08996305140335,1728,11155,fhi:git
nation,Norge,2020-12-27,5,0,5,0,9.31518486915891e-05,0.0,5,5,fhi:git
nation,Norge,2020-12-28,601,0,606,0,0.0112900040614206,0.0,601,606,fhi:git
nation,Norge,2020-12-29,1068,0,1674,0,0.031187238941944,0.0,1068,1674,fhi:git
nation,Norge,2020-12-30,424,0,2098,0,0.0390865157109908,0.0,424,2098,fhi:git
nation,Norge,2020-12-31,72,0,2170,0,0.0404279023321497,0.0,72,2170,fhi:git
nation,Norge,2021-01-01,6,0,2176,0,0.0405396845505796,0.0,6,2176,fhi:git
nation,Norge,2021-01-02,0,0,2176,0,0.0405396845505796,0.0,0,2176,fhi:git
nation,Norge,2021-01-03,3,0,2179,0,0.0405955756597945,0.0,3,2179,fhi:git
nation,Norge,2021-01-04,6,0,2185,0,0.0407073578782245,0.0,6,2185,fhi:git
nation,Norge,2021-01-05,3385,0,5570,0,0.10377115944242998,0.0,3385,5570,fhi:git
nation,Norge,2021-01-06,9055,0,14625,0,0.272469157422898,0.0,9055,14625,fhi:git
nation,Norge,2021-01-07,6566,0,21191,0,0.394796165124693,0.0,6566,21191,fhi:git
nation,Norge,2021-01-08,1613,0,22804,0,0.42484695151259994,0.0,1613,22804,fhi:git
nation,Norge,2021-01-09,134,0,22938,0,0.427343421057534,0.0,134,22938,fhi:git
nation,Norge,2021-01-10,107,0,23045,0,0.429336870619534,0.0,107,23045,fhi:git
nation,Norge,2021-01-11,347,0,23392,0,0.435801608918731,0.0,347,23392,fhi:git
nation,Norge,2021-01-12,4261,0,27653,0,0.5151856143737029,0.0,4261,27653,fhi:git
nation,Norge,2021-01-13,9765,0,37418,0,0.6971111748683759,0.0,9765,37418,fhi:git
nation,Norge,2021-01-14,8446,0,45864,0,0.8544632776782091,0.0,8446,45864,fhi:git
nation,Norge,2021-01-15,4468,0,50332,0,0.9377037696690129,0.0,4468,50332,fhi:git
nation,Norge,2021-01-16,740,0,51072,0,0.9514902432753679,0.0,740,51072,fhi:git
nation,Norge,2021-01-17,340,5,51412,5,0.957824568986396,9.31518486915891e-05,345,51417,fhi:git
nation,Norge,2021-01-18,1284,283,52696,288,0.981745963730396,0.005365546484635529,1567,52984,fhi:git
nation,Norge,2021-01-19,4552,767,57248,1055,1.06655140677922,0.0196550400739253,5319,58303,fhi:git
nation,Norge,2021-01-20,9983,692,67231,1747,1.2525383878768501,0.0325472559328412,10675,68978,fhi:git
nation,Norge,2021-01-21,8296,168,75527,1915,1.40709593522593,0.0356771580488786,8464,77442,fhi:git
nation,Norge,2021-01-22,3274,7,78801,1922,1.46809176574918,0.0358075706370469,3281,80723,fhi:git
nation,Norge,2021-01-23,353,0,79154,1922,1.47466828626681,0.0358075706370469,353,81076,fhi:git
nation,Norge,2021-01-24,65,0,79219,1922,1.4758792602998,0.0358075706370469,65,81141,fhi:git
nation,Norge,2021-01-25,575,0,79794,1922,1.48659172289933,0.0358075706370469,575,81716,fhi:git
nation,Norge,2021-01-26,2234,2129,82028,4051,1.52821196889473,0.0754716278099255,4363,86079,fhi:git
nation,Norge,2021-01-27,11171,7431,93199,11482,1.73633182924148,0.21391390533536497,18602,104681,fhi:git
nation,Norge,2021-01-28,10726,6532,103925,18014,1.9361611750546799,0.335607480466057,17258,121939,fhi:git
nation,Norge,2021-01-29,3708,2056,107633,20070,2.00524258604436,0.373911520648039,5764,127703,fhi:git
nation,Norge,2021-01-30,129,168,107762,20238,2.00764590374061,0.377041422764076,297,128000,fhi:git
nation,Norge,2021-01-31,80,50,107842,20288,2.00913633331967,0.37797294125099196,130,128130,fhi:git
nation,Norge,2021-02-01,158,298,108000,20586,2.01207993173833,0.383524791433011,456,128586,fhi:git
nation,Norge,2021-02-02,6185,3126,114185,23712,2.12730876856982,0.441763327234992,9311,137897,fhi:git
nation,Norge,2021-02-03,24280,8152,138465,31864,2.57965414581618,0.5936381013417591,32432,170329,fhi:git
nation,Norge,2021-02-04,25109,8458,163574,40322,3.0474440995756,0.751213768588452,33567,203896,fhi:git
nation,Norge,2021-02-05,10204,4740,173778,45062,3.2375483923854,0.839521721148078,14944,218840,fhi:git
nation,Norge,2021-02-06,694,731,174472,45793,3.2504778689837903,0.853140521426788,1425,220265,fhi:git
nation,Norge,2021-02-07,317,293,174789,46086,3.25638369619083,0.858599219760115,610,220875,fhi:git
nation,Norge,2021-02-08,121,919,174910,47005,3.2586379709291697,0.87572052954963,1040,221915,fhi:git
nation,Norge,2021-02-09,5183,3077,180093,50082,3.3551991772828704,0.933046177234433,8260,230175,fhi:git
nation,Norge,2021-02-10,18725,7278,198818,57360,3.7040528506328703,1.06863800818991,26003,256178,fhi:git
