granularity_geo,location_name,date,new_dose_1,new_dose_2,total_dose_1,total_dose_2,total_pr100_dose_1,total_pr100_dose_2,new_doses,total_doses,source
county,Oslo,2020-12-27,5,0,5,0,0.00072098677133472,0.0,5,5,fhi:git
county,Oslo,2020-12-28,264,0,269,0,0.0387890882978079,0.0,264,269,fhi:git
county,Oslo,2020-12-29,118,0,387,0,0.0558043761013073,0.0,118,387,fhi:git
county,Oslo,2020-12-30,58,0,445,0,0.06416782264879001,0.0,58,445,fhi:git
county,Oslo,2020-12-31,5,0,450,0,0.0648888094201248,0.0,5,450,fhi:git
county,Oslo,2021-01-01,6,0,456,0,0.0657539935457264,0.0,6,456,fhi:git
county,Oslo,2021-01-02,0,0,456,0,0.0657539935457264,0.0,0,456,fhi:git
county,Oslo,2021-01-03,0,0,456,0,0.0657539935457264,0.0,0,456,fhi:git
county,Oslo,2021-01-04,0,0,456,0,0.0657539935457264,0.0,0,456,fhi:git
county,Oslo,2021-01-05,479,0,935,0,0.134824526239593,0.0,479,935,fhi:git
county,Oslo,2021-01-06,604,0,1539,0,0.22191972821682698,0.0,604,1539,fhi:git
county,Oslo,2021-01-07,968,0,2507,0,0.36150276714722795,0.0,968,2507,fhi:git
county,Oslo,2021-01-08,449,0,2956,0,0.426247379213086,0.0,449,2956,fhi:git
county,Oslo,2021-01-09,126,0,3082,0,0.444416245850721,0.0,126,3082,fhi:git
county,Oslo,2021-01-10,100,0,3182,0,0.45883598127741604,0.0,100,3182,fhi:git
county,Oslo,2021-01-11,76,0,3258,0,0.46979498020170296,0.0,76,3258,fhi:git
county,Oslo,2021-01-12,242,0,3500,0,0.504690739934304,0.0,242,3500,fhi:git
county,Oslo,2021-01-13,488,0,3988,0,0.5750590488165721,0.0,488,3988,fhi:git
county,Oslo,2021-01-14,1233,0,5221,0,0.7528543866277141,0.0,1233,5221,fhi:git
county,Oslo,2021-01-15,1640,0,6861,0,0.989338047625502,0.0,1640,6861,fhi:git
county,Oslo,2021-01-16,643,0,7504,0,1.08205694641915,0.0,643,7504,fhi:git
county,Oslo,2021-01-17,274,5,7778,5,1.12156702148829,0.00072098677133472,279,7783,fhi:git
county,Oslo,2021-01-18,760,231,8538,236,1.2311570107311698,0.0340305756069988,991,8774,fhi:git
county,Oslo,2021-01-19,810,69,9348,305,1.3479568676873899,0.0439801930514179,879,9653,fhi:git
county,Oslo,2021-01-20,991,99,10339,404,1.49085644576593,0.0582557311238453,1090,10743,fhi:git
county,Oslo,2021-01-21,1019,21,11358,425,1.6377935497639498,0.0612838755634512,1040,11783,fhi:git
county,Oslo,2021-01-22,668,6,12026,431,1.73411738241427,0.0621490596890528,674,12457,fhi:git
county,Oslo,2021-01-23,232,0,12258,431,1.7675711686042,0.0621490596890528,232,12689,fhi:git
county,Oslo,2021-01-24,67,0,12325,431,1.7772323913400803,0.0621490596890528,67,12756,fhi:git
county,Oslo,2021-01-25,258,0,12583,431,1.8144353087409602,0.0621490596890528,258,13014,fhi:git
county,Oslo,2021-01-26,312,403,12895,834,1.8594248832722398,0.12026059345863101,715,13729,fhi:git
county,Oslo,2021-01-27,1031,527,13926,1361,2.00809235552146,0.19625259915731103,1558,15287,fhi:git
county,Oslo,2021-01-28,871,843,14797,2204,2.13368825108797,0.31781096880434395,1714,17001,fhi:git
county,Oslo,2021-01-29,423,501,15220,2705,2.19468373194289,0.3900538432920829,924,17925,fhi:git
county,Oslo,2021-01-30,92,151,15312,2856,2.2079498885354503,0.4118276437863921,243,18168,fhi:git
county,Oslo,2021-01-31,60,45,15372,2901,2.21660172979146,0.41831652472840397,105,18273,fhi:git
county,Oslo,2021-02-01,52,46,15424,2947,2.2240999922133398,0.424949603024684,98,18371,fhi:git
county,Oslo,2021-02-02,1524,150,16948,3097,2.4438567601161703,0.44657920616472496,1674,20045,fhi:git
county,Oslo,2021-02-03,2444,457,19392,3554,2.7962750939445797,0.512477397064719,2901,22946,fhi:git
county,Oslo,2021-02-04,2038,1229,21430,4783,3.0901493019406097,0.6896959454587929,3267,26213,fhi:git
county,Oslo,2021-02-05,1379,1569,22809,6352,3.28899745347472,0.9159415943036279,2948,29161,fhi:git
county,Oslo,2021-02-06,241,631,23050,6983,3.32374901585306,1.00693012484607,872,30033,fhi:git
county,Oslo,2021-02-07,215,269,23265,7252,3.3547514470204503,1.0457192131438802,484,30517,fhi:git
county,Oslo,2021-02-08,45,443,23310,7695,3.36124032796246,1.1095986410841299,488,31005,fhi:git
county,Oslo,2021-02-09,1163,244,24473,7939,3.52894185097492,1.1447827955252698,1407,32412,fhi:git
county,Oslo,2021-02-10,1834,808,26307,8747,3.79339979870049,1.26129425777296,2642,35054,fhi:git
county,Oslo,2021-02-11,1585,742,27892,9489,4.0219526052136,1.36828869463903,2327,37381,fhi:git
county,Oslo,2021-02-12,1353,426,29245,9915,4.217051625536779,1.42971676755675,1779,39160,fhi:git
county,Oslo,2021-02-13,272,193,29517,10108,4.2562733058973805,1.4575468569302699,465,39625,fhi:git
county,Oslo,2021-02-14,103,0,29620,10108,4.27112563338688,1.4575468569302699,103,39728,fhi:git
county,Oslo,2021-02-15,260,442,29880,10550,4.308616945496279,1.52128208751626,702,40430,fhi:git
county,Oslo,2021-02-16,700,744,30580,11294,4.40955509348315,1.6285649190908602,1444,41874,fhi:git
county,Oslo,2021-02-17,1389,1043,31969,12337,4.60984521855993,1.77896275959129,2432,44306,fhi:git
county,Oslo,2021-02-18,990,870,32959,13207,4.7526005992842,1.90441445780353,1860,46166,fhi:git
county,Oslo,2021-02-19,1481,896,34440,14103,4.96615688095355,2.03361528722671,2377,48543,fhi:git
county,Oslo,2021-02-20,98,111,34538,14214,4.98028822167171,2.0496211935503403,209,48752,fhi:git
county,Oslo,2021-02-21,5,61,34543,14275,4.98100920844304,2.05841723216062,66,48818,fhi:git
county,Oslo,2021-02-22,581,109,35124,14384,5.06478787127214,2.07413474377572,690,49508,fhi:git
county,Oslo,2021-02-23,306,1400,35430,15784,5.10891226167782,2.2760110397494397,1706,51214,fhi:git
county,Oslo,2021-02-24,584,2305,36014,18089,5.19312351656972,2.60838594133475,2889,54103,fhi:git
county,Rogaland,2020-12-27,0,0,0,0,0.0,0.0,0,0,fhi:git
county,Rogaland,2020-12-28,1,0,1,0,0.00020838021888258202,0.0,1,1,fhi:git
county,Rogaland,2020-12-29,0,0,1,0,0.00020838021888258202,0.0,0,1,fhi:git
county,Rogaland,2020-12-30,0,0,1,0,0.00020838021888258202,0.0,0,1,fhi:git
county,Rogaland,2020-12-31,0,0,1,0,0.00020838021888258202,0.0,0,1,fhi:git
county,Rogaland,2021-01-01,0,0,1,0,0.00020838021888258202,0.0,0,1,fhi:git
county,Rogaland,2021-01-02,0,0,1,0,0.00020838021888258202,0.0,0,1,fhi:git
county,Rogaland,2021-01-03,0,0,1,0,0.00020838021888258202,0.0,0,1,fhi:git
county,Rogaland,2021-01-04,0,0,1,0,0.00020838021888258202,0.0,0,1,fhi:git
county,Rogaland,2021-01-05,548,0,549,0,0.11440074016653698,0.0,548,549,fhi:git
county,Rogaland,2021-01-06,641,0,1190,0,0.24797246047027302,0.0,641,1190,fhi:git
county,Rogaland,2021-01-07,211,0,1401,0,0.291940686654497,0.0,211,1401,fhi:git
county,Rogaland,2021-01-08,20,0,1421,0,0.296108291032149,0.0,20,1421,fhi:git
county,Rogaland,2021-01-09,1,0,1422,0,0.296316671251032,0.0,1,1422,fhi:git
county,Rogaland,2021-01-10,0,0,1422,0,0.296316671251032,0.0,0,1422,fhi:git
county,Rogaland,2021-01-11,1,0,1423,0,0.29652505146991404,0.0,1,1423,fhi:git
county,Rogaland,2021-01-12,117,0,1540,0,0.320905537079176,0.0,117,1540,fhi:git
county,Rogaland,2021-01-13,761,0,2301,0,0.479482883648821,0.0,761,2301,fhi:git
county,Rogaland,2021-01-14,536,0,2837,0,0.591174680969885,0.0,536,2837,fhi:git
county,Rogaland,2021-01-15,289,0,3126,0,0.651396564226951,0.0,289,3126,fhi:git
county,Rogaland,2021-01-16,0,0,3126,0,0.651396564226951,0.0,0,3126,fhi:git
county,Rogaland,2021-01-17,0,0,3126,0,0.651396564226951,0.0,0,3126,fhi:git
county,Rogaland,2021-01-18,71,0,3197,0,0.666191559767614,0.0,71,3197,fhi:git
county,Rogaland,2021-01-19,512,0,3709,0,0.772882231835496,0.0,512,3709,fhi:git
county,Rogaland,2021-01-20,656,0,4365,0,0.90957965542247,0.0,656,4365,fhi:git
county,Rogaland,2021-01-21,427,0,4792,0,0.998558008885333,0.0,427,4792,fhi:git
county,Rogaland,2021-01-22,273,0,5065,0,1.05544580864028,0.0,273,5065,fhi:git
county,Rogaland,2021-01-23,0,0,5065,0,1.05544580864028,0.0,0,5065,fhi:git
county,Rogaland,2021-01-24,0,0,5065,0,1.05544580864028,0.0,0,5065,fhi:git
county,Rogaland,2021-01-25,150,0,5215,0,1.08670284147266,0.0,150,5215,fhi:git
county,Rogaland,2021-01-26,338,381,5553,381,1.15713535545498,0.0793928633942637,719,5934,fhi:git
county,Rogaland,2021-01-27,862,603,6415,984,1.33675910413176,0.20504613538046104,1465,7399,fhi:git
county,Rogaland,2021-01-28,521,282,6936,1266,1.4453251981695903,0.26380935710534903,803,8202,fhi:git
county,Rogaland,2021-01-29,410,22,7346,1288,1.53076108791145,0.268393721920766,432,8634,fhi:git
county,Rogaland,2021-01-30,2,1,7348,1289,1.53117784834921,0.268602102139648,3,8637,fhi:git
county,Rogaland,2021-01-31,0,0,7348,1289,1.53117784834921,0.268602102139648,0,8637,fhi:git
county,Rogaland,2021-02-01,12,5,7360,1294,1.5336784109758002,0.269644003234061,17,8654,fhi:git
county,Rogaland,2021-02-02,449,75,7809,1369,1.62724112925408,0.285272519650255,524,9178,fhi:git
county,Rogaland,2021-02-03,2424,635,10233,2004,2.13235477982546,0.41759395864069393,3059,12237,fhi:git
county,Rogaland,2021-02-04,1864,546,12097,2550,2.5207755078225897,0.531369558150584,2410,14647,fhi:git
county,Rogaland,2021-02-05,657,279,12754,2829,2.6576813116284503,0.589507639218824,936,15583,fhi:git
county,Rogaland,2021-02-06,0,0,12754,2829,2.6576813116284503,0.589507639218824,0,15583,fhi:git
county,Rogaland,2021-02-07,0,0,12754,2829,2.6576813116284503,0.589507639218824,0,15583,fhi:git
county,Rogaland,2021-02-08,7,71,12761,2900,2.65913997316063,0.6043026347594879,78,15661,fhi:git
county,Rogaland,2021-02-09,586,394,13347,3294,2.78125078142582,0.6864044409992249,980,16641,fhi:git
county,Rogaland,2021-02-10,1910,680,15257,3974,3.1792569994915496,0.828102989839381,2590,19231,fhi:git
county,Rogaland,2021-02-11,1171,491,16428,4465,3.42327023580306,0.930417677310728,1662,20893,fhi:git
county,Rogaland,2021-02-12,482,264,16910,4729,3.5237095013044604,0.98543005509573,746,21639,fhi:git
county,Rogaland,2021-02-13,0,0,16910,4729,3.5237095013044604,0.98543005509573,0,21639,fhi:git
county,Rogaland,2021-02-14,0,0,16910,4729,3.5237095013044604,0.98543005509573,0,21639,fhi:git
county,Rogaland,2021-02-15,0,147,16910,4876,3.5237095013044604,1.01606194727147,147,21786,fhi:git
county,Rogaland,2021-02-16,475,314,17385,5190,3.62269010527369,1.0814933360006,789,22575,fhi:git
county,Rogaland,2021-02-17,1467,779,18852,5969,3.92838388637443,1.2438215265101298,2246,24821,fhi:git
county,Rogaland,2021-02-18,1082,459,19934,6428,4.15385128320539,1.33946804697724,1541,26362,fhi:git
county,Rogaland,2021-02-19,438,410,20372,6838,4.24512181907596,1.4249039367191,848,27210,fhi:git
county,Rogaland,2021-02-20,1,0,20373,6838,4.24533019929484,1.4249039367191,1,27211,fhi:git
county,Rogaland,2021-02-21,0,0,20373,6838,4.24533019929484,1.4249039367191,0,27211,fhi:git
county,Rogaland,2021-02-22,251,13,20624,6851,4.29763363423437,1.4276128795645702,264,27475,fhi:git
county,Rogaland,2021-02-23,360,401,20984,7252,4.3726505130321005,1.5111733473364801,761,28236,fhi:git
county,Rogaland,2021-02-24,452,1975,21436,9227,4.466838371967031,1.92272427962958,2427,30663,fhi:git
county,Møre og Romsdal,2020-12-27,0,0,0,0,0.0,0.0,0,0,fhi:git
county,Møre og Romsdal,2020-12-28,0,0,0,0,0.0,0.0,0,0,fhi:git
county,Møre og Romsdal,2020-12-29,0,0,0,0,0.0,0.0,0,0,fhi:git
county,Møre og Romsdal,2020-12-30,0,0,0,0,0.0,0.0,0,0,fhi:git
county,Møre og Romsdal,2020-12-31,0,0,0,0,0.0,0.0,0,0,fhi:git
county,Møre og Romsdal,2021-01-01,0,0,0,0,0.0,0.0,0,0,fhi:git
county,Møre og Romsdal,2021-01-02,0,0,0,0,0.0,0.0,0,0,fhi:git
county,Møre og Romsdal,2021-01-03,0,0,0,0,0.0,0.0,0,0,fhi:git
county,Møre og Romsdal,2021-01-04,0,0,0,0,0.0,0.0,0,0,fhi:git
county,Møre og Romsdal,2021-01-05,186,0,186,0,0.0701256984293352,0.0,186,186,fhi:git
county,Møre og Romsdal,2021-01-06,497,0,683,0,0.257504580791591,0.0,497,683,fhi:git
county,Møre og Romsdal,2021-01-07,457,0,1140,0,0.429802667792699,0.0,457,1140,fhi:git
county,Møre og Romsdal,2021-01-08,35,0,1175,0,0.442998363733703,0.0,35,1175,fhi:git
county,Møre og Romsdal,2021-01-09,1,0,1176,0,0.4433753836177321,0.0,1,1176,fhi:git
county,Møre og Romsdal,2021-01-10,0,0,1176,0,0.4433753836177321,0.0,0,1176,fhi:git
county,Møre og Romsdal,2021-01-11,1,0,1177,0,0.443752403501761,0.0,1,1177,fhi:git
county,Møre og Romsdal,2021-01-12,227,0,1404,0,0.529335917176272,0.0,227,1404,fhi:git
county,Møre og Romsdal,2021-01-13,387,0,1791,0,0.6752426122953721,0.0,387,1791,fhi:git
county,Møre og Romsdal,2021-01-14,410,0,2201,0,0.829820764747133,0.0,410,2201,fhi:git
county,Møre og Romsdal,2021-01-15,152,0,2353,0,0.8871277871194929,0.0,152,2353,fhi:git
county,Møre og Romsdal,2021-01-16,1,0,2354,0,0.887504807003522,0.0,1,2354,fhi:git
county,Møre og Romsdal,2021-01-17,1,0,2355,0,0.88788182688755,0.0,1,2355,fhi:git
county,Møre og Romsdal,2021-01-18,11,0,2366,0,0.892029045611866,0.0,11,2366,fhi:git
county,Møre og Romsdal,2021-01-19,203,0,2569,0,0.968564082069688,0.0,203,2569,fhi:git
county,Møre og Romsdal,2021-01-20,500,0,3069,0,1.15707402408403,0.0,500,3069,fhi:git
county,Møre og Romsdal,2021-01-21,800,0,3869,0,1.4586899313069799,0.0,800,3869,fhi:git
county,Møre og Romsdal,2021-01-22,212,0,4081,0,1.53861814672106,0.0,212,4081,fhi:git
county,Møre og Romsdal,2021-01-23,0,0,4081,0,1.53861814672106,0.0,0,4081,fhi:git
county,Møre og Romsdal,2021-01-24,0,0,4081,0,1.53861814672106,0.0,0,4081,fhi:git
county,Møre og Romsdal,2021-01-25,3,0,4084,0,1.53974920637314,0.0,3,4084,fhi:git
county,Møre og Romsdal,2021-01-26,78,129,4162,129,1.56915675732738,0.0486355650397002,207,4291,fhi:git
county,Møre og Romsdal,2021-01-27,539,359,4701,488,1.77237047481884,0.183985703405998,898,5189,fhi:git
county,Møre og Romsdal,2021-01-28,487,509,5188,997,1.95597915834081,0.37588882437659793,996,6185,fhi:git
county,Møre og Romsdal,2021-01-29,93,77,5281,1074,1.99104200755548,0.404919355446806,170,6355,fhi:git
county,Møre og Romsdal,2021-01-30,0,1,5281,1075,1.99104200755548,0.40529637533083496,1,6356,fhi:git
county,Møre og Romsdal,2021-01-31,0,0,5281,1075,1.99104200755548,0.40529637533083496,0,6356,fhi:git
county,Møre og Romsdal,2021-02-01,0,0,5281,1075,1.99104200755548,0.40529637533083496,0,6356,fhi:git
county,Møre og Romsdal,2021-02-02,279,195,5560,1270,2.09623055519948,0.47881525271642794,474,6830,fhi:git
county,Møre og Romsdal,2021-02-03,1051,312,6611,1582,2.49247845331363,0.5964454565333779,1363,8193,fhi:git
county,Møre og Romsdal,2021-02-04,1531,463,8142,2045,3.06969589576154,0.7710056628386579,1994,10187,fhi:git
county,Møre og Romsdal,2021-02-05,204,156,8346,2201,3.1466079521033903,0.829820764747133,360,10547,fhi:git
county,Møre og Romsdal,2021-02-06,1,2,8347,2203,3.1469849719874197,0.83057480451519,3,10550,fhi:git
county,Møre og Romsdal,2021-02-07,0,1,8347,2204,3.1469849719874197,0.8309518243992191,1,10551,fhi:git
county,Møre og Romsdal,2021-02-08,0,2,8347,2206,3.1469849719874197,0.8317058641672759,2,10553,fhi:git
county,Møre og Romsdal,2021-02-09,317,183,8664,2389,3.26650027522452,0.900700502944526,500,11053,fhi:git
county,Møre og Romsdal,2021-02-10,1172,435,9836,2824,3.7083675793061297,1.064704152497,1607,12660,fhi:git
county,Møre og Romsdal,2021-02-11,1226,804,11062,3628,4.170593957125299,1.36782813925606,2030,14690,fhi:git
county,Møre og Romsdal,2021-02-12,304,207,11366,3835,4.28520800187002,1.4458712552500002,511,15201,fhi:git
county,Møre og Romsdal,2021-02-13,24,0,11390,3835,4.294256479086711,1.4458712552500002,24,15225,fhi:git
county,Møre og Romsdal,2021-02-14,0,0,11390,3835,4.294256479086711,1.4458712552500002,0,15225,fhi:git
county,Møre og Romsdal,2021-02-15,1,8,11391,3843,4.29463349897074,1.44888741432223,9,15234,fhi:git
county,Møre og Romsdal,2021-02-16,342,58,11733,3901,4.42357429930855,1.47075456759589,400,15634,fhi:git
county,Møre og Romsdal,2021-02-17,1161,411,12894,4312,4.861294384665849,1.62570973993168,1572,17206,fhi:git
county,Møre og Romsdal,2021-02-18,1152,504,14046,4816,5.295621291066889,1.8157277614821399,1656,18862,fhi:git
county,Møre og Romsdal,2021-02-19,493,70,14539,4886,5.48149209389303,1.8421191533641499,563,19425,fhi:git
county,Møre og Romsdal,2021-02-20,9,0,14548,4886,5.48488527284929,1.8421191533641499,9,19434,fhi:git
county,Møre og Romsdal,2021-02-21,0,0,14548,4886,5.48488527284929,1.8421191533641499,0,19434,fhi:git
county,Møre og Romsdal,2021-02-22,14,0,14562,4886,5.490163551225691,1.8421191533641499,14,19448,fhi:git
county,Møre og Romsdal,2021-02-23,387,174,14949,5060,5.63607024634479,1.9077206131851399,561,20009,fhi:git
county,Møre og Romsdal,2021-02-24,645,687,15594,5747,5.879248071543291,2.16673327351285,1332,21341,fhi:git
county,Nordland,2020-12-27,0,0,0,0,0.0,0.0,0,0,fhi:git
county,Nordland,2020-12-28,0,0,0,0,0.0,0.0,0,0,fhi:git
county,Nordland,2020-12-29,0,0,0,0,0.0,0.0,0,0,fhi:git
county,Nordland,2020-12-30,1,0,1,0,0.00041453354612722,0.0,1,1,fhi:git
county,Nordland,2020-12-31,0,0,1,0,0.00041453354612722,0.0,0,1,fhi:git
county,Nordland,2021-01-01,0,0,1,0,0.00041453354612722,0.0,0,1,fhi:git
county,Nordland,2021-01-02,0,0,1,0,0.00041453354612722,0.0,0,1,fhi:git
county,Nordland,2021-01-03,0,0,1,0,0.00041453354612722,0.0,0,1,fhi:git
county,Nordland,2021-01-04,0,0,1,0,0.00041453354612722,0.0,0,1,fhi:git
county,Nordland,2021-01-05,200,0,201,0,0.0833212427715713,0.0,200,201,fhi:git
county,Nordland,2021-01-06,686,0,887,0,0.367691255414845,0.0,686,887,fhi:git
county,Nordland,2021-01-07,238,0,1125,0,0.46635023939312303,0.0,238,1125,fhi:git
county,Nordland,2021-01-08,114,0,1239,0,0.513607063651626,0.0,114,1239,fhi:git
county,Nordland,2021-01-09,0,0,1239,0,0.513607063651626,0.0,0,1239,fhi:git
county,Nordland,2021-01-10,0,0,1239,0,0.513607063651626,0.0,0,1239,fhi:git
county,Nordland,2021-01-11,0,0,1239,0,0.513607063651626,0.0,0,1239,fhi:git
county,Nordland,2021-01-12,291,0,1530,0,0.6342363255746469,0.0,291,1530,fhi:git
county,Nordland,2021-01-13,627,0,2157,0,0.894148858996414,0.0,627,2157,fhi:git
county,Nordland,2021-01-14,273,0,2430,0,1.00731651708915,0.0,273,2430,fhi:git
county,Nordland,2021-01-15,69,0,2499,0,1.03591933177192,0.0,69,2499,fhi:git
county,Nordland,2021-01-16,0,0,2499,0,1.03591933177192,0.0,0,2499,fhi:git
county,Nordland,2021-01-17,1,0,2500,0,1.03633386531805,0.0,1,2500,fhi:git
county,Nordland,2021-01-18,0,0,2500,0,1.03633386531805,0.0,0,2500,fhi:git
county,Nordland,2021-01-19,313,0,2813,0,1.1660828652558701,0.0,313,2813,fhi:git
county,Nordland,2021-01-20,789,0,3602,0,1.49314983315025,0.0,789,3602,fhi:git
county,Nordland,2021-01-21,612,0,4214,0,1.74684436338011,0.0,612,4214,fhi:git
county,Nordland,2021-01-22,172,0,4386,0,1.8181441333139898,0.0,172,4386,fhi:git
county,Nordland,2021-01-23,4,0,4390,0,1.8198022674985002,0.0,4,4390,fhi:git
county,Nordland,2021-01-24,0,0,4390,0,1.8198022674985002,0.0,0,4390,fhi:git
county,Nordland,2021-01-25,51,0,4441,0,1.8409434783509901,0.0,51,4441,fhi:git
county,Nordland,2021-01-26,119,90,4560,90,1.8902729703401202,0.0373080191514498,209,4650,fhi:git
county,Nordland,2021-01-27,630,528,5190,618,2.15142910440027,0.256181731506622,1158,5808,fhi:git
county,Nordland,2021-01-28,471,365,5661,983,2.34667440462619,0.407486475843058,836,6644,fhi:git
county,Nordland,2021-01-29,212,144,5873,1127,2.4345555164051698,0.46717930648537703,356,7000,fhi:git
county,Nordland,2021-01-30,0,0,5873,1127,2.4345555164051698,0.46717930648537703,0,7000,fhi:git
county,Nordland,2021-01-31,0,0,5873,1127,2.4345555164051698,0.46717930648537703,0,7000,fhi:git
county,Nordland,2021-02-01,9,4,5882,1131,2.4382863183203103,0.46883744066988603,13,7013,fhi:git
county,Nordland,2021-02-02,110,199,5992,1330,2.4838850083943,0.551329616349203,309,7322,fhi:git
county,Nordland,2021-02-03,1386,447,7378,1777,3.05842850332663,0.7366261114680709,1833,9155,fhi:git
county,Nordland,2021-02-04,1665,347,9043,2124,3.7486268576284503,0.880469251974216,2012,11167,fhi:git
county,Nordland,2021-02-05,328,125,9371,2249,3.88459386075818,0.932285945240119,453,11620,fhi:git
county,Nordland,2021-02-06,0,0,9371,2249,3.88459386075818,0.932285945240119,0,11620,fhi:git
county,Nordland,2021-02-07,1,0,9372,2249,3.88500839430431,0.932285945240119,1,11621,fhi:git
county,Nordland,2021-02-08,6,1,9378,2250,3.8874955955810697,0.9327004787862461,7,11628,fhi:git
county,Nordland,2021-02-09,69,262,9447,2512,3.9160984102638503,1.04130826787158,331,11959,fhi:git
county,Nordland,2021-02-10,1995,589,11442,3101,4.74309283478766,1.2854685265405101,2584,14543,fhi:git
county,Nordland,2021-02-11,1195,560,12637,3661,5.23846042240968,1.51760731237175,1755,16298,fhi:git
county,Nordland,2021-02-12,279,237,12916,3898,5.35411528177918,1.6158517628039,516,16814,fhi:git
county,Nordland,2021-02-13,52,3,12968,3901,5.37567102617779,1.6170953634422902,55,16869,fhi:git
county,Nordland,2021-02-14,0,0,12968,3901,5.37567102617779,1.6170953634422902,0,16869,fhi:git
county,Nordland,2021-02-15,0,1,12968,3902,5.37567102617779,1.61750989698841,1,16870,fhi:git
county,Nordland,2021-02-16,219,70,13187,3972,5.466453872779651,1.64652724521732,289,17159,fhi:git
county,Nordland,2021-02-17,1463,516,14650,4488,6.07291645076378,1.86042655501897,1979,19138,fhi:git
county,Nordland,2021-02-18,839,597,15489,5085,6.42071009596452,2.10790308205692,1436,20574,fhi:git
county,Nordland,2021-02-19,304,230,15793,5315,6.546728293987191,2.20324579766618,534,21108,fhi:git
county,Nordland,2021-02-20,1,0,15794,5315,6.54714282753332,2.20324579766618,1,21109,fhi:git
county,Nordland,2021-02-21,0,0,15794,5315,6.54714282753332,2.20324579766618,0,21109,fhi:git
county,Nordland,2021-02-22,268,0,16062,5315,6.65823781789541,2.20324579766618,268,21377,fhi:git
county,Nordland,2021-02-23,306,42,16368,5357,6.7850850830103395,2.22065620660352,348,21725,fhi:git
county,Nordland,2021-02-24,870,903,17238,6260,7.145729268141019,2.5949799987564,1773,23498,fhi:git
county,Viken,2020-12-27,0,0,0,0,0.0,0.0,0,0,fhi:git
county,Viken,2020-12-28,65,0,65,0,0.00523701522360041,0.0,65,65,fhi:git
county,Viken,2020-12-29,689,0,754,0,0.0607493765937647,0.0,689,754,fhi:git
county,Viken,2020-12-30,216,0,970,0,0.0781523810291138,0.0,216,970,fhi:git
county,Viken,2020-12-31,67,0,1037,0,0.0835505351826711,0.0,67,1037,fhi:git
county,Viken,2021-01-01,0,0,1037,0,0.0835505351826711,0.0,0,1037,fhi:git
county,Viken,2021-01-02,0,0,1037,0,0.0835505351826711,0.0,0,1037,fhi:git
county,Viken,2021-01-03,0,0,1037,0,0.0835505351826711,0.0,0,1037,fhi:git
county,Viken,2021-01-04,0,0,1037,0,0.0835505351826711,0.0,0,1037,fhi:git
county,Viken,2021-01-05,525,0,1562,0,0.125849504296367,0.0,525,1562,fhi:git
county,Viken,2021-01-06,1646,0,3208,0,0.258466843650925,0.0,1646,3208,fhi:git
county,Viken,2021-01-07,1916,0,5124,0,0.412837938549669,0.0,1916,5124,fhi:git
county,Viken,2021-01-08,281,0,5405,0,0.435477958208619,0.0,281,5405,fhi:git
county,Viken,2021-01-09,6,0,5411,0,0.435961374998489,0.0,6,5411,fhi:git
county,Viken,2021-01-10,5,0,5416,0,0.43636422232338207,0.0,5,5416,fhi:git
county,Viken,2021-01-11,56,0,5472,0,0.44087611236217605,0.0,56,5472,fhi:git
county,Viken,2021-01-12,787,0,6259,0,0.50428428130023,0.0,787,6259,fhi:git
county,Viken,2021-01-13,1943,0,8202,0,0.660830751753393,0.0,1943,8202,fhi:git
county,Viken,2021-01-14,1951,0,10153,0,0.8180217779263841,0.0,1951,10153,fhi:git
county,Viken,2021-01-15,1042,0,11195,0,0.901975160433947,0.0,1042,11195,fhi:git
county,Viken,2021-01-16,87,0,11282,0,0.9089847038870742,0.0,87,11282,fhi:git
county,Viken,2021-01-17,22,0,11304,0,0.9107572321166,0.0,22,11304,fhi:git
county,Viken,2021-01-18,141,51,11445,51,0.9221175266785641,0.00410904271390186,192,11496,fhi:git
county,Viken,2021-01-19,644,384,12089,435,0.9740042621246969,0.0350477172656335,1028,12524,fhi:git
county,Viken,2021-01-20,1488,342,13577,777,1.0938916260126599,0.0626024742882695,1830,14354,fhi:git
county,Viken,2021-01-21,1998,99,15575,876,1.25486941703964,0.0705788513211378,2097,16451,fhi:git
county,Viken,2021-01-22,819,1,16394,877,1.320855808857,0.0706594207861163,820,17271,fhi:git
county,Viken,2021-01-23,97,0,16491,877,1.32867104695991,0.0706594207861163,97,17368,fhi:git
county,Viken,2021-01-24,0,0,16491,877,1.32867104695991,0.0706594207861163,0,17368,fhi:git
county,Viken,2021-01-25,59,0,16550,877,1.33342464539364,0.0706594207861163,59,17427,fhi:git
county,Viken,2021-01-26,560,391,17110,1268,1.3785435457815802,0.102162081592697,951,18378,fhi:git
county,Viken,2021-01-27,1931,1147,19041,2415,1.53412318265501,0.194575257923,3078,21456,fhi:git
county,Viken,2021-01-28,3103,1704,22144,4119,1.78413023248319,0.33186562624630894,4807,26263,fhi:git
county,Viken,2021-01-29,1031,421,23175,4540,1.86719735087599,0.36578537100224395,1452,27715,fhi:git
county,Viken,2021-01-30,5,17,23180,4557,1.86760019820088,0.36715505190687797,22,27737,fhi:git
county,Viken,2021-01-31,2,3,23182,4560,1.8677613371308401,0.36739676030181295,5,27742,fhi:git
county,Viken,2021-02-01,24,45,23206,4605,1.86969500429032,0.37102238622584405,69,27811,fhi:git
county,Viken,2021-02-02,1016,685,24222,5290,1.95155358070845,0.426212469736095,1701,29512,fhi:git
county,Viken,2021-02-03,4734,1711,28956,7001,2.3329694279165096,0.5640668243142529,6445,35957,fhi:git
county,Viken,2021-02-04,6626,1749,35582,8750,2.86682270286384,0.704982818561593,8375,44332,fhi:git
county,Viken,2021-02-05,3128,1092,38710,9842,3.11884398931649,0.7929646743180799,4220,48552,fhi:git
county,Viken,2021-02-06,37,87,38747,9929,3.12182505952069,0.7999742177712071,124,48676,fhi:git
county,Viken,2021-02-07,15,19,38762,9948,3.1230336014953703,0.8015050376057979,34,48710,fhi:git
county,Viken,2021-02-08,17,95,38779,10043,3.1244032824000003,0.8091591367787521,112,48822,fhi:git
county,Viken,2021-02-09,784,565,39563,10608,3.18756974294312,0.854680884491587,1349,50171,fhi:git
county,Viken,2021-02-10,3421,1326,42984,11934,3.46319788263446,0.961515995053035,4747,54918,fhi:git
county,Viken,2021-02-11,4826,1907,47810,13841,3.85202612062055,1.11516196476697,6733,61651,fhi:git
county,Viken,2021-02-12,2411,971,50221,14812,4.0462791006836305,1.19339491526107,3382,65033,fhi:git
county,Viken,2021-02-13,21,96,50242,14908,4.04797105944818,1.201129583899,117,65150,fhi:git
county,Viken,2021-02-14,6,0,50248,14908,4.048454476238049,1.201129583899,6,65156,fhi:git
county,Viken,2021-02-15,351,123,50599,15031,4.07673435844549,1.21103962809135,474,65630,fhi:git
county,Viken,2021-02-16,1355,315,51954,15346,4.18590598349132,1.2364190095595702,1670,67300,fhi:git
county,Viken,2021-02-17,4298,1651,56252,16997,4.532193543968769,1.36943919623902,5949,73249,fhi:git
county,Viken,2021-02-18,4793,2813,61045,19810,4.9183629896105705,1.59608110122345,7606,80855,fhi:git
county,Viken,2021-02-19,3741,1130,64786,20940,5.219773358095019,1.6871245966491202,4871,85726,fhi:git
county,Viken,2021-02-20,23,4,64809,20944,5.22162645578952,1.68744687450903,27,85753,fhi:git
county,Viken,2021-02-21,0,2,64809,20946,5.22162645578952,1.6876080134389901,2,85755,fhi:git
county,Viken,2021-02-22,584,7,65393,20953,5.26867902333695,1.6881719996938402,591,86346,fhi:git
county,Viken,2021-02-23,1920,726,67313,21679,5.4233723960956,1.7466654312682,2646,88992,fhi:git
county,Viken,2021-02-24,1937,3906,69250,25585,5.5794354497589005,2.0613697614741002,5843,94835,fhi:git
county,Innlandet,2020-12-27,0,0,0,0,0.0,0.0,0,0,fhi:git
county,Innlandet,2020-12-28,271,0,271,0,0.07297009841539098,0.0,271,271,fhi:git
county,Innlandet,2020-12-29,260,0,531,0,0.142978310917242,0.0,260,531,fhi:git
county,Innlandet,2020-12-30,149,0,680,0,0.18309840192791801,0.0,149,680,fhi:git
county,Innlandet,2020-12-31,0,0,680,0,0.18309840192791801,0.0,0,680,fhi:git
county,Innlandet,2021-01-01,0,0,680,0,0.18309840192791801,0.0,0,680,fhi:git
county,Innlandet,2021-01-02,0,0,680,0,0.18309840192791801,0.0,0,680,fhi:git
county,Innlandet,2021-01-03,0,0,680,0,0.18309840192791801,0.0,0,680,fhi:git
county,Innlandet,2021-01-04,0,0,680,0,0.18309840192791801,0.0,0,680,fhi:git
county,Innlandet,2021-01-05,271,0,951,0,0.25606850034331,0.0,271,951,fhi:git
county,Innlandet,2021-01-06,703,0,1654,0,0.445359936454084,0.0,703,1654,fhi:git
county,Innlandet,2021-01-07,717,0,2371,0,0.638421045545727,0.0,717,2371,fhi:git
county,Innlandet,2021-01-08,76,0,2447,0,0.65888498458473,0.0,76,2447,fhi:git
county,Innlandet,2021-01-09,0,0,2447,0,0.65888498458473,0.0,0,2447,fhi:git
county,Innlandet,2021-01-10,0,0,2447,0,0.65888498458473,0.0,0,2447,fhi:git
county,Innlandet,2021-01-11,50,0,2497,0,0.672348102373548,0.0,50,2497,fhi:git
county,Innlandet,2021-01-12,403,0,2900,0,0.780860831751417,0.0,403,2900,fhi:git
county,Innlandet,2021-01-13,994,0,3894,0,1.04850761339311,0.0,994,3894,fhi:git
county,Innlandet,2021-01-14,958,0,4852,0,1.30646095022685,0.0,958,4852,fhi:git
county,Innlandet,2021-01-15,279,0,5131,0,1.38158514748846,0.0,279,5131,fhi:git
county,Innlandet,2021-01-16,4,0,5135,0,1.38266219691156,0.0,4,5135,fhi:git
county,Innlandet,2021-01-17,0,0,5135,0,1.38266219691156,0.0,0,5135,fhi:git
county,Innlandet,2021-01-18,62,0,5197,0,1.39935646296969,0.0,62,5197,fhi:git
county,Innlandet,2021-01-19,331,318,5528,318,1.4884823027316698,0.0856254291368795,649,5846,fhi:git
county,Innlandet,2021-01-20,665,252,6193,570,1.6675417693229397,0.15347954279252,917,6763,fhi:git
county,Innlandet,2021-01-21,832,48,7025,618,1.89156804932886,0.166404135869785,880,7643,fhi:git
county,Innlandet,2021-01-22,238,0,7263,618,1.9556524900036398,0.166404135869785,238,7881,fhi:git
county,Innlandet,2021-01-23,5,0,7268,618,1.9569988017825202,0.166404135869785,5,7886,fhi:git
county,Innlandet,2021-01-24,0,0,7268,618,1.9569988017825202,0.166404135869785,0,7886,fhi:git
county,Innlandet,2021-01-25,1,0,7269,618,1.95726806413829,0.166404135869785,1,7887,fhi:git
county,Innlandet,2021-01-26,150,131,7419,749,1.99765741750475,0.201677504476487,281,8168,fhi:git
county,Innlandet,2021-01-27,933,603,8352,1352,2.24887919544408,0.364042705009626,1536,9704,fhi:git
county,Innlandet,2021-01-28,903,707,9255,2059,2.49202310271013,0.554411190543506,1610,11314,fhi:git
county,Innlandet,2021-01-29,319,132,9574,2191,2.5779177942027798,0.589953821505984,451,11765,fhi:git
county,Innlandet,2021-01-30,1,0,9575,2191,2.5781870565585603,0.589953821505984,1,11766,fhi:git
county,Innlandet,2021-01-31,1,0,9576,2191,2.57845631891433,0.589953821505984,1,11767,fhi:git
county,Innlandet,2021-02-01,8,49,9584,2240,2.58061041776055,0.6031476769390259,57,11824,fhi:git
county,Innlandet,2021-02-02,609,341,10193,2581,2.7445911924283397,0.694966140258761,950,12774,fhi:git
county,Innlandet,2021-02-03,2304,872,12497,3453,3.3649716601370496,0.929762914495739,3176,15950,fhi:git
county,Innlandet,2021-02-04,2641,994,15138,4447,4.0760935417424,1.1974096961374299,3635,19585,fhi:git
county,Innlandet,2021-02-05,807,269,15945,4716,4.29338826285391,1.26984126984127,1076,20661,fhi:git
county,Innlandet,2021-02-06,7,4,15952,4720,4.29527309934435,1.2709183192643798,11,20672,fhi:git
county,Innlandet,2021-02-07,0,0,15952,4720,4.29527309934435,1.2709183192643798,0,20672,fhi:git
county,Innlandet,2021-02-08,2,62,15954,4782,4.2958116240559,1.28761258532251,64,20736,fhi:git
county,Innlandet,2021-02-09,256,269,16210,5051,4.36474278713465,1.3600441590263501,525,21261,fhi:git
county,Innlandet,2021-02-10,2070,578,18280,5629,4.92211586359169,1.51567780066508,2648,23909,fhi:git
county,Innlandet,2021-02-11,2216,844,20496,6473,5.51880124399208,1.74293522894032,3060,26969,fhi:git
county,Innlandet,2021-02-12,429,279,20925,6752,5.634314794620139,1.8180594262019198,708,27677,fhi:git
county,Innlandet,2021-02-13,0,5,20925,6757,5.634314794620139,1.8194057379808,5,27682,fhi:git
county,Innlandet,2021-02-14,1,0,20926,6757,5.6345840569759105,1.8194057379808,1,27683,fhi:git
county,Innlandet,2021-02-15,87,14,21013,6771,5.658009881928459,1.82317541096167,101,27784,fhi:git
county,Innlandet,2021-02-16,518,92,21531,6863,5.79748778222061,1.8479475476931,610,28394,fhi:git
county,Innlandet,2021-02-17,1500,762,23031,7625,6.20138131588513,2.05312546279467,2262,30656,fhi:git
county,Innlandet,2021-02-18,1434,890,24465,8515,6.58750353406842,2.2927689594356297,2324,32980,fhi:git
county,Innlandet,2021-02-19,540,296,25005,8811,6.73290520618765,2.37247061674543,836,33816,fhi:git
county,Innlandet,2021-02-20,0,0,25005,8811,6.73290520618765,2.37247061674543,0,33816,fhi:git
county,Innlandet,2021-02-21,0,1,25005,8812,6.73290520618765,2.3727398791012,1,33817,fhi:git
county,Innlandet,2021-02-22,250,3,25255,8815,6.80022079513174,2.3735476661685295,253,34070,fhi:git
county,Innlandet,2021-02-23,278,305,25533,9120,6.875075730037559,2.45567268468032,583,34653,fhi:git
county,Innlandet,2021-02-24,712,2298,26245,11418,7.066790527350321,3.0744375782543703,3010,37663,fhi:git
county,Vestfold og Telemark,2020-12-27,0,0,0,0,0.0,0.0,0,0,fhi:git
county,Vestfold og Telemark,2020-12-28,0,0,0,0,0.0,0.0,0,0,fhi:git
county,Vestfold og Telemark,2020-12-29,0,0,0,0,0.0,0.0,0,0,fhi:git
county,Vestfold og Telemark,2020-12-30,0,0,0,0,0.0,0.0,0,0,fhi:git
county,Vestfold og Telemark,2020-12-31,0,0,0,0,0.0,0.0,0,0,fhi:git
county,Vestfold og Telemark,2021-01-01,0,0,0,0,0.0,0.0,0,0,fhi:git
county,Vestfold og Telemark,2021-01-02,0,0,0,0,0.0,0.0,0,0,fhi:git
county,Vestfold og Telemark,2021-01-03,0,0,0,0,0.0,0.0,0,0,fhi:git
county,Vestfold og Telemark,2021-01-04,1,0,1,0,0.00023843813484153399,0.0,1,1,fhi:git
county,Vestfold og Telemark,2021-01-05,218,0,219,0,0.052217951530296,0.0,218,219,fhi:git
county,Vestfold og Telemark,2021-01-06,1026,0,1245,0,0.29685547787771,0.0,1026,1245,fhi:git
county,Vestfold og Telemark,2021-01-07,442,0,1687,0,0.40224513347766794,0.0,442,1687,fhi:git
county,Vestfold og Telemark,2021-01-08,64,0,1751,0,0.417505174107526,0.0,64,1751,fhi:git
county,Vestfold og Telemark,2021-01-09,0,0,1751,0,0.417505174107526,0.0,0,1751,fhi:git
county,Vestfold og Telemark,2021-01-10,2,0,1753,0,0.417982050377209,0.0,2,1753,fhi:git
county,Vestfold og Telemark,2021-01-11,3,0,1756,0,0.41869736478173397,0.0,3,1756,fhi:git
county,Vestfold og Telemark,2021-01-12,418,0,2174,0,0.518364505145495,0.0,418,2174,fhi:git
county,Vestfold og Telemark,2021-01-13,1166,0,3340,0,0.796383370370724,0.0,1166,3340,fhi:git
county,Vestfold og Telemark,2021-01-14,582,0,3922,0,0.935154364848496,0.0,582,3922,fhi:git
county,Vestfold og Telemark,2021-01-15,157,0,4079,0,0.9725891520186171,0.0,157,4079,fhi:git
county,Vestfold og Telemark,2021-01-16,3,0,4082,0,0.9733044664231421,0.0,3,4082,fhi:git
county,Vestfold og Telemark,2021-01-17,41,0,4123,0,0.983080429951645,0.0,41,4123,fhi:git
county,Vestfold og Telemark,2021-01-18,7,0,4130,0,0.984749496895535,0.0,7,4130,fhi:git
county,Vestfold og Telemark,2021-01-19,233,0,4363,0,1.04030558231361,0.0,233,4363,fhi:git
county,Vestfold og Telemark,2021-01-20,1606,0,5969,0,1.42323722686912,0.0,1606,5969,fhi:git
county,Vestfold og Telemark,2021-01-21,830,0,6799,0,1.62114087878759,0.0,830,6799,fhi:git
county,Vestfold og Telemark,2021-01-22,180,0,6979,0,1.66405974305907,0.0,180,6979,fhi:git
county,Vestfold og Telemark,2021-01-23,3,0,6982,0,1.6647750574635902,0.0,3,6982,fhi:git
county,Vestfold og Telemark,2021-01-24,0,0,6982,0,1.6647750574635902,0.0,0,6982,fhi:git
county,Vestfold og Telemark,2021-01-25,44,0,7026,0,1.67526633539662,0.0,44,7026,fhi:git
county,Vestfold og Telemark,2021-01-26,103,178,7129,178,1.6998254632853,0.0424419880017931,281,7307,fhi:git
county,Vestfold og Telemark,2021-01-27,1622,898,8751,1076,2.08657211799826,0.25655943308949103,2520,9827,fhi:git
county,Vestfold og Telemark,2021-01-28,652,449,9403,1525,2.24203378191494,0.363618155633339,1101,10928,fhi:git
county,Vestfold og Telemark,2021-01-29,87,91,9490,1616,2.2627778996461605,0.38531602590391906,178,11106,fhi:git
county,Vestfold og Telemark,2021-01-30,0,0,9490,1616,2.2627778996461605,0.38531602590391906,0,11106,fhi:git
county,Vestfold og Telemark,2021-01-31,0,1,9490,1617,2.2627778996461605,0.385554464038761,1,11107,fhi:git
county,Vestfold og Telemark,2021-02-01,49,1,9539,1618,2.27446136825339,0.38579290217360207,50,11157,fhi:git
county,Vestfold og Telemark,2021-02-02,463,327,10002,1945,2.3848582246850203,0.463762172266784,790,11947,fhi:git
county,Vestfold og Telemark,2021-02-03,3210,847,13212,2792,3.15024463752635,0.665719272477563,4057,16004,fhi:git
county,Vestfold og Telemark,2021-02-04,1894,708,15106,3500,3.60184646491621,0.834533471945369,2602,18606,fhi:git
county,Vestfold og Telemark,2021-02-05,952,244,16058,3744,3.82883956928535,0.892712376846703,1196,19802,fhi:git
county,Vestfold og Telemark,2021-02-06,0,4,16058,3748,3.82883956928535,0.8936661293860699,4,19806,fhi:git
county,Vestfold og Telemark,2021-02-07,2,1,16060,3749,3.8293164455550404,0.893904567520911,3,19809,fhi:git
county,Vestfold og Telemark,2021-02-08,17,46,16077,3795,3.83336989384734,0.9048727217236221,63,19872,fhi:git
county,Vestfold og Telemark,2021-02-09,351,208,16428,4003,3.9170616791767205,0.9544678537706609,559,20431,fhi:git
county,Vestfold og Telemark,2021-02-10,2880,1395,19308,5398,4.60376350752034,1.2870890518746,4275,24706,fhi:git
county,Vestfold og Telemark,2021-02-11,1531,876,20839,6274,4.96881229196273,1.4959608579957802,2407,27113,fhi:git
county,Vestfold og Telemark,2021-02-12,603,213,21442,6487,5.11259048727217,1.5467481807170302,816,27929,fhi:git
county,Vestfold og Telemark,2021-02-13,2,2,21444,6489,5.113067363541861,1.5472250569867099,4,27933,fhi:git
county,Vestfold og Telemark,2021-02-14,0,0,21444,6489,5.113067363541861,1.5472250569867099,0,27933,fhi:git
county,Vestfold og Telemark,2021-02-15,4,2,21448,6491,5.11402111608122,1.5477019332564,6,27939,fhi:git
county,Vestfold og Telemark,2021-02-16,572,74,22020,6565,5.25040772921058,1.56534635523467,646,28585,fhi:git
county,Vestfold og Telemark,2021-02-17,3008,1518,25028,8083,5.967629638813911,1.92729544392412,4526,33111,fhi:git
county,Vestfold og Telemark,2021-02-18,1800,625,26828,8708,6.396818281528669,2.07631927820008,2425,35536,fhi:git
county,Vestfold og Telemark,2021-02-19,278,83,27106,8791,6.4631040830146205,2.0961096433919297,361,35897,fhi:git
county,Vestfold og Telemark,2021-02-20,0,1,27106,8792,6.4631040830146205,2.09634808152677,1,35898,fhi:git
county,Vestfold og Telemark,2021-02-21,0,1,27106,8793,6.4631040830146205,2.09658651966161,1,35899,fhi:git
county,Vestfold og Telemark,2021-02-22,50,0,27156,8793,6.4750259897567,2.09658651966161,50,35949,fhi:git
county,Vestfold og Telemark,2021-02-23,578,207,27734,9000,6.612843231695111,2.14594321357381,785,36734,fhi:git
county,Vestfold og Telemark,2021-02-24,622,2546,28356,11546,6.76115175156654,2.75300670488035,3168,39902,fhi:git
county,Agder,2020-12-27,0,0,0,0,0.0,0.0,0,0,fhi:git
county,Agder,2020-12-28,0,0,0,0,0.0,0.0,0,0,fhi:git
county,Agder,2020-12-29,0,0,0,0,0.0,0.0,0,0,fhi:git
county,Agder,2020-12-30,0,0,0,0,0.0,0.0,0,0,fhi:git
county,Agder,2020-12-31,0,0,0,0,0.0,0.0,0,0,fhi:git
county,Agder,2021-01-01,0,0,0,0,0.0,0.0,0,0,fhi:git
county,Agder,2021-01-02,0,0,0,0,0.0,0.0,0,0,fhi:git
county,Agder,2021-01-03,3,0,3,0,0.000976463963597423,0.0,3,3,fhi:git
county,Agder,2021-01-04,0,0,3,0,0.000976463963597423,0.0,0,3,fhi:git
county,Agder,2021-01-05,79,0,82,0,0.0266900150049962,0.0,79,82,fhi:git
county,Agder,2021-01-06,791,0,873,0,0.28415101340685,0.0,791,873,fhi:git
county,Agder,2021-01-07,230,0,1103,0,0.359013250615986,0.0,230,1103,fhi:git
county,Agder,2021-01-08,49,0,1152,0,0.37496216202141097,0.0,49,1152,fhi:git
county,Agder,2021-01-09,0,0,1152,0,0.37496216202141097,0.0,0,1152,fhi:git
county,Agder,2021-01-10,0,0,1152,0,0.37496216202141097,0.0,0,1152,fhi:git
county,Agder,2021-01-11,1,0,1153,0,0.375287650009276,0.0,1,1153,fhi:git
county,Agder,2021-01-12,225,0,1378,0,0.44852244727908297,0.0,225,1378,fhi:git
county,Agder,2021-01-13,851,0,2229,0,0.725512724952886,0.0,851,2229,fhi:git
county,Agder,2021-01-14,519,0,2748,0,0.89444099065524,0.0,519,2748,fhi:git
county,Agder,2021-01-15,118,0,2866,0,0.9328485732234051,0.0,118,2866,fhi:git
county,Agder,2021-01-16,1,0,2867,0,0.933174061211271,0.0,1,2867,fhi:git
county,Agder,2021-01-17,2,0,2869,0,0.933825037187002,0.0,2,2869,fhi:git
county,Agder,2021-01-18,15,0,2884,0,0.93870735700499,0.0,15,2884,fhi:git
county,Agder,2021-01-19,347,0,3231,0,1.05165168879443,0.0,347,3231,fhi:git
county,Agder,2021-01-20,459,0,3690,0,1.20105067522483,0.0,459,3690,fhi:git
county,Agder,2021-01-21,341,0,4031,0,1.3120420790870702,0.0,341,4031,fhi:git
county,Agder,2021-01-22,62,0,4093,0,1.3322223343347501,0.0,62,4093,fhi:git
county,Agder,2021-01-23,1,0,4094,0,1.3325478223226201,0.0,1,4094,fhi:git
county,Agder,2021-01-24,0,0,4094,0,1.3325478223226201,0.0,0,4094,fhi:git
county,Agder,2021-01-25,1,0,4095,0,1.33287331031048,0.0,1,4095,fhi:git
county,Agder,2021-01-26,62,66,4157,66,1.35305356555816,0.0214822071991433,128,4223,fhi:git
county,Agder,2021-01-27,565,681,4722,747,1.53695427870234,0.243139526935758,1246,5469,fhi:git
county,Agder,2021-01-28,961,248,5683,995,1.8497482350413899,0.323860547926479,1209,6678,fhi:git
county,Agder,2021-01-29,204,61,5887,1056,1.91614778456601,0.34371531518629306,265,6943,fhi:git
county,Agder,2021-01-30,29,0,5916,1056,1.92558693621412,0.34371531518629306,29,6972,fhi:git
county,Agder,2021-01-31,20,0,5936,1056,1.93209669597144,0.34371531518629306,20,6992,fhi:git
county,Agder,2021-02-01,0,2,5936,1058,1.93209669597144,0.34436629116202505,2,6994,fhi:git
county,Agder,2021-02-02,203,170,6139,1228,1.99817075750819,0.39969924909921206,373,7367,fhi:git
county,Agder,2021-02-03,1331,592,7470,1820,2.43139526935758,0.59238813791577,1923,9290,fhi:git
county,Agder,2021-02-04,1703,500,9173,2320,2.98570131269306,0.7551321318486741,2203,11493,fhi:git
county,Agder,2021-02-05,617,133,9790,2453,3.1865274012062597,0.798422034234827,750,12243,fhi:git
county,Agder,2021-02-06,508,2,10298,2455,3.3518752990420895,0.799073010210558,510,12753,fhi:git
county,Agder,2021-02-07,83,2,10381,2457,3.37889080203495,0.79972398618629,85,12838,fhi:git
county,Agder,2021-02-08,13,2,10394,2459,3.38312214587721,0.800374962162021,15,12853,fhi:git
county,Agder,2021-02-09,188,254,10582,2713,3.44431388759598,0.8830489110799371,442,13295,fhi:git
county,Agder,2021-02-10,1149,371,11731,3084,3.81829958565379,1.00380495457815,1520,14815,fhi:git
county,Agder,2021-02-11,1000,412,12731,3496,4.1437875735196,1.1379060055788601,1412,16227,fhi:git
county,Agder,2021-02-12,352,69,13083,3565,4.25835934524836,1.1603646767416,421,16648,fhi:git
county,Agder,2021-02-13,424,1,13507,3566,4.39636625210347,1.16069016472947,425,17073,fhi:git
county,Agder,2021-02-14,0,0,13507,3566,4.39636625210347,1.16069016472947,0,17073,fhi:git
county,Agder,2021-02-15,1,2,13508,3568,4.39669174009133,1.1613411407052,3,17076,fhi:git
county,Agder,2021-02-16,139,112,13647,3680,4.44193457040468,1.19779579534617,251,17327,fhi:git
county,Agder,2021-02-17,1185,435,14832,4115,4.82763783602566,1.3393830700678,1620,18947,fhi:git
county,Agder,2021-02-18,1062,790,15894,4905,5.1733060791391505,1.59651858048179,1852,20799,fhi:git
county,Agder,2021-02-19,714,330,16608,5235,5.4057045024753405,1.7039296164775,1044,21843,fhi:git
county,Agder,2021-02-20,9,22,16617,5257,5.40863389436613,1.71109035221055,31,21874,fhi:git
county,Agder,2021-02-21,53,20,16670,5277,5.425884757723019,1.71760011196787,73,21947,fhi:git
county,Agder,2021-02-22,219,0,16889,5277,5.49716662706563,1.71760011196787,219,22166,fhi:git
county,Agder,2021-02-23,281,200,17170,5477,5.58862875165592,1.78269770954103,481,22647,fhi:git
county,Agder,2021-02-24,554,1069,17724,6546,5.76894909693358,2.13064436856958,1623,24270,fhi:git
county,Vestland,2020-12-27,0,0,0,0,0.0,0.0,0,0,fhi:git
county,Vestland,2020-12-28,0,0,0,0,0.0,0.0,0,0,fhi:git
county,Vestland,2020-12-29,0,0,0,0,0.0,0.0,0,0,fhi:git
county,Vestland,2020-12-30,0,0,0,0,0.0,0.0,0,0,fhi:git
county,Vestland,2020-12-31,0,0,0,0,0.0,0.0,0,0,fhi:git
county,Vestland,2021-01-01,0,0,0,0,0.0,0.0,0,0,fhi:git
county,Vestland,2021-01-02,0,0,0,0,0.0,0.0,0,0,fhi:git
county,Vestland,2021-01-03,0,0,0,0,0.0,0.0,0,0,fhi:git
county,Vestland,2021-01-04,2,0,2,0,0.00031420307887597003,0.0,2,2,fhi:git
county,Vestland,2021-01-05,416,0,418,0,0.0656684434850777,0.0,416,418,fhi:git
county,Vestland,2021-01-06,1254,0,1672,0,0.262673773940311,0.0,1254,1672,fhi:git
county,Vestland,2021-01-07,718,0,2390,0,0.375472679256784,0.0,718,2390,fhi:git
county,Vestland,2021-01-08,139,0,2529,0,0.39730979323866394,0.0,139,2529,fhi:git
county,Vestland,2021-01-09,0,0,2529,0,0.39730979323866394,0.0,0,2529,fhi:git
county,Vestland,2021-01-10,0,0,2529,0,0.39730979323866394,0.0,0,2529,fhi:git
county,Vestland,2021-01-11,65,0,2594,0,0.407521393302133,0.0,65,2594,fhi:git
county,Vestland,2021-01-12,855,0,3449,0,0.54184320952161,0.0,855,3449,fhi:git
county,Vestland,2021-01-13,1124,0,4573,0,0.7184253398499051,0.0,1124,4573,fhi:git
county,Vestland,2021-01-14,996,0,5569,0,0.8748984731301379,0.0,996,5569,fhi:git
county,Vestland,2021-01-15,424,0,5993,0,0.9415095258518441,0.0,424,5993,fhi:git
county,Vestland,2021-01-16,2,0,5995,0,0.94182372893072,0.0,2,5995,fhi:git
county,Vestland,2021-01-17,1,0,5996,0,0.941980830470158,0.0,1,5996,fhi:git
county,Vestland,2021-01-18,62,0,6058,0,0.9517211259153129,0.0,62,6058,fhi:git
county,Vestland,2021-01-19,368,0,6426,0,1.00953449242849,0.0,368,6426,fhi:git
county,Vestland,2021-01-20,1235,0,7661,0,1.2035548936343998,0.0,1235,7661,fhi:git
county,Vestland,2021-01-21,783,0,8444,0,1.32656539901435,0.0,783,8444,fhi:git
county,Vestland,2021-01-22,312,0,8756,0,1.375581079319,0.0,312,8756,fhi:git
county,Vestland,2021-01-23,0,0,8756,0,1.375581079319,0.0,0,8756,fhi:git
county,Vestland,2021-01-24,0,0,8756,0,1.375581079319,0.0,0,8756,fhi:git
county,Vestland,2021-01-25,1,0,8757,0,1.37573818085843,0.0,1,8757,fhi:git
county,Vestland,2021-01-26,151,174,8908,174,1.39946051331357,0.0273356678622094,325,9082,fhi:git
county,Vestland,2021-01-27,1590,1208,10498,1382,1.6492519610199698,0.217114327503295,2798,11880,fhi:git
county,Vestland,2021-01-28,1930,677,12428,2059,1.9524579321352802,0.323472069702811,2607,14487,fhi:git
county,Vestland,2021-01-29,481,176,12909,2235,2.02802377260495,0.351121940643896,657,15144,fhi:git
county,Vestland,2021-01-30,1,0,12910,2235,2.02818087414439,0.351121940643896,1,15145,fhi:git
county,Vestland,2021-01-31,1,0,12911,2235,2.02833797568382,0.351121940643896,1,15146,fhi:git
county,Vestland,2021-02-01,12,59,12923,2294,2.03022319415708,0.3603909314707371,71,15217,fhi:git
county,Vestland,2021-02-02,713,581,13636,2875,2.14223659177636,0.45166692588420704,1294,16511,fhi:git
county,Vestland,2021-02-03,2821,1037,16457,3912,2.58542003453092,0.614581222281397,3858,20369,fhi:git
county,Vestland,2021-02-04,2543,1056,19000,4968,2.9849292493217097,0.780480447927909,3599,23968,fhi:git
county,Vestland,2021-02-05,878,485,19878,5453,3.12286440094827,0.8566746945553321,1363,25331,fhi:git
county,Vestland,2021-02-06,0,2,19878,5455,3.12286440094827,0.856988897634208,2,25333,fhi:git
county,Vestland,2021-02-07,2,1,19880,5456,3.12317860402714,0.857145999173646,3,25336,fhi:git
county,Vestland,2021-02-08,9,49,19889,5505,3.12459251788208,0.8648439746061071,58,25394,fhi:git
county,Vestland,2021-02-09,873,305,20762,5810,3.26174216181144,0.912759944134693,1178,26572,fhi:git
county,Vestland,2021-02-10,2740,968,23502,6778,3.6922003798715197,1.06483423431066,3708,30280,fhi:git
county,Vestland,2021-02-11,2679,834,26181,7612,4.11307540402588,1.1958569182019398,3513,33793,fhi:git
county,Vestland,2021-02-12,609,457,26790,8069,4.20875024154362,1.2676523217251001,1066,34859,fhi:git
county,Vestland,2021-02-13,0,0,26790,8069,4.20875024154362,1.2676523217251001,0,34859,fhi:git
county,Vestland,2021-02-14,0,2,26790,8071,4.20875024154362,1.26796652480398,2,34861,fhi:git
county,Vestland,2021-02-15,92,1,26882,8072,4.22320358317191,1.26812362634341,93,34954,fhi:git
county,Vestland,2021-02-16,1058,56,27940,8128,4.3894170118973,1.2769213125519399,1114,36068,fhi:git
county,Vestland,2021-02-17,2669,1322,30609,9450,4.80872102065728,1.4846095476889598,3991,40059,fhi:git
county,Vestland,2021-02-18,1906,1942,32515,11392,5.10815655482608,1.78970073727752,3848,43907,fhi:git
county,Vestland,2021-02-19,1104,519,33619,11911,5.28159665436562,1.8712364362458402,1623,45530,fhi:git
county,Vestland,2021-02-20,0,3,33619,11914,5.28159665436562,1.87170774086415,3,45533,fhi:git
county,Vestland,2021-02-21,0,1,33619,11915,5.28159665436562,1.8718648424035902,1,45534,fhi:git
county,Vestland,2021-02-22,46,2,33665,11917,5.28882332517976,1.87217904548247,48,45582,fhi:git
county,Vestland,2021-02-23,473,585,34138,12502,5.3631323533339295,1.96408344605369,1058,46640,fhi:git
county,Vestland,2021-02-24,1112,2132,35250,14634,5.53782926518897,2.2990239281354703,3244,49884,fhi:git
county,Trøndelag,2020-12-27,0,0,0,0,0.0,0.0,0,0,fhi:git
county,Trøndelag,2020-12-28,0,0,0,0,0.0,0.0,0,0,fhi:git
county,Trøndelag,2020-12-29,0,0,0,0,0.0,0.0,0,0,fhi:git
county,Trøndelag,2020-12-30,0,0,0,0,0.0,0.0,0,0,fhi:git
county,Trøndelag,2020-12-31,0,0,0,0,0.0,0.0,0,0,fhi:git
county,Trøndelag,2021-01-01,0,0,0,0,0.0,0.0,0,0,fhi:git
county,Trøndelag,2021-01-02,0,0,0,0,0.0,0.0,0,0,fhi:git
county,Trøndelag,2021-01-03,0,0,0,0,0.0,0.0,0,0,fhi:git
county,Trøndelag,2021-01-04,3,0,3,0,0.000640065542711574,0.0,3,3,fhi:git
county,Trøndelag,2021-01-05,407,0,410,0,0.0874756241705817,0.0,407,410,fhi:git
county,Trøndelag,2021-01-06,674,0,1084,0,0.231277016099782,0.0,674,1084,fhi:git
county,Trøndelag,2021-01-07,484,0,1568,0,0.33454092365724897,0.0,484,1568,fhi:git
county,Trøndelag,2021-01-08,141,0,1709,0,0.364624004164693,0.0,141,1709,fhi:git
county,Trøndelag,2021-01-09,0,0,1709,0,0.364624004164693,0.0,0,1709,fhi:git
county,Trøndelag,2021-01-10,0,0,1709,0,0.364624004164693,0.0,0,1709,fhi:git
county,Trøndelag,2021-01-11,95,0,1804,0,0.38489274635056,0.0,95,1804,fhi:git
county,Trøndelag,2021-01-12,500,0,2304,0,0.491570336802489,0.0,500,2304,fhi:git
county,Trøndelag,2021-01-13,860,0,3164,0,0.6750557923798061,0.0,860,3164,fhi:git
county,Trøndelag,2021-01-14,669,0,3833,0,0.817790408404487,0.0,669,3833,fhi:git
county,Trøndelag,2021-01-15,253,0,4086,0,0.871769269173163,0.0,253,4086,fhi:git
county,Trøndelag,2021-01-16,0,0,4086,0,0.871769269173163,0.0,0,4086,fhi:git
county,Trøndelag,2021-01-17,0,0,4086,0,0.871769269173163,0.0,0,4086,fhi:git
county,Trøndelag,2021-01-18,152,0,4238,0,0.9041992566705501,0.0,152,4238,fhi:git
county,Trøndelag,2021-01-19,568,0,4806,0,1.02538499942394,0.0,568,4806,fhi:git
county,Trøndelag,2021-01-20,729,0,5535,0,1.1809209263028502,0.0,729,5535,fhi:git
county,Trøndelag,2021-01-21,525,0,6060,0,1.2929323962773798,0.0,525,6060,fhi:git
county,Trøndelag,2021-01-22,283,0,6343,0,1.3533119124731698,0.0,283,6343,fhi:git
county,Trøndelag,2021-01-23,1,0,6344,0,1.3535252676540699,0.0,1,6344,fhi:git
county,Trøndelag,2021-01-24,0,0,6344,0,1.3535252676540699,0.0,0,6344,fhi:git
county,Trøndelag,2021-01-25,1,0,6345,0,1.35373862283498,0.0,1,6345,fhi:git
county,Trøndelag,2021-01-26,313,184,6658,184,1.4205187944578899,0.0392573532863098,497,6842,fhi:git
county,Trøndelag,2021-01-27,987,590,7645,774,1.6311003580099899,0.165136910019586,1577,8419,fhi:git
county,Trøndelag,2021-01-28,725,481,8370,1255,1.78578286416529,0.26776075203434196,1206,9625,fhi:git
county,Trøndelag,2021-01-29,418,229,8788,1484,1.8749653297831002,0.316619088461325,647,10272,fhi:git
county,Trøndelag,2021-01-30,1,0,8789,1484,1.8751786849640102,0.316619088461325,1,10273,fhi:git
county,Trøndelag,2021-01-31,0,1,8789,1485,1.8751786849640102,0.316832443642229,1,10274,fhi:git
county,Trøndelag,2021-02-01,13,86,8802,1571,1.87795230231576,0.33518098919996103,99,10373,fhi:git
county,Trøndelag,2021-02-02,834,392,9636,1963,2.05589052318957,0.418816220114273,1226,11599,fhi:git
county,Trøndelag,2021-02-03,2020,809,11656,2772,2.48686798861537,0.591420561465494,2829,14428,fhi:git
county,Trøndelag,2021-02-04,2100,594,13756,3366,2.9349138685134704,0.718153538922386,2694,17122,fhi:git
county,Trøndelag,2021-02-05,1288,319,15044,3685,3.2097153415176405,0.7862138416307158,1607,18729,fhi:git
county,Trøndelag,2021-02-06,7,0,15051,3685,3.2112088277839703,0.7862138416307158,7,18736,fhi:git
county,Trøndelag,2021-02-07,1,0,15052,3685,3.21142218296487,0.7862138416307158,1,18737,fhi:git
county,Trøndelag,2021-02-08,3,150,15055,3835,3.2120622485075803,0.818217118766295,153,18890,fhi:git
county,Trøndelag,2021-02-09,833,523,15888,4358,3.38978711420049,0.929801878379013,1356,20246,fhi:git
county,Trøndelag,2021-02-10,2103,618,17991,4976,3.83847305964131,1.0616553801775999,2721,22967,fhi:git
county,Trøndelag,2021-02-11,2290,575,20281,5551,4.32705642391114,1.1843346091973201,2865,25832,fhi:git
county,Trøndelag,2021-02-12,883,343,21164,5894,4.51544904864925,1.2575154362473402,1226,27058,fhi:git
county,Trøndelag,2021-02-13,1,0,21165,5894,4.5156624038301505,1.2575154362473402,1,27059,fhi:git
county,Trøndelag,2021-02-14,0,0,21165,5894,4.5156624038301505,1.2575154362473402,0,27059,fhi:git
county,Trøndelag,2021-02-15,0,2,21165,5896,4.5156624038301505,1.2579421466091498,2,27061,fhi:git
county,Trøndelag,2021-02-16,338,210,21503,6106,4.587776454975661,1.30274673459896,548,27609,fhi:git
county,Trøndelag,2021-02-17,2045,888,23548,6994,5.02408779992405,1.49220613524158,2933,30542,fhi:git
county,Trøndelag,2021-02-18,1791,748,25339,7742,5.4062069289228605,1.65179581055767,2539,33081,fhi:git
county,Trøndelag,2021-02-19,1010,408,26349,8150,5.6216956616357505,1.7388447243664398,1418,34499,fhi:git
county,Trøndelag,2021-02-20,0,1,26349,8151,5.6216956616357505,1.73905807954735,1,34500,fhi:git
county,Trøndelag,2021-02-21,0,0,26349,8151,5.6216956616357505,1.73905807954735,0,34500,fhi:git
county,Trøndelag,2021-02-22,17,0,26366,8151,5.62532269971112,1.73905807954735,17,34517,fhi:git
county,Trøndelag,2021-02-23,313,666,26679,8817,5.692102871334031,1.8811526300293202,979,35496,fhi:git
county,Trøndelag,2021-02-24,889,1809,27568,10626,5.881775627157559,2.26711215228439,2698,38194,fhi:git
county,Troms og Finnmark,2020-12-27,0,0,0,0,0.0,0.0,0,0,fhi:git
county,Troms og Finnmark,2020-12-28,1,0,1,0,0.00041099662571770297,0.0,1,1,fhi:git
county,Troms og Finnmark,2020-12-29,0,0,1,0,0.00041099662571770297,0.0,0,1,fhi:git
county,Troms og Finnmark,2020-12-30,0,0,1,0,0.00041099662571770297,0.0,0,1,fhi:git
county,Troms og Finnmark,2020-12-31,0,0,1,0,0.00041099662571770297,0.0,0,1,fhi:git
county,Troms og Finnmark,2021-01-01,0,0,1,0,0.00041099662571770297,0.0,0,1,fhi:git
county,Troms og Finnmark,2021-01-02,0,0,1,0,0.00041099662571770297,0.0,0,1,fhi:git
county,Troms og Finnmark,2021-01-03,0,0,1,0,0.00041099662571770297,0.0,0,1,fhi:git
county,Troms og Finnmark,2021-01-04,0,0,1,0,0.00041099662571770297,0.0,0,1,fhi:git
county,Troms og Finnmark,2021-01-05,53,0,54,0,0.022193817788756,0.0,53,54,fhi:git
county,Troms og Finnmark,2021-01-06,530,0,584,0,0.24002202941913797,0.0,530,584,fhi:git
county,Troms og Finnmark,2021-01-07,187,0,771,0,0.31687839842834903,0.0,187,771,fhi:git
county,Troms og Finnmark,2021-01-08,247,0,1018,0,0.418394564980622,0.0,247,1018,fhi:git
county,Troms og Finnmark,2021-01-09,0,0,1018,0,0.418394564980622,0.0,0,1018,fhi:git
county,Troms og Finnmark,2021-01-10,0,0,1018,0,0.418394564980622,0.0,0,1018,fhi:git
county,Troms og Finnmark,2021-01-11,1,0,1019,0,0.41880556160633897,0.0,1,1019,fhi:git
county,Troms og Finnmark,2021-01-12,188,0,1207,0,0.49607292724126706,0.0,188,1207,fhi:git
county,Troms og Finnmark,2021-01-13,569,0,1776,0,0.7299300072746401,0.0,569,1776,fhi:git
county,Troms og Finnmark,2021-01-14,329,0,2105,0,0.865147897135765,0.0,329,2105,fhi:git
county,Troms og Finnmark,2021-01-15,37,0,2142,0,0.8803547722873192,0.0,37,2142,fhi:git
county,Troms og Finnmark,2021-01-16,2,0,2144,0,0.881176765538755,0.0,2,2144,fhi:git
county,Troms og Finnmark,2021-01-17,1,0,2145,0,0.8815877621644731,0.0,1,2145,fhi:git
county,Troms og Finnmark,2021-01-18,0,1,2145,1,0.8815877621644731,0.00041099662571770297,1,2146,fhi:git
county,Troms og Finnmark,2021-01-19,249,0,2394,1,0.9839259219681808,0.00041099662571770297,249,2395,fhi:git
county,Troms og Finnmark,2021-01-20,914,0,3308,1,1.3595768378741597,0.00041099662571770297,914,3309,fhi:git
county,Troms og Finnmark,2021-01-21,248,0,3556,1,1.4615040010521498,0.00041099662571770297,248,3557,fhi:git
county,Troms og Finnmark,2021-01-22,81,0,3637,1,1.49479472773529,0.00041099662571770297,81,3638,fhi:git
county,Troms og Finnmark,2021-01-23,12,0,3649,1,1.4997266872439,0.00041099662571770297,12,3650,fhi:git
county,Troms og Finnmark,2021-01-24,0,0,3649,1,1.4997266872439,0.00041099662571770297,0,3650,fhi:git
county,Troms og Finnmark,2021-01-25,6,0,3655,1,1.5021926669981998,0.00041099662571770297,6,3656,fhi:git
county,Troms og Finnmark,2021-01-26,84,0,3739,1,1.53671638355849,0.00041099662571770297,84,3740,fhi:git
county,Troms og Finnmark,2021-01-27,668,357,4407,358,1.81126212953792,0.14713679200693802,1025,4765,fhi:git
county,Troms og Finnmark,2021-01-28,234,275,4641,633,1.9074353399558601,0.260160864079306,509,5274,fhi:git
county,Troms og Finnmark,2021-01-29,103,243,4744,876,1.9497679924047802,0.36003304412870796,346,5620,fhi:git
county,Troms og Finnmark,2021-01-30,0,0,4744,876,1.9497679924047802,0.36003304412870796,0,5620,fhi:git
county,Troms og Finnmark,2021-01-31,0,0,4744,876,1.9497679924047802,0.36003304412870796,0,5620,fhi:git
county,Troms og Finnmark,2021-02-01,0,2,4744,878,1.9497679924047802,0.36085503738014296,2,5622,fhi:git
county,Troms og Finnmark,2021-02-02,120,21,4864,899,1.99908758749091,0.36948596652021504,141,5763,fhi:git
county,Troms og Finnmark,2021-02-03,1159,563,6023,1462,2.47543267669772,0.600877066799282,1722,7485,fhi:git
county,Troms og Finnmark,2021-02-04,1143,378,7166,1840,2.9452018198930605,0.7562337913205729,1521,9006,fhi:git
county,Troms og Finnmark,2021-02-05,279,140,7445,1980,3.0598698784682994,0.8137733189210521,419,9425,fhi:git
county,Troms og Finnmark,2021-02-06,1,1,7446,1981,3.0602808750940196,0.8141843155467691,2,9427,fhi:git
county,Troms og Finnmark,2021-02-07,0,1,7446,1982,3.0602808750940196,0.814595312172487,1,9428,fhi:git
county,Troms og Finnmark,2021-02-08,0,0,7446,1982,3.0602808750940196,0.814595312172487,0,9428,fhi:git
county,Troms og Finnmark,2021-02-09,72,26,7518,2008,3.0898726321456897,0.825281224441147,98,9526,fhi:git
county,Troms og Finnmark,2021-02-10,1402,804,8920,2812,3.6660899014019104,1.15572251151818,2206,11732,fhi:git
county,Troms og Finnmark,2021-02-11,989,465,9909,3277,4.0725655642367204,1.34683594247691,1454,13186,fhi:git
county,Troms og Finnmark,2021-02-12,273,113,10182,3390,4.18476764305765,1.39327856118301,386,13572,fhi:git
county,Troms og Finnmark,2021-02-13,5,2,10187,3392,4.18682262618624,1.39410055443445,7,13579,fhi:git
county,Troms og Finnmark,2021-02-14,0,0,10187,3392,4.18682262618624,1.39410055443445,0,13579,fhi:git
county,Troms og Finnmark,2021-02-15,0,6,10187,3398,4.18682262618624,1.39656653418875,6,13585,fhi:git
county,Troms og Finnmark,2021-02-16,131,52,10318,3450,4.24066318415526,1.41793835872608,183,13768,fhi:git
county,Troms og Finnmark,2021-02-17,940,581,11258,4031,4.6270000123299,1.6567273982680601,1521,15289,fhi:git
county,Troms og Finnmark,2021-02-18,1244,252,12502,4283,5.13827981472272,1.76029854794892,1496,16785,fhi:git
county,Troms og Finnmark,2021-02-19,222,128,12724,4411,5.22952106563205,1.81290611604079,350,17135,fhi:git
county,Troms og Finnmark,2021-02-20,0,0,12724,4411,5.22952106563205,1.81290611604079,0,17135,fhi:git
county,Troms og Finnmark,2021-02-21,0,0,12724,4411,5.22952106563205,1.81290611604079,0,17135,fhi:git
county,Troms og Finnmark,2021-02-22,101,0,12825,4411,5.27103172482954,1.81290611604079,101,17236,fhi:git
county,Troms og Finnmark,2021-02-23,58,70,12883,4481,5.29486952912117,1.84167587984103,128,17364,fhi:git
county,Troms og Finnmark,2021-02-24,338,890,13221,5371,5.43378638861375,2.20746287672978,1228,18592,fhi:git
nation,Norge,2020-12-27,5,0,5,0,9.31518486915891e-05,0.0,5,5,fhi:git
nation,Norge,2020-12-28,602,0,607,0,0.0113086344311589,0.0,602,607,fhi:git
nation,Norge,2020-12-29,1067,0,1674,0,0.031187238941944,0.0,1067,1674,fhi:git
nation,Norge,2020-12-30,424,0,2098,0,0.0390865157109908,0.0,424,2098,fhi:git
nation,Norge,2020-12-31,72,0,2170,0,0.0404279023321497,0.0,72,2170,fhi:git
nation,Norge,2021-01-01,6,0,2176,0,0.0405396845505796,0.0,6,2176,fhi:git
nation,Norge,2021-01-02,0,0,2176,0,0.0405396845505796,0.0,0,2176,fhi:git
nation,Norge,2021-01-03,3,0,2179,0,0.0405955756597945,0.0,3,2179,fhi:git
nation,Norge,2021-01-04,6,0,2185,0,0.0405277398004106,0.0,6,2185,fhi:git
nation,Norge,2021-01-05,3384,0,5569,0,0.10329472903820901,0.0,3384,5569,fhi:git
nation,Norge,2021-01-06,9062,0,14631,0,0.27137819726307,0.0,9062,14631,fhi:git
nation,Norge,2021-01-07,6570,0,21201,0,0.3932396391343279,0.0,6570,21201,fhi:git
nation,Norge,2021-01-08,1615,0,22816,0,0.423194925073761,0.0,1615,22816,fhi:git
nation,Norge,2021-01-09,134,0,22950,0,0.425680379139324,0.0,134,22950,fhi:git
nation,Norge,2021-01-10,107,0,23057,0,0.427665032758841,0.0,107,23057,fhi:git
nation,Norge,2021-01-11,350,0,23407,0,0.434156890392774,0.0,350,23407,fhi:git
nation,Norge,2021-01-12,4254,0,27661,0,0.5130607828920629,0.0,4254,27661,fhi:git
nation,Norge,2021-01-13,9775,0,37436,0,0.6943690925254791,0.0,9775,37436,fhi:git
nation,Norge,2021-01-14,8471,0,45907,0,0.8514905954313271,0.0,8471,45907,fhi:git
nation,Norge,2021-01-15,4470,0,50377,0,0.9344008914989871,0.0,4470,50377,fhi:git
nation,Norge,2021-01-16,743,0,51120,0,0.948182177847593,0.0,743,51120,fhi:git
nation,Norge,2021-01-17,343,5,51463,5,0.954544198328847,9.27408233419007e-05,348,51468,fhi:git
nation,Norge,2021-01-18,1282,283,52745,288,0.978322945433711,0.00534187142449348,1565,53033,fhi:git
nation,Norge,2021-01-19,4584,771,57329,1059,1.06334773227357,0.0196425063838146,5355,58388,fhi:git
nation,Norge,2021-01-20,10043,693,67372,1752,1.24962695003811,0.032496384499002,10736,69124,fhi:git
nation,Norge,2021-01-21,8424,168,75796,1920,1.40587668920454,0.0356124761632899,8592,77716,fhi:git
nation,Norge,2021-01-22,3306,7,79102,1927,1.4671969215982101,0.0357423133159685,3313,81029,fhi:git
nation,Norge,2021-01-23,356,0,79458,1927,1.47380006822015,0.0357423133159685,356,81385,fhi:git
nation,Norge,2021-01-24,67,0,79525,1927,1.47504279525293,0.0357423133159685,67,81452,fhi:git
nation,Norge,2021-01-25,575,0,80100,1927,1.48570798993725,0.0357423133159685,575,82027,fhi:git
nation,Norge,2021-01-26,2270,2129,82370,4056,1.52781232373447,0.0752313558949499,4399,86426,fhi:git
nation,Norge,2021-01-27,11368,7507,93738,11563,1.7386678596846201,0.21447242806048003,18875,105301,fhi:git
nation,Norge,2021-01-28,10866,6544,104604,18107,1.9402122169712401,0.335851617650359,17410,122711,fhi:git
nation,Norge,2021-01-29,3788,2098,108392,20205,2.01047266473506,0.37476566712462106,5886,128597,fhi:git
nation,Norge,2021-01-30,131,170,108523,20375,2.01290247430662,0.377918855118246,301,128898,fhi:git
nation,Norge,2021-01-31,84,50,108607,20425,2.0144605201387598,0.378846263351665,134,129032,fhi:git
nation,Norge,2021-02-01,179,300,108786,20725,2.0177806416144,0.384410712752179,479,129511,fhi:git
nation,Norge,2021-02-02,6324,3136,115110,23861,2.13507923497724,0.442577757152219,9460,138971,fhi:git
nation,Norge,2021-02-03,24901,8286,140011,32147,2.59694708338457,0.596267849594417,33187,172158,fhi:git
nation,Norge,2021-02-04,25777,8576,165788,40723,3.07506312404141,0.755336909790445,34353,206511,fhi:git
nation,Norge,2021-02-05,10524,4822,176312,45545,3.2702640090114397,0.844776159821374,15346,221857,fhi:git
nation,Norge,2021-02-06,802,734,177114,46279,3.2851396370754804,0.8583905126879651,1536,223393,fhi:git
nation,Norge,2021-02-07,320,294,177434,46573,3.29107504976936,0.8638436731004692,614,224007,fhi:git
nation,Norge,2021-02-08,120,922,177554,47495,3.29330082952957,0.8809450809247149,1042,225049,fhi:git
nation,Norge,2021-02-09,5493,3234,183047,50729,3.3951858980529797,0.9409298454622559,8727,233776,fhi:git
nation,Norge,2021-02-10,22688,8581,205735,59310,3.81600665804919,1.10009164648163,31269,265045,fhi:git
nation,Norge,2021-02-11,20714,8519,226449,67829,4.20021334099002,1.25810346129156,29233,294278,fhi:git
nation,Norge,2021-02-12,7980,3586,234429,71415,4.34822769504369,1.32461717979237,11566,305844,fhi:git
nation,Norge,2021-02-13,801,303,235230,71718,4.363084774943061,1.33023727368689,1104,306948,fhi:git
nation,Norge,2021-02-14,110,2,235340,71720,4.36512507305658,1.3302743700162198,112,307060,fhi:git
nation,Norge,2021-02-15,797,748,236137,72468,4.37990796029728,1.34414839718817,1545,308605,fhi:git
nation,Norge,2021-02-16,5852,2098,241989,74566,4.48845181993664,1.38306244666243,7950,316555,fhi:git
nation,Norge,2021-02-17,21146,9914,263135,84480,4.880671310014209,1.56694895118476,31060,347615,fhi:git
nation,Norge,2021-02-18,18106,10494,281241,94974,5.2165043794999,1.76159339121474,28600,376215,fhi:git
nation,Norge,2021-02-19,10328,4506,291569,99480,5.408069824194929,1.84517142121046,14834,391049,fhi:git
nation,Norge,2021-02-20,141,142,291710,99622,5.41068511541317,1.8478052605933701,283,391332,fhi:git
nation,Norge,2021-02-21,58,86,291768,99708,5.41176090896394,1.84940040275485,144,391476,fhi:git
nation,Norge,2021-02-22,2384,134,294152,99842,5.4559797335333595,1.85188585682041,2518,393994,fhi:git
nation,Norge,2021-02-23,5266,4778,299418,104620,5.55365436867705,1.94050898760593,10044,404038,fhi:git
nation,Norge,2021-02-24,8727,20530,308145,125150,5.715524201738,2.32130280824778,29257,433295,fhi:git
