granularity_geo,location_name,date,new_dose_1,new_dose_2,total_dose_1,total_dose_2,total_pr100_dose_1,total_pr100_dose_2,new_doses,total_doses,source
county,Oslo,2020-12-27,5,0,5,0,0.00072098677133472,0.0,5,5,fhi:git
county,Oslo,2020-12-28,264,0,269,0,0.0387890882978079,0.0,264,269,fhi:git
county,Oslo,2020-12-29,118,0,387,0,0.0558043761013073,0.0,118,387,fhi:git
county,Oslo,2020-12-30,58,0,445,0,0.06416782264879001,0.0,58,445,fhi:git
county,Oslo,2020-12-31,5,0,450,0,0.0648888094201248,0.0,5,450,fhi:git
county,Oslo,2021-01-01,6,0,456,0,0.0657539935457264,0.0,6,456,fhi:git
county,Oslo,2021-01-02,0,0,456,0,0.0657539935457264,0.0,0,456,fhi:git
county,Oslo,2021-01-03,0,0,456,0,0.0657539935457264,0.0,0,456,fhi:git
county,Oslo,2021-01-04,0,0,456,0,0.0657539935457264,0.0,0,456,fhi:git
county,Oslo,2021-01-05,480,0,936,0,0.13496872359386,0.0,480,936,fhi:git
county,Oslo,2021-01-06,605,0,1541,0,0.22220812292536102,0.0,605,1541,fhi:git
county,Oslo,2021-01-07,967,0,2508,0,0.36164696450149497,0.0,967,2508,fhi:git
county,Oslo,2021-01-08,449,0,2957,0,0.42639157656735294,0.0,449,2957,fhi:git
county,Oslo,2021-01-09,126,0,3083,0,0.44456044320498794,0.0,126,3083,fhi:git
county,Oslo,2021-01-10,100,0,3183,0,0.458980178631683,0.0,100,3183,fhi:git
county,Oslo,2021-01-11,76,0,3259,0,0.46993917755597,0.0,76,3259,fhi:git
county,Oslo,2021-01-12,240,0,3499,0,0.5045465425800371,0.0,240,3499,fhi:git
county,Oslo,2021-01-13,487,0,3986,0,0.574770654108038,0.0,487,3986,fhi:git
county,Oslo,2021-01-14,1233,0,5219,0,0.75256599191918,0.0,1233,5219,fhi:git
county,Oslo,2021-01-15,1638,0,6857,0,0.9887612582084351,0.0,1638,6857,fhi:git
county,Oslo,2021-01-16,643,0,7500,0,1.08148015700208,0.0,643,7500,fhi:git
county,Oslo,2021-01-17,274,5,7774,5,1.12099023207122,0.00072098677133472,279,7779,fhi:git
county,Oslo,2021-01-18,759,231,8533,236,1.2304360239598302,0.0340305756069988,990,8769,fhi:git
county,Oslo,2021-01-19,807,69,9340,305,1.34680328885326,0.0439801930514179,876,9645,fhi:git
county,Oslo,2021-01-20,990,99,10330,404,1.48955866957753,0.0582557311238453,1089,10734,fhi:git
county,Oslo,2021-01-21,1019,21,11349,425,1.63649577357555,0.0612838755634512,1040,11774,fhi:git
county,Oslo,2021-01-22,669,6,12018,431,1.7329638035801298,0.0621490596890528,675,12449,fhi:git
county,Oslo,2021-01-23,232,0,12250,431,1.7664175897700602,0.0621490596890528,232,12681,fhi:git
county,Oslo,2021-01-24,66,0,12316,431,1.7759346151516797,0.0621490596890528,66,12747,fhi:git
county,Oslo,2021-01-25,258,0,12574,431,1.81313753255255,0.0621490596890528,258,13005,fhi:git
county,Oslo,2021-01-26,314,403,12888,834,1.85841550179237,0.12026059345863101,717,13722,fhi:git
county,Oslo,2021-01-27,996,528,13884,1362,2.0020360666422503,0.19639679651157801,1524,15246,fhi:git
county,Oslo,2021-01-28,836,842,14720,2204,2.12258505480941,0.31781096880434395,1678,16924,fhi:git
county,Oslo,2021-01-29,410,501,15130,2705,2.1817059700588604,0.3900538432920829,911,17835,fhi:git
county,Oslo,2021-01-30,92,151,15222,2856,2.19497212665142,0.4118276437863921,243,18078,fhi:git
county,Oslo,2021-01-31,60,45,15282,2901,2.20362396790744,0.41831652472840397,105,18183,fhi:git
county,Oslo,2021-02-01,52,46,15334,2947,2.2111222303293196,0.424949603024684,98,18281,fhi:git
county,Oslo,2021-02-02,1513,149,16847,3096,2.4292928273352,0.44643500881045795,1662,19943,fhi:git
county,Oslo,2021-02-03,2344,456,19191,3552,2.7672914257369197,0.512189002356185,2800,22743,fhi:git
county,Oslo,2021-02-04,2015,1226,21206,4778,3.0578490945848102,0.6889749586874581,3241,25984,fhi:git
county,Oslo,2021-02-05,1354,1564,22560,6342,3.2530923122622597,0.914499620760958,2918,28902,fhi:git
county,Oslo,2021-02-06,240,632,22800,6974,3.28769967728632,1.00563234865767,872,29774,fhi:git
county,Oslo,2021-02-07,215,269,23015,7243,3.31870210845371,1.04442143695547,484,30258,fhi:git
county,Oslo,2021-02-08,45,440,23060,7683,3.32519098939573,1.1078682728329299,485,30743,fhi:git
county,Oslo,2021-02-09,1088,240,24148,7923,3.4820777108381598,1.142475637857,1328,32071,fhi:git
county,Oslo,2021-02-10,1787,775,25935,8698,3.73975838291319,1.2542285874138799,2562,34633,fhi:git
county,Oslo,2021-02-11,1581,634,27516,9332,3.96773440000923,1.34564971001912,2215,36848,fhi:git
county,Oslo,2021-02-12,1318,413,28834,9745,4.15778651293306,1.4052032173313702,1731,38579,fhi:git
county,Oslo,2021-02-13,269,193,29103,9938,4.19657560123087,1.43303330670489,462,39041,fhi:git
county,Oslo,2021-02-14,100,0,29203,9938,4.21099533665756,1.43303330670489,100,39141,fhi:git
county,Rogaland,2020-12-27,0,0,0,0,0.0,0.0,0,0,fhi:git
county,Rogaland,2020-12-28,1,0,1,0,0.00020838021888258202,0.0,1,1,fhi:git
county,Rogaland,2020-12-29,0,0,1,0,0.00020838021888258202,0.0,0,1,fhi:git
county,Rogaland,2020-12-30,0,0,1,0,0.00020838021888258202,0.0,0,1,fhi:git
county,Rogaland,2020-12-31,0,0,1,0,0.00020838021888258202,0.0,0,1,fhi:git
county,Rogaland,2021-01-01,0,0,1,0,0.00020838021888258202,0.0,0,1,fhi:git
county,Rogaland,2021-01-02,0,0,1,0,0.00020838021888258202,0.0,0,1,fhi:git
county,Rogaland,2021-01-03,0,0,1,0,0.00020838021888258202,0.0,0,1,fhi:git
county,Rogaland,2021-01-04,0,0,1,0,0.00020838021888258202,0.0,0,1,fhi:git
county,Rogaland,2021-01-05,548,0,549,0,0.11440074016653698,0.0,548,549,fhi:git
county,Rogaland,2021-01-06,641,0,1190,0,0.24797246047027302,0.0,641,1190,fhi:git
county,Rogaland,2021-01-07,211,0,1401,0,0.291940686654497,0.0,211,1401,fhi:git
county,Rogaland,2021-01-08,20,0,1421,0,0.296108291032149,0.0,20,1421,fhi:git
county,Rogaland,2021-01-09,1,0,1422,0,0.296316671251032,0.0,1,1422,fhi:git
county,Rogaland,2021-01-10,0,0,1422,0,0.296316671251032,0.0,0,1422,fhi:git
county,Rogaland,2021-01-11,1,0,1423,0,0.29652505146991404,0.0,1,1423,fhi:git
county,Rogaland,2021-01-12,128,0,1551,0,0.32319771948688497,0.0,128,1551,fhi:git
county,Rogaland,2021-01-13,761,0,2312,0,0.481775066056529,0.0,761,2312,fhi:git
county,Rogaland,2021-01-14,525,0,2837,0,0.591174680969885,0.0,525,2837,fhi:git
county,Rogaland,2021-01-15,289,0,3126,0,0.651396564226951,0.0,289,3126,fhi:git
county,Rogaland,2021-01-16,0,0,3126,0,0.651396564226951,0.0,0,3126,fhi:git
county,Rogaland,2021-01-17,0,0,3126,0,0.651396564226951,0.0,0,3126,fhi:git
county,Rogaland,2021-01-18,71,0,3197,0,0.666191559767614,0.0,71,3197,fhi:git
county,Rogaland,2021-01-19,511,0,3708,0,0.7726738516166141,0.0,511,3708,fhi:git
county,Rogaland,2021-01-20,655,0,4363,0,0.909162894984705,0.0,655,4363,fhi:git
county,Rogaland,2021-01-21,426,0,4789,0,0.9979328682286851,0.0,426,4789,fhi:git
county,Rogaland,2021-01-22,275,0,5064,0,1.0552374284213901,0.0,275,5064,fhi:git
county,Rogaland,2021-01-23,0,0,5064,0,1.0552374284213901,0.0,0,5064,fhi:git
county,Rogaland,2021-01-24,0,0,5064,0,1.0552374284213901,0.0,0,5064,fhi:git
county,Rogaland,2021-01-25,149,0,5213,0,1.0862860810349,0.0,149,5213,fhi:git
county,Rogaland,2021-01-26,338,381,5551,381,1.1567185950172099,0.0793928633942637,719,5932,fhi:git
county,Rogaland,2021-01-27,836,603,6387,984,1.3309244580030501,0.20504613538046104,1439,7371,fhi:git
county,Rogaland,2021-01-28,521,282,6908,1266,1.43949055204088,0.26380935710534903,803,8174,fhi:git
county,Rogaland,2021-01-29,408,22,7316,1288,1.52450968134497,0.268393721920766,430,8604,fhi:git
county,Rogaland,2021-01-30,2,1,7318,1289,1.52492644178273,0.268602102139648,3,8607,fhi:git
county,Rogaland,2021-01-31,0,0,7318,1289,1.52492644178273,0.268602102139648,0,8607,fhi:git
county,Rogaland,2021-02-01,12,5,7330,1294,1.52742700440933,0.269644003234061,17,8624,fhi:git
county,Rogaland,2021-02-02,442,75,7772,1369,1.61953106115543,0.285272519650255,517,9141,fhi:git
county,Rogaland,2021-02-03,2385,646,10157,2015,2.11651788319038,0.41988614104840205,3031,12172,fhi:git
county,Rogaland,2021-02-04,1861,544,12018,2559,2.50431347053087,0.5332449801205271,2405,14577,fhi:git
county,Rogaland,2021-02-05,651,278,12669,2837,2.6399689930234302,0.591174680969885,929,15506,fhi:git
county,Rogaland,2021-02-06,0,0,12669,2837,2.6399689930234302,0.591174680969885,0,15506,fhi:git
county,Rogaland,2021-02-07,0,0,12669,2837,2.6399689930234302,0.591174680969885,0,15506,fhi:git
county,Rogaland,2021-02-08,7,71,12676,2908,2.64142765455561,0.605969676510548,78,15584,fhi:git
county,Rogaland,2021-02-09,562,387,13238,3295,2.75853733756762,0.6866128212181071,949,16533,fhi:git
county,Rogaland,2021-02-10,1899,653,15137,3948,3.15425137322564,0.8226851041484329,2552,19085,fhi:git
county,Rogaland,2021-02-11,1150,471,16287,4419,3.39388862494061,0.92083218724213,1621,20706,fhi:git
county,Rogaland,2021-02-12,482,264,16769,4683,3.4943278904420203,0.975844565027131,746,21452,fhi:git
county,Rogaland,2021-02-13,0,0,16769,4683,3.4943278904420203,0.975844565027131,0,21452,fhi:git
county,Rogaland,2021-02-14,0,0,16769,4683,3.4943278904420203,0.975844565027131,0,21452,fhi:git
county,Møre og Romsdal,2020-12-27,0,0,0,0,0.0,0.0,0,0,fhi:git
county,Møre og Romsdal,2020-12-28,0,0,0,0,0.0,0.0,0,0,fhi:git
county,Møre og Romsdal,2020-12-29,0,0,0,0,0.0,0.0,0,0,fhi:git
county,Møre og Romsdal,2020-12-30,0,0,0,0,0.0,0.0,0,0,fhi:git
county,Møre og Romsdal,2020-12-31,0,0,0,0,0.0,0.0,0,0,fhi:git
county,Møre og Romsdal,2021-01-01,0,0,0,0,0.0,0.0,0,0,fhi:git
county,Møre og Romsdal,2021-01-02,0,0,0,0,0.0,0.0,0,0,fhi:git
county,Møre og Romsdal,2021-01-03,0,0,0,0,0.0,0.0,0,0,fhi:git
county,Møre og Romsdal,2021-01-04,0,0,0,0,0.0,0.0,0,0,fhi:git
county,Møre og Romsdal,2021-01-05,186,0,186,0,0.0701256984293352,0.0,186,186,fhi:git
county,Møre og Romsdal,2021-01-06,497,0,683,0,0.257504580791591,0.0,497,683,fhi:git
county,Møre og Romsdal,2021-01-07,457,0,1140,0,0.429802667792699,0.0,457,1140,fhi:git
county,Møre og Romsdal,2021-01-08,35,0,1175,0,0.442998363733703,0.0,35,1175,fhi:git
county,Møre og Romsdal,2021-01-09,1,0,1176,0,0.4433753836177321,0.0,1,1176,fhi:git
county,Møre og Romsdal,2021-01-10,0,0,1176,0,0.4433753836177321,0.0,0,1176,fhi:git
county,Møre og Romsdal,2021-01-11,1,0,1177,0,0.443752403501761,0.0,1,1177,fhi:git
county,Møre og Romsdal,2021-01-12,227,0,1404,0,0.529335917176272,0.0,227,1404,fhi:git
county,Møre og Romsdal,2021-01-13,387,0,1791,0,0.6752426122953721,0.0,387,1791,fhi:git
county,Møre og Romsdal,2021-01-14,410,0,2201,0,0.829820764747133,0.0,410,2201,fhi:git
county,Møre og Romsdal,2021-01-15,152,0,2353,0,0.8871277871194929,0.0,152,2353,fhi:git
county,Møre og Romsdal,2021-01-16,1,0,2354,0,0.887504807003522,0.0,1,2354,fhi:git
county,Møre og Romsdal,2021-01-17,1,0,2355,0,0.88788182688755,0.0,1,2355,fhi:git
county,Møre og Romsdal,2021-01-18,11,0,2366,0,0.892029045611866,0.0,11,2366,fhi:git
county,Møre og Romsdal,2021-01-19,180,0,2546,0,0.9598926247370291,0.0,180,2546,fhi:git
county,Møre og Romsdal,2021-01-20,494,0,3040,0,1.1461404474472,0.0,494,3040,fhi:git
county,Møre og Romsdal,2021-01-21,780,0,3820,0,1.44021595698957,0.0,780,3820,fhi:git
county,Møre og Romsdal,2021-01-22,212,0,4032,0,1.52014417240365,0.0,212,4032,fhi:git
county,Møre og Romsdal,2021-01-23,0,0,4032,0,1.52014417240365,0.0,0,4032,fhi:git
county,Møre og Romsdal,2021-01-24,0,0,4032,0,1.52014417240365,0.0,0,4032,fhi:git
county,Møre og Romsdal,2021-01-25,3,0,4035,0,1.5212752320557401,0.0,3,4035,fhi:git
county,Møre og Romsdal,2021-01-26,78,129,4113,129,1.55068278300998,0.0486355650397002,207,4242,fhi:git
county,Møre og Romsdal,2021-01-27,523,359,4636,488,1.7478641823569798,0.183985703405998,882,5124,fhi:git
county,Møre og Romsdal,2021-01-28,475,508,5111,996,1.9269486272706002,0.375511804492569,983,6107,fhi:git
county,Møre og Romsdal,2021-01-29,90,77,5201,1073,1.96088041683318,0.40454233556277797,167,6274,fhi:git
county,Møre og Romsdal,2021-01-30,0,1,5201,1074,1.96088041683318,0.404919355446806,1,6275,fhi:git
county,Møre og Romsdal,2021-01-31,0,0,5201,1074,1.96088041683318,0.404919355446806,0,6275,fhi:git
county,Møre og Romsdal,2021-02-01,0,0,5201,1074,1.96088041683318,0.404919355446806,0,6275,fhi:git
county,Møre og Romsdal,2021-02-02,279,195,5480,1269,2.06606896447719,0.47843823283240006,474,6749,fhi:git
county,Møre og Romsdal,2021-02-03,1038,312,6518,1581,2.45741560409896,0.596068436649349,1350,8099,fhi:git
county,Møre og Romsdal,2021-02-04,1438,463,7956,2044,2.99957019733221,0.7706286429546291,1901,10000,fhi:git
county,Møre og Romsdal,2021-02-05,201,151,8157,2195,3.07535119402197,0.827558645442961,352,10352,fhi:git
county,Møre og Romsdal,2021-02-06,1,2,8158,2197,3.0757282139060003,0.8283126852110179,3,10355,fhi:git
county,Møre og Romsdal,2021-02-07,0,1,8158,2198,3.0757282139060003,0.828689705095047,1,10356,fhi:git
county,Møre og Romsdal,2021-02-08,0,2,8158,2200,3.0757282139060003,0.8294437448631041,2,10358,fhi:git
county,Møre og Romsdal,2021-02-09,329,155,8487,2355,3.19976775575144,0.88788182688755,484,10842,fhi:git
county,Møre og Romsdal,2021-02-10,1150,417,9637,2772,3.6333406223844302,1.04509911852751,1567,12409,fhi:git
county,Møre og Romsdal,2021-02-11,1066,733,10703,3505,4.035243818759,1.32145469352054,1799,14208,fhi:git
county,Møre og Romsdal,2021-02-12,280,187,10983,3692,4.14080938628703,1.3919574118339,467,14675,fhi:git
county,Møre og Romsdal,2021-02-13,24,0,11007,3692,4.14985786350372,1.3919574118339,24,14699,fhi:git
county,Møre og Romsdal,2021-02-14,0,0,11007,3692,4.14985786350372,1.3919574118339,0,14699,fhi:git
county,Nordland,2020-12-27,0,0,0,0,0.0,0.0,0,0,fhi:git
county,Nordland,2020-12-28,0,0,0,0,0.0,0.0,0,0,fhi:git
county,Nordland,2020-12-29,0,0,0,0,0.0,0.0,0,0,fhi:git
county,Nordland,2020-12-30,1,0,1,0,0.00041453354612722,0.0,1,1,fhi:git
county,Nordland,2020-12-31,0,0,1,0,0.00041453354612722,0.0,0,1,fhi:git
county,Nordland,2021-01-01,0,0,1,0,0.00041453354612722,0.0,0,1,fhi:git
county,Nordland,2021-01-02,0,0,1,0,0.00041453354612722,0.0,0,1,fhi:git
county,Nordland,2021-01-03,0,0,1,0,0.00041453354612722,0.0,0,1,fhi:git
county,Nordland,2021-01-04,0,0,1,0,0.00041453354612722,0.0,0,1,fhi:git
county,Nordland,2021-01-05,200,0,201,0,0.0833212427715713,0.0,200,201,fhi:git
county,Nordland,2021-01-06,687,0,888,0,0.36810578896097207,0.0,687,888,fhi:git
county,Nordland,2021-01-07,238,0,1126,0,0.46676477293925,0.0,238,1126,fhi:git
county,Nordland,2021-01-08,115,0,1241,0,0.5144361307438811,0.0,115,1241,fhi:git
county,Nordland,2021-01-09,0,0,1241,0,0.5144361307438811,0.0,0,1241,fhi:git
county,Nordland,2021-01-10,0,0,1241,0,0.5144361307438811,0.0,0,1241,fhi:git
county,Nordland,2021-01-11,0,0,1241,0,0.5144361307438811,0.0,0,1241,fhi:git
county,Nordland,2021-01-12,291,0,1532,0,0.635065392666902,0.0,291,1532,fhi:git
county,Nordland,2021-01-13,627,0,2159,0,0.894977926088669,0.0,627,2159,fhi:git
county,Nordland,2021-01-14,273,0,2432,0,1.0081455841814,0.0,273,2432,fhi:git
county,Nordland,2021-01-15,69,0,2501,0,1.03674839886418,0.0,69,2501,fhi:git
county,Nordland,2021-01-16,0,0,2501,0,1.03674839886418,0.0,0,2501,fhi:git
county,Nordland,2021-01-17,0,0,2501,0,1.03674839886418,0.0,0,2501,fhi:git
county,Nordland,2021-01-18,0,0,2501,0,1.03674839886418,0.0,0,2501,fhi:git
county,Nordland,2021-01-19,313,0,2814,0,1.166497398802,0.0,313,2814,fhi:git
county,Nordland,2021-01-20,783,0,3597,0,1.4910771654196102,0.0,783,3597,fhi:git
county,Nordland,2021-01-21,610,0,4207,0,1.7439426285572202,0.0,610,4207,fhi:git
county,Nordland,2021-01-22,167,0,4374,0,1.81316973076046,0.0,167,4374,fhi:git
county,Nordland,2021-01-23,1,0,4375,0,1.81358426430659,0.0,1,4375,fhi:git
county,Nordland,2021-01-24,0,0,4375,0,1.81358426430659,0.0,0,4375,fhi:git
county,Nordland,2021-01-25,51,0,4426,0,1.83472547515908,0.0,51,4426,fhi:git
county,Nordland,2021-01-26,96,90,4522,90,1.87452069558729,0.0373080191514498,186,4612,fhi:git
county,Nordland,2021-01-27,625,529,5147,619,2.1336041619168,0.256596265052749,1154,5766,fhi:git
county,Nordland,2021-01-28,469,365,5616,984,2.32802039505047,0.407901009389185,834,6600,fhi:git
county,Nordland,2021-01-29,207,145,5823,1129,2.4138288390988,0.46800837357763203,352,6952,fhi:git
county,Nordland,2021-01-30,0,0,5823,1129,2.4138288390988,0.46800837357763203,0,6952,fhi:git
county,Nordland,2021-01-31,0,0,5823,1129,2.4138288390988,0.46800837357763203,0,6952,fhi:git
county,Nordland,2021-02-01,9,4,5832,1133,2.41755964101395,0.46966650776214103,13,6965,fhi:git
county,Nordland,2021-02-02,103,199,5935,1332,2.46025659626505,0.552158683441458,302,7267,fhi:git
county,Nordland,2021-02-03,1385,432,7320,1764,3.03438555765125,0.731237175368417,1817,9084,fhi:git
county,Nordland,2021-02-04,1564,321,8884,2085,3.6827160237942302,0.864302443675254,1885,10969,fhi:git
county,Nordland,2021-02-05,327,125,9211,2210,3.81826849337783,0.916119136941157,452,11421,fhi:git
county,Nordland,2021-02-06,0,0,9211,2210,3.81826849337783,0.916119136941157,0,11421,fhi:git
county,Nordland,2021-02-07,1,0,9212,2210,3.8186830269239502,0.916119136941157,1,11422,fhi:git
county,Nordland,2021-02-08,6,1,9218,2211,3.82117022820072,0.9165336704872841,7,11429,fhi:git
county,Nordland,2021-02-09,62,236,9280,2447,3.8468713080606096,1.0143635873733101,298,11727,fhi:git
county,Nordland,2021-02-10,1891,564,11171,3011,4.630754243787179,1.24816050738906,2455,14182,fhi:git
county,Nordland,2021-02-11,1014,555,12185,3566,5.05109125956018,1.47822662548967,1569,15751,fhi:git
county,Nordland,2021-02-12,247,184,12432,3750,5.153481045453599,1.55450079797708,431,16182,fhi:git
county,Nordland,2021-02-13,52,3,12484,3753,5.17503678985222,1.55574439861546,55,16237,fhi:git
county,Nordland,2021-02-14,0,0,12484,3753,5.17503678985222,1.55574439861546,0,16237,fhi:git
county,Viken,2020-12-27,0,0,0,0,0.0,0.0,0,0,fhi:git
county,Viken,2020-12-28,64,0,64,0,0.0051564457586219395,0.0,64,64,fhi:git
county,Viken,2020-12-29,690,0,754,0,0.0607493765937647,0.0,690,754,fhi:git
county,Viken,2020-12-30,216,0,970,0,0.0781523810291138,0.0,216,970,fhi:git
county,Viken,2020-12-31,67,0,1037,0,0.0835505351826711,0.0,67,1037,fhi:git
county,Viken,2021-01-01,0,0,1037,0,0.0835505351826711,0.0,0,1037,fhi:git
county,Viken,2021-01-02,0,0,1037,0,0.0835505351826711,0.0,0,1037,fhi:git
county,Viken,2021-01-03,0,0,1037,0,0.0835505351826711,0.0,0,1037,fhi:git
county,Viken,2021-01-04,0,0,1037,0,0.0835505351826711,0.0,0,1037,fhi:git
county,Viken,2021-01-05,524,0,1561,0,0.12576893483138799,0.0,524,1561,fhi:git
county,Viken,2021-01-06,1644,0,3205,0,0.258225135255989,0.0,1644,3205,fhi:git
county,Viken,2021-01-07,1916,0,5121,0,0.412596230154734,0.0,1916,5121,fhi:git
county,Viken,2021-01-08,279,0,5400,0,0.435075110883726,0.0,279,5400,fhi:git
county,Viken,2021-01-09,6,0,5406,0,0.43555852767359704,0.0,6,5406,fhi:git
county,Viken,2021-01-10,5,0,5411,0,0.435961374998489,0.0,5,5411,fhi:git
county,Viken,2021-01-11,55,0,5466,0,0.44039269557230504,0.0,55,5466,fhi:git
county,Viken,2021-01-12,785,0,6251,0,0.503639725580402,0.0,785,6251,fhi:git
county,Viken,2021-01-13,1938,0,8189,0,0.659783348708673,0.0,1938,8189,fhi:git
county,Viken,2021-01-14,1951,0,10140,0,0.816974374881664,0.0,1951,10140,fhi:git
county,Viken,2021-01-15,1042,0,11182,0,0.900927757389227,0.0,1042,11182,fhi:git
county,Viken,2021-01-16,85,0,11267,0,0.907776161912397,0.0,85,11267,fhi:git
county,Viken,2021-01-17,22,0,11289,0,0.909548690141923,0.0,22,11289,fhi:git
county,Viken,2021-01-18,141,51,11430,51,0.9209089847038872,0.00410904271390186,192,11481,fhi:git
county,Viken,2021-01-19,642,380,12072,431,0.972634581220063,0.0347254394057196,1022,12503,fhi:git
county,Viken,2021-01-20,1489,341,13561,772,1.092602514573,0.0621996269633771,1830,14333,fhi:git
county,Viken,2021-01-21,1991,99,15552,871,1.2530163193451298,0.0701760039962455,2090,16423,fhi:git
county,Viken,2021-01-22,805,1,16357,872,1.3178747386528,0.0702565734612239,806,17229,fhi:git
county,Viken,2021-01-23,97,0,16454,872,1.32568997675571,0.0702565734612239,97,17326,fhi:git
county,Viken,2021-01-24,0,0,16454,872,1.32568997675571,0.0702565734612239,0,17326,fhi:git
county,Viken,2021-01-25,59,0,16513,872,1.33044357518944,0.0702565734612239,59,17385,fhi:git
county,Viken,2021-01-26,554,391,17067,1263,1.3750790587875101,0.10175923426780499,945,18330,fhi:git
county,Viken,2021-01-27,1910,1143,18977,2406,1.52896673689638,0.193850132738194,3053,21383,fhi:git
county,Viken,2021-01-28,3090,1704,22067,4110,1.77792638367985,0.331140501061503,4794,26177,fhi:git
county,Viken,2021-01-29,1028,421,23095,4531,1.86075179367771,0.365060245817438,1449,27626,fhi:git
county,Viken,2021-01-30,4,17,23099,4548,1.86107407153763,0.366429926722072,21,27647,fhi:git
county,Viken,2021-01-31,0,3,23099,4551,1.86107407153763,0.36667163511700707,3,27650,fhi:git
county,Viken,2021-02-01,25,45,23124,4596,1.8630883081620901,0.37029726104103794,70,27720,fhi:git
county,Viken,2021-02-02,1013,683,24137,5279,1.94470517618528,0.425326205621332,1696,29416,fhi:git
county,Viken,2021-02-03,4704,1704,28841,6983,2.3237039394439902,0.5626165739446409,6408,35824,fhi:git
county,Viken,2021-02-04,6607,1751,35448,8734,2.85602639455673,0.703693707121938,8358,44182,fhi:git
county,Viken,2021-02-05,3111,1088,38559,9822,3.1066780001047403,0.791353285018511,4199,48381,fhi:git
county,Viken,2021-02-06,37,85,38596,9907,3.1096590703089397,0.7982016895416809,122,48503,fhi:git
county,Viken,2021-02-07,15,19,38611,9926,3.11086761228362,0.799732509376271,34,48537,fhi:git
county,Viken,2021-02-08,17,95,38628,10021,3.11223729318825,0.807386608549226,112,48649,fhi:git
county,Viken,2021-02-09,730,534,39358,10555,3.17105300262254,0.850410702847728,1264,49913,fhi:git
county,Viken,2021-02-10,3268,1273,42626,11828,3.43435401417217,0.9529756317653171,4541,54454,fhi:git
county,Viken,2021-02-11,4682,1804,47308,13632,3.8115802492013597,1.0983229465864701,6486,60940,fhi:git
county,Viken,2021-02-12,2322,883,49630,14515,3.9986625468813597,1.16946578416246,3205,64145,fhi:git
county,Viken,2021-02-13,10,96,49640,14611,3.9994682415311402,1.1772004528003899,106,64251,fhi:git
county,Viken,2021-02-14,6,0,49646,14611,3.99995165832101,1.1772004528003899,6,64257,fhi:git
county,Innlandet,2020-12-27,0,0,0,0,0.0,0.0,0,0,fhi:git
county,Innlandet,2020-12-28,271,0,271,0,0.07297009841539098,0.0,271,271,fhi:git
county,Innlandet,2020-12-29,260,0,531,0,0.142978310917242,0.0,260,531,fhi:git
county,Innlandet,2020-12-30,149,0,680,0,0.18309840192791801,0.0,149,680,fhi:git
county,Innlandet,2020-12-31,0,0,680,0,0.18309840192791801,0.0,0,680,fhi:git
county,Innlandet,2021-01-01,0,0,680,0,0.18309840192791801,0.0,0,680,fhi:git
county,Innlandet,2021-01-02,0,0,680,0,0.18309840192791801,0.0,0,680,fhi:git
county,Innlandet,2021-01-03,0,0,680,0,0.18309840192791801,0.0,0,680,fhi:git
county,Innlandet,2021-01-04,0,0,680,0,0.18309840192791801,0.0,0,680,fhi:git
county,Innlandet,2021-01-05,273,0,953,0,0.256607025054862,0.0,273,953,fhi:git
county,Innlandet,2021-01-06,702,0,1655,0,0.44562919880985996,0.0,702,1655,fhi:git
county,Innlandet,2021-01-07,719,0,2374,0,0.639228832613057,0.0,719,2374,fhi:git
county,Innlandet,2021-01-08,76,0,2450,0,0.659692771652059,0.0,76,2450,fhi:git
county,Innlandet,2021-01-09,0,0,2450,0,0.659692771652059,0.0,0,2450,fhi:git
county,Innlandet,2021-01-10,0,0,2450,0,0.659692771652059,0.0,0,2450,fhi:git
county,Innlandet,2021-01-11,50,0,2500,0,0.6731558894408771,0.0,50,2500,fhi:git
county,Innlandet,2021-01-12,401,0,2901,0,0.781130094107193,0.0,401,2901,fhi:git
county,Innlandet,2021-01-13,995,0,3896,0,1.04904613810466,0.0,995,3896,fhi:git
county,Innlandet,2021-01-14,952,0,4848,0,1.30538390080375,0.0,952,4848,fhi:git
county,Innlandet,2021-01-15,277,0,5125,0,1.3799695733538002,0.0,277,5125,fhi:git
county,Innlandet,2021-01-16,4,0,5129,0,1.3810466227768998,0.0,4,5129,fhi:git
county,Innlandet,2021-01-17,0,0,5129,0,1.3810466227768998,0.0,0,5129,fhi:git
county,Innlandet,2021-01-18,67,0,5196,0,1.39908720061392,0.0,67,5196,fhi:git
county,Innlandet,2021-01-19,333,318,5529,318,1.48875156508744,0.0856254291368795,651,5847,fhi:git
county,Innlandet,2021-01-20,663,252,6192,570,1.66727250696716,0.15347954279252,915,6762,fhi:git
county,Innlandet,2021-01-21,832,48,7024,618,1.8912987869730902,0.166404135869785,880,7642,fhi:git
county,Innlandet,2021-01-22,238,0,7262,618,1.95538322764786,0.166404135869785,238,7880,fhi:git
county,Innlandet,2021-01-23,5,0,7267,618,1.95672953942674,0.166404135869785,5,7885,fhi:git
county,Innlandet,2021-01-24,0,0,7267,618,1.95672953942674,0.166404135869785,0,7885,fhi:git
county,Innlandet,2021-01-25,1,0,7268,618,1.9569988017825202,0.166404135869785,1,7886,fhi:git
county,Innlandet,2021-01-26,140,131,7408,749,1.99469553159121,0.201677504476487,271,8157,fhi:git
county,Innlandet,2021-01-27,907,549,8315,1298,2.23891648828036,0.349502537797703,1456,9613,fhi:git
county,Innlandet,2021-01-28,894,705,9209,2003,2.4796370343444103,0.5393324986200301,1599,11212,fhi:git
county,Innlandet,2021-01-29,312,132,9521,2135,2.56364688934664,0.5748751295825091,444,11656,fhi:git
county,Innlandet,2021-01-30,1,0,9522,2135,2.5639161517024105,0.5748751295825091,1,11657,fhi:git
county,Innlandet,2021-01-31,0,0,9522,2135,2.5639161517024105,0.5748751295825091,0,11657,fhi:git
county,Innlandet,2021-02-01,8,49,9530,2184,2.5660702505486204,0.58806898501555,57,11714,fhi:git
county,Innlandet,2021-02-02,605,334,10135,2518,2.72897397579331,0.6780026118448511,939,12653,fhi:git
county,Innlandet,2021-02-03,2281,812,12416,3330,3.34316140931917,0.8966436447352479,3093,15746,fhi:git
county,Innlandet,2021-02-04,2596,987,15012,4317,4.04216648491458,1.16240558988651,3583,19329,fhi:git
county,Innlandet,2021-02-05,806,269,15818,4586,4.259191943670309,1.2348371635903401,1075,20404,fhi:git
county,Innlandet,2021-02-06,7,4,15825,4590,4.26107678016075,1.23591421301345,11,20415,fhi:git
county,Innlandet,2021-02-07,0,0,15825,4590,4.26107678016075,1.23591421301345,0,20415,fhi:git
county,Innlandet,2021-02-08,2,62,15827,4652,4.2616153048723,1.2526084790715801,64,20479,fhi:git
county,Innlandet,2021-02-09,253,267,16080,4919,4.32973868088372,1.3245015280638701,520,20999,fhi:git
county,Innlandet,2021-02-10,2062,566,18142,5485,4.8849576584945495,1.47690402143328,2628,23627,fhi:git
county,Innlandet,2021-02-11,2136,830,20278,6315,5.460102050432839,1.70039177672765,2966,26593,fhi:git
county,Innlandet,2021-02-12,421,277,20699,6592,5.57346150221468,1.7749774492777,698,27291,fhi:git
county,Innlandet,2021-02-13,0,5,20699,6597,5.57346150221468,1.77632376105659,5,27296,fhi:git
county,Innlandet,2021-02-14,1,0,20700,6597,5.573730764570461,1.77632376105659,1,27297,fhi:git
county,Vestfold og Telemark,2020-12-27,0,0,0,0,0.0,0.0,0,0,fhi:git
county,Vestfold og Telemark,2020-12-28,0,0,0,0,0.0,0.0,0,0,fhi:git
county,Vestfold og Telemark,2020-12-29,0,0,0,0,0.0,0.0,0,0,fhi:git
county,Vestfold og Telemark,2020-12-30,0,0,0,0,0.0,0.0,0,0,fhi:git
county,Vestfold og Telemark,2020-12-31,0,0,0,0,0.0,0.0,0,0,fhi:git
county,Vestfold og Telemark,2021-01-01,0,0,0,0,0.0,0.0,0,0,fhi:git
county,Vestfold og Telemark,2021-01-02,0,0,0,0,0.0,0.0,0,0,fhi:git
county,Vestfold og Telemark,2021-01-03,0,0,0,0,0.0,0.0,0,0,fhi:git
county,Vestfold og Telemark,2021-01-04,1,0,1,0,0.00023843813484153399,0.0,1,1,fhi:git
county,Vestfold og Telemark,2021-01-05,218,0,219,0,0.052217951530296,0.0,218,219,fhi:git
county,Vestfold og Telemark,2021-01-06,1026,0,1245,0,0.29685547787771,0.0,1026,1245,fhi:git
county,Vestfold og Telemark,2021-01-07,442,0,1687,0,0.40224513347766794,0.0,442,1687,fhi:git
county,Vestfold og Telemark,2021-01-08,64,0,1751,0,0.417505174107526,0.0,64,1751,fhi:git
county,Vestfold og Telemark,2021-01-09,0,0,1751,0,0.417505174107526,0.0,0,1751,fhi:git
county,Vestfold og Telemark,2021-01-10,2,0,1753,0,0.417982050377209,0.0,2,1753,fhi:git
county,Vestfold og Telemark,2021-01-11,2,0,1755,0,0.41845892664689205,0.0,2,1755,fhi:git
county,Vestfold og Telemark,2021-01-12,418,0,2173,0,0.518126067010654,0.0,418,2173,fhi:git
county,Vestfold og Telemark,2021-01-13,1168,0,3341,0,0.796621808505565,0.0,1168,3341,fhi:git
county,Vestfold og Telemark,2021-01-14,586,0,3927,0,0.9363465555227041,0.0,586,3927,fhi:git
county,Vestfold og Telemark,2021-01-15,157,0,4084,0,0.9737813426928249,0.0,157,4084,fhi:git
county,Vestfold og Telemark,2021-01-16,3,0,4087,0,0.9744966570973491,0.0,3,4087,fhi:git
county,Vestfold og Telemark,2021-01-17,39,0,4126,0,0.9837957443561691,0.0,39,4126,fhi:git
county,Vestfold og Telemark,2021-01-18,5,0,4131,0,0.9849879350303771,0.0,5,4131,fhi:git
county,Vestfold og Telemark,2021-01-19,227,0,4358,0,1.0391133916394102,0.0,227,4358,fhi:git
county,Vestfold og Telemark,2021-01-20,1605,0,5963,0,1.42180659806007,0.0,1605,5963,fhi:git
county,Vestfold og Telemark,2021-01-21,828,0,6791,0,1.61923337370886,0.0,828,6791,fhi:git
county,Vestfold og Telemark,2021-01-22,178,0,6969,0,1.6616753617106501,0.0,178,6969,fhi:git
county,Vestfold og Telemark,2021-01-23,3,0,6972,0,1.6623906761151799,0.0,3,6972,fhi:git
county,Vestfold og Telemark,2021-01-24,0,0,6972,0,1.6623906761151799,0.0,0,6972,fhi:git
county,Vestfold og Telemark,2021-01-25,45,0,7017,0,1.67312039218304,0.0,45,7017,fhi:git
county,Vestfold og Telemark,2021-01-26,103,178,7120,178,1.6976795200717198,0.0424419880017931,281,7298,fhi:git
county,Vestfold og Telemark,2021-01-27,1622,898,8742,1076,2.08442617478469,0.25655943308949103,2520,9818,fhi:git
county,Vestfold og Telemark,2021-01-28,651,449,9393,1525,2.2396494005665297,0.363618155633339,1100,10918,fhi:git
county,Vestfold og Telemark,2021-01-29,86,90,9479,1615,2.2601550801629,0.38507758776907797,176,11094,fhi:git
county,Vestfold og Telemark,2021-01-30,0,0,9479,1615,2.2601550801629,0.38507758776907797,0,11094,fhi:git
county,Vestfold og Telemark,2021-01-31,0,1,9479,1616,2.2601550801629,0.38531602590391906,1,11095,fhi:git
county,Vestfold og Telemark,2021-02-01,49,0,9528,1616,2.2718385487701402,0.38531602590391906,49,11144,fhi:git
county,Vestfold og Telemark,2021-02-02,459,327,9987,1943,2.3812816526624,0.463285295997101,786,11930,fhi:git
county,Vestfold og Telemark,2021-02-03,3204,834,13191,2777,3.1452374366946803,0.66214270045494,4038,15968,fhi:git
county,Vestfold og Telemark,2021-02-04,1886,706,15077,3483,3.59493175900581,0.8304800236530631,2592,18560,fhi:git
county,Vestfold og Telemark,2021-02-05,949,244,16026,3727,3.82120954897042,0.8886589285543969,1193,19753,fhi:git
county,Vestfold og Telemark,2021-02-06,0,4,16026,3731,3.82120954897042,0.889612681093763,4,19757,fhi:git
county,Vestfold og Telemark,2021-02-07,2,1,16028,3732,3.8216864252401104,0.889851119228605,3,19760,fhi:git
county,Vestfold og Telemark,2021-02-08,17,46,16045,3778,3.8257398735324104,0.9008192734313158,63,19823,fhi:git
county,Vestfold og Telemark,2021-02-09,345,206,16390,3984,3.90800103005274,0.9499375292086708,551,20374,fhi:git
county,Vestfold og Telemark,2021-02-10,2873,1369,19263,5353,4.59303379145247,1.27635933580673,4242,24616,fhi:git
county,Vestfold og Telemark,2021-02-11,1453,821,20716,6174,4.93948440137722,1.4721170445116298,2274,26890,fhi:git
county,Vestfold og Telemark,2021-02-12,558,184,21274,6358,5.0725328806188,1.51598966132247,742,27632,fhi:git
county,Vestfold og Telemark,2021-02-13,1,2,21275,6360,5.07277131875364,1.5164665375921598,3,27635,fhi:git
county,Vestfold og Telemark,2021-02-14,0,0,21275,6360,5.07277131875364,1.5164665375921598,0,27635,fhi:git
county,Agder,2020-12-27,0,0,0,0,0.0,0.0,0,0,fhi:git
county,Agder,2020-12-28,0,0,0,0,0.0,0.0,0,0,fhi:git
county,Agder,2020-12-29,0,0,0,0,0.0,0.0,0,0,fhi:git
county,Agder,2020-12-30,0,0,0,0,0.0,0.0,0,0,fhi:git
county,Agder,2020-12-31,0,0,0,0,0.0,0.0,0,0,fhi:git
county,Agder,2021-01-01,0,0,0,0,0.0,0.0,0,0,fhi:git
county,Agder,2021-01-02,0,0,0,0,0.0,0.0,0,0,fhi:git
county,Agder,2021-01-03,3,0,3,0,0.000976463963597423,0.0,3,3,fhi:git
county,Agder,2021-01-04,0,0,3,0,0.000976463963597423,0.0,0,3,fhi:git
county,Agder,2021-01-05,79,0,82,0,0.0266900150049962,0.0,79,82,fhi:git
county,Agder,2021-01-06,791,0,873,0,0.28415101340685,0.0,791,873,fhi:git
county,Agder,2021-01-07,230,0,1103,0,0.359013250615986,0.0,230,1103,fhi:git
county,Agder,2021-01-08,49,0,1152,0,0.37496216202141097,0.0,49,1152,fhi:git
county,Agder,2021-01-09,0,0,1152,0,0.37496216202141097,0.0,0,1152,fhi:git
county,Agder,2021-01-10,0,0,1152,0,0.37496216202141097,0.0,0,1152,fhi:git
county,Agder,2021-01-11,0,0,1152,0,0.37496216202141097,0.0,0,1152,fhi:git
county,Agder,2021-01-12,225,0,1377,0,0.44819695929121706,0.0,225,1377,fhi:git
county,Agder,2021-01-13,851,0,2228,0,0.72518723696502,0.0,851,2228,fhi:git
county,Agder,2021-01-14,507,0,2735,0,0.8902096468129841,0.0,507,2735,fhi:git
county,Agder,2021-01-15,118,0,2853,0,0.92861722938115,0.0,118,2853,fhi:git
county,Agder,2021-01-16,0,0,2853,0,0.92861722938115,0.0,0,2853,fhi:git
county,Agder,2021-01-17,2,0,2855,0,0.929268205356881,0.0,2,2855,fhi:git
county,Agder,2021-01-18,15,0,2870,0,0.934150525174868,0.0,15,2870,fhi:git
county,Agder,2021-01-19,348,0,3218,0,1.0474203449521702,0.0,348,3218,fhi:git
county,Agder,2021-01-20,459,0,3677,0,1.1968193313825801,0.0,459,3677,fhi:git
county,Agder,2021-01-21,340,0,4017,0,1.30748524725695,0.0,340,4017,fhi:git
county,Agder,2021-01-22,62,0,4079,0,1.32766550250463,0.0,62,4079,fhi:git
county,Agder,2021-01-23,1,0,4080,0,1.3279909904925,0.0,1,4080,fhi:git
county,Agder,2021-01-24,0,0,4080,0,1.3279909904925,0.0,0,4080,fhi:git
county,Agder,2021-01-25,1,0,4081,0,1.32831647848036,0.0,1,4081,fhi:git
county,Agder,2021-01-26,62,66,4143,66,1.3484967337280402,0.0214822071991433,128,4209,fhi:git
county,Agder,2021-01-27,552,680,4695,746,1.52816610302997,0.242814038947893,1232,5441,fhi:git
county,Agder,2021-01-28,950,248,5645,994,1.83737969150249,0.32353505993861303,1198,6639,fhi:git
county,Agder,2021-01-29,201,61,5846,1055,1.90280277706351,0.34338982719842703,262,6901,fhi:git
county,Agder,2021-01-30,29,0,5875,1055,1.91224192871162,0.34338982719842703,29,6930,fhi:git
county,Agder,2021-01-31,20,0,5895,1055,1.91875168846894,0.34338982719842703,20,6950,fhi:git
county,Agder,2021-02-01,0,1,5895,1056,1.91875168846894,0.34371531518629306,1,6951,fhi:git
county,Agder,2021-02-02,202,170,6097,1226,1.98450026201783,0.39904827312348,372,7323,fhi:git
county,Agder,2021-02-03,1317,588,7414,1814,2.4131679420371004,0.590435209988575,1905,9228,fhi:git
county,Agder,2021-02-04,1699,501,9113,2315,2.96617203342111,0.753504691909345,2200,11428,fhi:git
county,Agder,2021-02-05,605,133,9718,2448,3.16309226607992,0.796794594295498,738,12166,fhi:git
county,Agder,2021-02-06,484,1,10202,2449,3.3206284522069707,0.7971200822833628,485,12651,fhi:git
county,Agder,2021-02-07,83,2,10285,2451,3.34764395519983,0.797771058259095,85,12736,fhi:git
county,Agder,2021-02-08,13,2,10298,2453,3.3518752990420895,0.798422034234827,15,12751,fhi:git
county,Agder,2021-02-09,187,239,10485,2692,3.412741552773,0.876213663334755,426,13177,fhi:git
county,Agder,2021-02-10,1127,371,11612,3063,3.77956651509776,0.9969697068329691,1498,14675,fhi:git
county,Agder,2021-02-11,998,409,12610,3472,4.10440352698784,1.1300942938700802,1407,16082,fhi:git
county,Agder,2021-02-12,351,69,12961,3541,4.21864981072874,1.1525529650328301,420,16502,fhi:git
county,Agder,2021-02-13,409,1,13370,3542,4.351774397765849,1.15287845302069,410,16912,fhi:git
county,Agder,2021-02-14,0,0,13370,3542,4.351774397765849,1.15287845302069,0,16912,fhi:git
county,Vestland,2020-12-27,0,0,0,0,0.0,0.0,0,0,fhi:git
county,Vestland,2020-12-28,0,0,0,0,0.0,0.0,0,0,fhi:git
county,Vestland,2020-12-29,0,0,0,0,0.0,0.0,0,0,fhi:git
county,Vestland,2020-12-30,0,0,0,0,0.0,0.0,0,0,fhi:git
county,Vestland,2020-12-31,0,0,0,0,0.0,0.0,0,0,fhi:git
county,Vestland,2021-01-01,0,0,0,0,0.0,0.0,0,0,fhi:git
county,Vestland,2021-01-02,0,0,0,0,0.0,0.0,0,0,fhi:git
county,Vestland,2021-01-03,0,0,0,0,0.0,0.0,0,0,fhi:git
county,Vestland,2021-01-04,2,0,2,0,0.00031420307887597003,0.0,2,2,fhi:git
county,Vestland,2021-01-05,416,0,418,0,0.0656684434850777,0.0,416,418,fhi:git
county,Vestland,2021-01-06,1250,0,1668,0,0.262045367782559,0.0,1250,1668,fhi:git
county,Vestland,2021-01-07,714,0,2382,0,0.37421586694128,0.0,714,2382,fhi:git
county,Vestland,2021-01-08,139,0,2521,0,0.39605298092315994,0.0,139,2521,fhi:git
county,Vestland,2021-01-09,0,0,2521,0,0.39605298092315994,0.0,0,2521,fhi:git
county,Vestland,2021-01-10,0,0,2521,0,0.39605298092315994,0.0,0,2521,fhi:git
county,Vestland,2021-01-11,65,0,2586,0,0.406264580986629,0.0,65,2586,fhi:git
county,Vestland,2021-01-12,855,0,3441,0,0.540586397206106,0.0,855,3441,fhi:git
county,Vestland,2021-01-13,1125,0,4566,0,0.717325629073839,0.0,1125,4566,fhi:git
county,Vestland,2021-01-14,995,0,5561,0,0.873641660814634,0.0,995,5561,fhi:git
county,Vestland,2021-01-15,424,0,5985,0,0.94025271353634,0.0,424,5985,fhi:git
county,Vestland,2021-01-16,2,0,5987,0,0.940566916615216,0.0,2,5987,fhi:git
county,Vestland,2021-01-17,1,0,5988,0,0.940724018154654,0.0,1,5988,fhi:git
county,Vestland,2021-01-18,57,0,6045,0,0.9496788059026191,0.0,57,6045,fhi:git
county,Vestland,2021-01-19,368,0,6413,0,1.0074921724158001,0.0,368,6413,fhi:git
county,Vestland,2021-01-20,1234,0,7647,0,1.2013554720822701,0.0,1234,7647,fhi:git
county,Vestland,2021-01-21,782,0,8429,0,1.3242088759227801,0.0,782,8429,fhi:git
county,Vestland,2021-01-22,311,0,8740,0,1.37306745468799,0.0,311,8740,fhi:git
county,Vestland,2021-01-23,0,0,8740,0,1.37306745468799,0.0,0,8740,fhi:git
county,Vestland,2021-01-24,0,0,8740,0,1.37306745468799,0.0,0,8740,fhi:git
county,Vestland,2021-01-25,1,0,8741,0,1.37322455622743,0.0,1,8741,fhi:git
county,Vestland,2021-01-26,151,174,8892,174,1.39694688868256,0.0273356678622094,325,9066,fhi:git
county,Vestland,2021-01-27,1579,1204,10471,1378,1.64501021945514,0.216485921345543,2783,11849,fhi:git
county,Vestland,2021-01-28,1918,677,12389,2055,1.9463309720972,0.32284366354505895,2595,14444,fhi:git
county,Vestland,2021-01-29,478,165,12867,2220,2.02142550794855,0.348765417552327,643,15087,fhi:git
county,Vestland,2021-01-30,1,0,12868,2220,2.02158260948799,0.348765417552327,1,15088,fhi:git
county,Vestland,2021-01-31,0,0,12868,2220,2.02158260948799,0.348765417552327,0,15088,fhi:git
county,Vestland,2021-02-01,12,59,12880,2279,2.02346782796125,0.358034408379168,71,15159,fhi:git
county,Vestland,2021-02-02,704,579,13584,2858,2.13406731172559,0.448996199713761,1283,16442,fhi:git
county,Vestland,2021-02-03,2796,1038,16380,3896,2.57332321599419,0.6120675976503891,3834,20276,fhi:git
county,Vestland,2021-02-04,2510,1055,18890,4951,2.9676480799835403,0.7778097217574641,3565,23841,fhi:git
county,Vestland,2021-02-05,852,484,19742,5435,3.1014985915847,0.853846866845448,1336,25177,fhi:git
county,Vestland,2021-02-06,0,2,19742,5437,3.1014985915847,0.8541610699243242,2,25179,fhi:git
county,Vestland,2021-02-07,2,1,19744,5438,3.10181279466357,0.8543181714637621,3,25182,fhi:git
county,Vestland,2021-02-08,12,49,19756,5487,3.1036980131368304,0.8620161468962242,61,25243,fhi:git
county,Vestland,2021-02-09,863,305,20619,5792,3.23927664167181,0.9099321164248091,1168,26411,fhi:git
county,Vestland,2021-02-10,2690,965,23309,6757,3.66187978275999,1.06153510198246,3655,30066,fhi:git
county,Vestland,2021-02-11,2540,817,25849,7574,4.06091769293247,1.1898870597033,3357,33423,fhi:git
county,Vestland,2021-02-12,547,396,26396,7970,4.14685223500505,1.25209926932074,943,34366,fhi:git
county,Vestland,2021-02-13,0,0,26396,7970,4.14685223500505,1.25209926932074,0,34366,fhi:git
county,Vestland,2021-02-14,0,0,26396,7970,4.14685223500505,1.25209926932074,0,34366,fhi:git
county,Trøndelag,2020-12-27,0,0,0,0,0.0,0.0,0,0,fhi:git
county,Trøndelag,2020-12-28,0,0,0,0,0.0,0.0,0,0,fhi:git
county,Trøndelag,2020-12-29,0,0,0,0,0.0,0.0,0,0,fhi:git
county,Trøndelag,2020-12-30,0,0,0,0,0.0,0.0,0,0,fhi:git
county,Trøndelag,2020-12-31,0,0,0,0,0.0,0.0,0,0,fhi:git
county,Trøndelag,2021-01-01,0,0,0,0,0.0,0.0,0,0,fhi:git
county,Trøndelag,2021-01-02,0,0,0,0,0.0,0.0,0,0,fhi:git
county,Trøndelag,2021-01-03,0,0,0,0,0.0,0.0,0,0,fhi:git
county,Trøndelag,2021-01-04,3,0,3,0,0.000640065542711574,0.0,3,3,fhi:git
county,Trøndelag,2021-01-05,406,0,409,0,0.0872622689896779,0.0,406,409,fhi:git
county,Trøndelag,2021-01-06,674,0,1083,0,0.231063660918878,0.0,674,1083,fhi:git
county,Trøndelag,2021-01-07,483,0,1566,0,0.33411421329544105,0.0,483,1566,fhi:git
county,Trøndelag,2021-01-08,140,0,1706,0,0.36398393862198203,0.0,140,1706,fhi:git
county,Trøndelag,2021-01-09,0,0,1706,0,0.36398393862198203,0.0,0,1706,fhi:git
county,Trøndelag,2021-01-10,0,0,1706,0,0.36398393862198203,0.0,0,1706,fhi:git
county,Trøndelag,2021-01-11,95,0,1801,0,0.38425268080784797,0.0,95,1801,fhi:git
county,Trøndelag,2021-01-12,502,0,2303,0,0.49135698162158503,0.0,502,2303,fhi:git
county,Trøndelag,2021-01-13,857,0,3160,0,0.674202371656191,0.0,857,3160,fhi:git
county,Trøndelag,2021-01-14,670,0,3830,0,0.8171503428617759,0.0,670,3830,fhi:git
county,Trøndelag,2021-01-15,253,0,4083,0,0.871129203630452,0.0,253,4083,fhi:git
county,Trøndelag,2021-01-16,0,0,4083,0,0.871129203630452,0.0,0,4083,fhi:git
county,Trøndelag,2021-01-17,0,0,4083,0,0.871129203630452,0.0,0,4083,fhi:git
county,Trøndelag,2021-01-18,152,0,4235,0,0.903559191127838,0.0,152,4235,fhi:git
county,Trøndelag,2021-01-19,568,0,4803,0,1.02474493388123,0.0,568,4803,fhi:git
county,Trøndelag,2021-01-20,729,0,5532,0,1.1802808607601398,0.0,729,5532,fhi:git
county,Trøndelag,2021-01-21,523,0,6055,0,1.2918656203728602,0.0,523,6055,fhi:git
county,Trøndelag,2021-01-22,282,0,6337,0,1.3520317813877498,0.0,282,6337,fhi:git
county,Trøndelag,2021-01-23,1,0,6338,0,1.35224513656865,0.0,1,6338,fhi:git
county,Trøndelag,2021-01-24,0,0,6338,0,1.35224513656865,0.0,0,6338,fhi:git
county,Trøndelag,2021-01-25,1,0,6339,0,1.35245849174956,0.0,1,6339,fhi:git
county,Trøndelag,2021-01-26,313,184,6652,184,1.41923866337246,0.0392573532863098,497,6836,fhi:git
county,Trøndelag,2021-01-27,956,590,7608,774,1.6232062163165502,0.165136910019586,1546,8382,fhi:git
county,Trøndelag,2021-01-28,699,473,8307,1247,1.7723414877683503,0.26605391058711103,1172,9554,fhi:git
county,Trøndelag,2021-01-29,410,202,8717,1449,1.85981711193893,0.30915165712969,612,10166,fhi:git
county,Trøndelag,2021-01-30,0,0,8717,1449,1.85981711193893,0.30915165712969,0,10166,fhi:git
county,Trøndelag,2021-01-31,0,1,8717,1450,1.85981711193893,0.309365012310594,1,10167,fhi:git
county,Trøndelag,2021-02-01,13,86,8730,1536,1.86259072929068,0.32771355786832596,99,10266,fhi:git
county,Trøndelag,2021-02-02,829,394,9559,1930,2.03946217425998,0.41177549914444606,1223,11489,fhi:git
county,Trøndelag,2021-02-03,2011,805,11570,2735,2.46851944305764,0.583526419772051,2816,14305,fhi:git
county,Trøndelag,2021-02-04,2064,589,13634,3324,2.9088845364432,0.709192621324424,2653,16958,fhi:git
county,Trøndelag,2021-02-05,1263,319,14897,3643,3.17835212992477,0.777252924032754,1582,18540,fhi:git
county,Trøndelag,2021-02-06,7,0,14904,3643,3.1798456161910997,0.777252924032754,7,18547,fhi:git
county,Trøndelag,2021-02-07,1,0,14905,3643,3.180058971372,0.777252924032754,1,18548,fhi:git
county,Trøndelag,2021-02-08,3,150,14908,3793,3.1806990369147097,0.809256201168333,153,18701,fhi:git
county,Trøndelag,2021-02-09,822,523,15730,4316,3.35607699561768,0.9208409607810509,1345,20046,fhi:git
county,Trøndelag,2021-02-10,2033,611,17763,4927,3.7898280783952303,1.05120097631331,2644,22690,fhi:git
county,Trøndelag,2021-02-11,2191,569,19954,5496,4.25728927975558,1.1726000742476002,2760,25450,fhi:git
county,Trøndelag,2021-02-12,782,274,20736,5770,4.424133031222401,1.23105939381526,1056,26506,fhi:git
county,Trøndelag,2021-02-13,0,0,20736,5770,4.424133031222401,1.23105939381526,0,26506,fhi:git
county,Trøndelag,2021-02-14,0,0,20736,5770,4.424133031222401,1.23105939381526,0,26506,fhi:git
county,Troms og Finnmark,2020-12-27,0,0,0,0,0.0,0.0,0,0,fhi:git
county,Troms og Finnmark,2020-12-28,1,0,1,0,0.00041099662571770297,0.0,1,1,fhi:git
county,Troms og Finnmark,2020-12-29,0,0,1,0,0.00041099662571770297,0.0,0,1,fhi:git
county,Troms og Finnmark,2020-12-30,0,0,1,0,0.00041099662571770297,0.0,0,1,fhi:git
county,Troms og Finnmark,2020-12-31,0,0,1,0,0.00041099662571770297,0.0,0,1,fhi:git
county,Troms og Finnmark,2021-01-01,0,0,1,0,0.00041099662571770297,0.0,0,1,fhi:git
county,Troms og Finnmark,2021-01-02,0,0,1,0,0.00041099662571770297,0.0,0,1,fhi:git
county,Troms og Finnmark,2021-01-03,0,0,1,0,0.00041099662571770297,0.0,0,1,fhi:git
county,Troms og Finnmark,2021-01-04,0,0,1,0,0.00041099662571770297,0.0,0,1,fhi:git
county,Troms og Finnmark,2021-01-05,53,0,54,0,0.022193817788756,0.0,53,54,fhi:git
county,Troms og Finnmark,2021-01-06,530,0,584,0,0.24002202941913797,0.0,530,584,fhi:git
county,Troms og Finnmark,2021-01-07,188,0,772,0,0.317289395054067,0.0,188,772,fhi:git
county,Troms og Finnmark,2021-01-08,247,0,1019,0,0.41880556160633897,0.0,247,1019,fhi:git
county,Troms og Finnmark,2021-01-09,0,0,1019,0,0.41880556160633897,0.0,0,1019,fhi:git
county,Troms og Finnmark,2021-01-10,0,0,1019,0,0.41880556160633897,0.0,0,1019,fhi:git
county,Troms og Finnmark,2021-01-11,1,0,1020,0,0.419216558232057,0.0,1,1020,fhi:git
county,Troms og Finnmark,2021-01-12,188,0,1208,0,0.496483923866985,0.0,188,1208,fhi:git
county,Troms og Finnmark,2021-01-13,569,0,1777,0,0.7303410039003579,0.0,569,1777,fhi:git
county,Troms og Finnmark,2021-01-14,329,0,2106,0,0.8655588937614821,0.0,329,2106,fhi:git
county,Troms og Finnmark,2021-01-15,37,0,2143,0,0.880765768913037,0.0,37,2143,fhi:git
county,Troms og Finnmark,2021-01-16,2,0,2145,0,0.8815877621644731,0.0,2,2145,fhi:git
county,Troms og Finnmark,2021-01-17,1,0,2146,0,0.88199875879019,0.0,1,2146,fhi:git
county,Troms og Finnmark,2021-01-18,0,1,2146,1,0.88199875879019,0.00041099662571770297,1,2147,fhi:git
county,Troms og Finnmark,2021-01-19,249,0,2395,1,0.9843369185938979,0.00041099662571770297,249,2396,fhi:git
county,Troms og Finnmark,2021-01-20,914,0,3309,1,1.3599878344998797,0.00041099662571770297,914,3310,fhi:git
county,Troms og Finnmark,2021-01-21,249,0,3558,1,1.46232599430359,0.00041099662571770297,249,3559,fhi:git
county,Troms og Finnmark,2021-01-22,81,0,3639,1,1.49561672098672,0.00041099662571770297,81,3640,fhi:git
county,Troms og Finnmark,2021-01-23,12,0,3651,1,1.50054868049533,0.00041099662571770297,12,3652,fhi:git
county,Troms og Finnmark,2021-01-24,0,0,3651,1,1.50054868049533,0.00041099662571770297,0,3652,fhi:git
county,Troms og Finnmark,2021-01-25,6,0,3657,1,1.5030146602496397,0.00041099662571770297,6,3658,fhi:git
county,Troms og Finnmark,2021-01-26,84,0,3741,1,1.53753837680993,0.00041099662571770297,84,3742,fhi:git
county,Troms og Finnmark,2021-01-27,673,357,4414,358,1.81413910591794,0.14713679200693802,1030,4772,fhi:git
county,Troms og Finnmark,2021-01-28,233,276,4647,634,1.90990131971017,0.260571860705024,509,5281,fhi:git
county,Troms og Finnmark,2021-01-29,103,243,4750,877,1.95223397215909,0.360444040754425,346,5627,fhi:git
county,Troms og Finnmark,2021-01-30,0,0,4750,877,1.95223397215909,0.360444040754425,0,5627,fhi:git
county,Troms og Finnmark,2021-01-31,0,0,4750,877,1.95223397215909,0.360444040754425,0,5627,fhi:git
county,Troms og Finnmark,2021-02-01,0,2,4750,879,1.95223397215909,0.36126603400586105,2,5629,fhi:git
county,Troms og Finnmark,2021-02-02,120,21,4870,900,2.00155356724521,0.369896963145933,141,5770,fhi:git
county,Troms og Finnmark,2021-02-03,1156,564,6026,1464,2.47666566657488,0.601699060050717,1720,7490,fhi:git
county,Troms og Finnmark,2021-02-04,1127,369,7153,1833,2.9398588637587295,0.7533568149405492,1496,8986,fhi:git
county,Troms og Finnmark,2021-02-05,280,141,7433,1974,3.05493791895969,0.8113073391667449,421,9407,fhi:git
county,Troms og Finnmark,2021-02-06,1,1,7434,1975,3.0553489155854,0.811718335792463,2,9409,fhi:git
county,Troms og Finnmark,2021-02-07,0,1,7434,1976,3.0553489155854,0.8121293324181809,1,9410,fhi:git
county,Troms og Finnmark,2021-02-08,0,0,7434,1976,3.0553489155854,0.8121293324181809,0,9410,fhi:git
county,Troms og Finnmark,2021-02-09,71,26,7505,2002,3.0845296760113596,0.822815244686841,97,9507,fhi:git
county,Troms og Finnmark,2021-02-10,1402,799,8907,2801,3.6607469452675803,1.15120154863529,2201,11708,fhi:git
county,Troms og Finnmark,2021-02-11,963,451,9870,3252,4.05653669583373,1.33656102683397,1414,13122,fhi:git
county,Troms og Finnmark,2021-02-12,215,104,10085,3356,4.14490097036303,1.3793046759086103,319,13441,fhi:git
county,Troms og Finnmark,2021-02-13,5,2,10090,3358,4.14695595349162,1.3801266691600502,7,13448,fhi:git
county,Troms og Finnmark,2021-02-14,0,0,10090,3358,4.14695595349162,1.3801266691600502,0,13448,fhi:git
nation,Norge,2020-12-27,5,0,5,0,9.31518486915891e-05,0.0,5,5,fhi:git
nation,Norge,2020-12-28,601,0,606,0,0.0112900040614206,0.0,601,606,fhi:git
nation,Norge,2020-12-29,1068,0,1674,0,0.031187238941944,0.0,1068,1674,fhi:git
nation,Norge,2020-12-30,424,0,2098,0,0.0390865157109908,0.0,424,2098,fhi:git
nation,Norge,2020-12-31,72,0,2170,0,0.0404279023321497,0.0,72,2170,fhi:git
nation,Norge,2021-01-01,6,0,2176,0,0.0405396845505796,0.0,6,2176,fhi:git
nation,Norge,2021-01-02,0,0,2176,0,0.0405396845505796,0.0,0,2176,fhi:git
nation,Norge,2021-01-03,3,0,2179,0,0.0405955756597945,0.0,3,2179,fhi:git
nation,Norge,2021-01-04,6,0,2185,0,0.0407073578782245,0.0,6,2185,fhi:git
nation,Norge,2021-01-05,3385,0,5570,0,0.10377115944242998,0.0,3385,5570,fhi:git
nation,Norge,2021-01-06,9057,0,14627,0,0.27250641816237503,0.0,9057,14627,fhi:git
nation,Norge,2021-01-07,6567,0,21194,0,0.39485205623390796,0.0,6567,21194,fhi:git
nation,Norge,2021-01-08,1613,0,22807,0,0.424902842621815,0.0,1613,22807,fhi:git
nation,Norge,2021-01-09,134,0,22941,0,0.4273993121667489,0.0,134,22941,fhi:git
nation,Norge,2021-01-10,107,0,23048,0,0.42939276172874896,0.0,107,23048,fhi:git
nation,Norge,2021-01-11,347,0,23395,0,0.435857500027946,0.0,347,23395,fhi:git
nation,Norge,2021-01-12,4261,0,27656,0,0.5152415054829179,0.0,4261,27656,fhi:git
nation,Norge,2021-01-13,9770,0,37426,0,0.697260217826283,0.0,9770,37426,fhi:git
nation,Norge,2021-01-14,8446,0,45872,0,0.8546123206361149,0.0,8446,45872,fhi:git
nation,Norge,2021-01-15,4466,0,50338,0,0.937815551887443,0.0,4466,50338,fhi:git
nation,Norge,2021-01-16,740,0,51078,0,0.9516020254937979,0.0,740,51078,fhi:git
nation,Norge,2021-01-17,340,5,51418,5,0.9579363512048259,9.31518486915891e-05,345,51423,fhi:git
nation,Norge,2021-01-18,1279,283,52697,288,0.9817645941001341,0.005365546484635529,1562,52985,fhi:git
nation,Norge,2021-01-19,4552,767,57249,1055,1.06657003714896,0.0196550400739253,5319,58304,fhi:git
nation,Norge,2021-01-20,10026,692,67275,1747,1.25335812414533,0.0325472559328412,10718,69022,fhi:git
nation,Norge,2021-01-21,8389,168,75664,1915,1.4096482958800802,0.0356771580488786,8557,77579,fhi:git
nation,Norge,2021-01-22,3287,7,78951,1922,1.47088632120993,0.0358075706370469,3294,80873,fhi:git
nation,Norge,2021-01-23,353,0,79304,1922,1.4774628417275601,0.0358075706370469,353,81226,fhi:git
nation,Norge,2021-01-24,66,0,79370,1922,1.47869244613029,0.0358075706370469,66,81292,fhi:git
nation,Norge,2021-01-25,575,0,79945,1922,1.48940490872982,0.0358075706370469,575,81867,fhi:git
nation,Norge,2021-01-26,2233,2129,82178,4051,1.53100652435548,0.0754716278099255,4362,86229,fhi:git
nation,Norge,2021-01-27,11188,7446,93366,11497,1.73944310098778,0.21419336088144,18634,104863,fhi:git
nation,Norge,2021-01-28,10743,6533,104109,18030,1.93958916308653,0.33590556638186997,17276,122139,fhi:git
nation,Norge,2021-01-29,3741,2060,107850,20090,2.00928537627758,0.374284128042805,5801,127940,fhi:git
nation,Norge,2021-01-30,129,170,107979,20260,2.01168869397382,0.37745129089831897,299,128239,fhi:git
nation,Norge,2021-01-31,80,50,108059,20310,2.0131791235528897,0.378382809385235,130,128369,fhi:git
nation,Norge,2021-02-01,180,298,108239,20608,2.01653259010578,0.383934659567254,478,128847,fhi:git
nation,Norge,2021-02-02,6272,3126,114511,23734,2.13338226910451,0.442173195369235,9398,138245,fhi:git
nation,Norge,2021-02-03,24638,8195,139149,31929,2.59239731871719,0.59484907537475,32833,171078,fhi:git
nation,Norge,2021-02-04,25398,8524,164547,40453,3.0655714493309802,0.7536543470241709,33922,205000,fhi:git
nation,Norge,2021-02-05,10406,4807,174953,45260,3.25943907682792,0.843210534356265,15213,220213,fhi:git
nation,Norge,2021-02-06,777,732,175730,45992,3.2739148741145896,0.8568479650047129,1509,221722,fhi:git
nation,Norge,2021-02-07,320,294,176050,46286,3.2798765924308504,0.862325293707779,614,222336,fhi:git
nation,Norge,2021-02-08,123,919,176173,47205,3.28216812790867,0.879446603497293,1042,223378,fhi:git
nation,Norge,2021-02-09,5312,3119,181485,50324,3.38113265195861,0.937554726711106,8431,231809,fhi:git
nation,Norge,2021-02-10,22196,8372,203681,58696,3.7946523386703097,1.0935281821603,30568,262377,fhi:git
nation,Norge,2021-02-11,19780,8102,223461,66798,4.163161052094241,1.2444714377801498,27882,290259,fhi:git
nation,Norge,2021-02-12,7524,3238,230985,70036,4.303335954005339,1.30479657499283,10762,301021,fhi:git
nation,Norge,2021-02-13,770,303,231755,70339,4.31768133870385,1.31044157702354,1073,302094,fhi:git
nation,Norge,2021-02-14,107,0,231862,70339,4.31967478826585,1.31044157702354,107,302201,fhi:git
