granularity_geo,location_name,date,new_dose_1,new_dose_2,total_dose_1,total_dose_2,total_pr100_dose_1,total_pr100_dose_2,new_doses,total_doses,source
county,Oslo,2020-12-27,5,0,5,0,0.00072098677133472,0.0,5,5,fhi:git
county,Oslo,2020-12-28,264,0,269,0,0.0387890882978079,0.0,264,269,fhi:git
county,Oslo,2020-12-29,118,0,387,0,0.0558043761013073,0.0,118,387,fhi:git
county,Oslo,2020-12-30,58,0,445,0,0.06416782264879001,0.0,58,445,fhi:git
county,Oslo,2020-12-31,5,0,450,0,0.0648888094201248,0.0,5,450,fhi:git
county,Oslo,2021-01-01,6,0,456,0,0.0657539935457264,0.0,6,456,fhi:git
county,Oslo,2021-01-02,0,0,456,0,0.0657539935457264,0.0,0,456,fhi:git
county,Oslo,2021-01-03,0,0,456,0,0.0657539935457264,0.0,0,456,fhi:git
county,Oslo,2021-01-04,0,0,456,0,0.0657539935457264,0.0,0,456,fhi:git
county,Oslo,2021-01-05,479,0,935,0,0.134824526239593,0.0,479,935,fhi:git
county,Oslo,2021-01-06,604,0,1539,0,0.22191972821682698,0.0,604,1539,fhi:git
county,Oslo,2021-01-07,968,0,2507,0,0.36150276714722795,0.0,968,2507,fhi:git
county,Oslo,2021-01-08,449,0,2956,0,0.426247379213086,0.0,449,2956,fhi:git
county,Oslo,2021-01-09,126,0,3082,0,0.444416245850721,0.0,126,3082,fhi:git
county,Oslo,2021-01-10,100,0,3182,0,0.45883598127741604,0.0,100,3182,fhi:git
county,Oslo,2021-01-11,76,0,3258,0,0.46979498020170296,0.0,76,3258,fhi:git
county,Oslo,2021-01-12,242,0,3500,0,0.504690739934304,0.0,242,3500,fhi:git
county,Oslo,2021-01-13,489,0,3989,0,0.575203246170839,0.0,489,3989,fhi:git
county,Oslo,2021-01-14,1233,0,5222,0,0.7529985839819809,0.0,1233,5222,fhi:git
county,Oslo,2021-01-15,1640,0,6862,0,0.989482244979769,0.0,1640,6862,fhi:git
county,Oslo,2021-01-16,643,0,7505,0,1.08220114377341,0.0,643,7505,fhi:git
county,Oslo,2021-01-17,275,5,7780,5,1.1218554161968202,0.00072098677133472,280,7785,fhi:git
county,Oslo,2021-01-18,760,231,8540,236,1.2314454054397,0.0340305756069988,991,8776,fhi:git
county,Oslo,2021-01-19,810,69,9350,305,1.34824526239593,0.0439801930514179,879,9655,fhi:git
county,Oslo,2021-01-20,991,99,10341,404,1.49114484047447,0.0582557311238453,1090,10745,fhi:git
county,Oslo,2021-01-21,1018,21,11359,425,1.63793774711822,0.0612838755634512,1039,11784,fhi:git
county,Oslo,2021-01-22,668,6,12027,431,1.7342615797685301,0.0621490596890528,674,12458,fhi:git
county,Oslo,2021-01-23,232,0,12259,431,1.7677153659584701,0.0621490596890528,232,12690,fhi:git
county,Oslo,2021-01-24,67,0,12326,431,1.7773765886943502,0.0621490596890528,67,12757,fhi:git
county,Oslo,2021-01-25,258,0,12584,431,1.81457950609522,0.0621490596890528,258,13015,fhi:git
county,Oslo,2021-01-26,312,403,12896,834,1.8595690806265102,0.12026059345863101,715,13730,fhi:git
county,Oslo,2021-01-27,1033,527,13929,1361,2.00852494758426,0.19625259915731103,1560,15290,fhi:git
county,Oslo,2021-01-28,872,843,14801,2204,2.13426504050504,0.31781096880434395,1715,17005,fhi:git
county,Oslo,2021-01-29,424,501,15225,2705,2.19540471871422,0.3900538432920829,925,17930,fhi:git
county,Oslo,2021-01-30,93,151,15318,2856,2.2088150726610496,0.4118276437863921,244,18174,fhi:git
county,Oslo,2021-01-31,61,45,15379,2901,2.21761111127133,0.41831652472840397,106,18280,fhi:git
county,Oslo,2021-02-01,52,46,15431,2947,2.22510937369321,0.424949603024684,98,18378,fhi:git
county,Oslo,2021-02-02,1524,150,16955,3097,2.4448661415960298,0.44657920616472496,1674,20052,fhi:git
county,Oslo,2021-02-03,2445,457,19400,3554,2.79742867277871,0.512477397064719,2902,22954,fhi:git
county,Oslo,2021-02-04,2049,1230,21449,4784,3.0928890516716803,0.6898401428130599,3279,26233,fhi:git
county,Oslo,2021-02-05,1380,1570,22829,6354,3.2918814005600603,0.9162299890121619,2950,29183,fhi:git
county,Oslo,2021-02-06,242,631,23071,6985,3.32677716029266,1.0072185195546,873,30056,fhi:git
county,Oslo,2021-02-07,215,269,23286,7254,3.35777959146006,1.04600760785241,484,30540,fhi:git
county,Oslo,2021-02-08,45,443,23331,7697,3.3642684724020695,1.10988703579267,488,31028,fhi:git
county,Oslo,2021-02-09,1164,244,24495,7941,3.5321141927687902,1.1450711902338002,1408,32436,fhi:git
county,Oslo,2021-02-10,1834,808,26329,8749,3.7965721404943698,1.26158265248149,2642,35078,fhi:git
county,Oslo,2021-02-11,1587,742,27916,9491,4.02541334171601,1.3685770893475602,2329,37407,fhi:git
county,Oslo,2021-02-12,1353,426,29269,9917,4.22051236203918,1.4300051622652798,1779,39186,fhi:git
county,Oslo,2021-02-13,272,193,29541,10110,4.25973404239979,1.4578352516388,465,39651,fhi:git
county,Oslo,2021-02-14,103,0,29644,10110,4.27458636988929,1.4578352516388,103,39754,fhi:git
county,Oslo,2021-02-15,260,442,29904,10552,4.31207768199869,1.5215704822247902,702,40456,fhi:git
county,Oslo,2021-02-16,701,771,30605,11323,4.413160027339821,1.6327466423646102,1472,41928,fhi:git
county,Oslo,2021-02-17,1403,1082,32008,12405,4.61546891537634,1.78876817968144,2485,44413,fhi:git
county,Oslo,2021-02-18,1041,911,33049,13316,4.76557836116823,1.92013196941863,1952,46365,fhi:git
county,Oslo,2021-02-19,1492,967,34541,14283,4.98072081373451,2.05957081099476,2459,48824,fhi:git
county,Oslo,2021-02-20,100,112,34641,14395,4.9951405491612,2.07572091467266,212,49036,fhi:git
county,Oslo,2021-02-21,4,61,34645,14456,4.995717338578269,2.08451695328294,65,49101,fhi:git
county,Oslo,2021-02-22,600,109,35245,14565,5.08223575113844,2.10023446489804,709,49810,fhi:git
county,Oslo,2021-02-23,329,1514,35574,16079,5.12967668069226,2.31854925925819,1843,51653,fhi:git
county,Oslo,2021-02-24,673,2318,36247,18397,5.22672150011392,2.65279872644897,2991,54644,fhi:git
county,Oslo,2021-02-25,539,1933,36786,20330,5.3044438740638,2.93153221224697,2472,57116,fhi:git
county,Oslo,2021-02-26,690,1358,37476,21688,5.40394004850799,3.12735221934148,2048,59164,fhi:git
county,Oslo,2021-02-27,259,97,37735,21785,5.44128716326313,3.14133936270537,356,59520,fhi:git
county,Oslo,2021-02-28,101,62,37836,21847,5.45585109604409,3.15027959866992,163,59683,fhi:git
county,Oslo,2021-03-01,980,37,38816,21884,5.5971645032257,3.1556149007778003,1017,60700,fhi:git
county,Rogaland,2020-12-27,0,0,0,0,0.0,0.0,0,0,fhi:git
county,Rogaland,2020-12-28,1,0,1,0,0.00020838021888258202,0.0,1,1,fhi:git
county,Rogaland,2020-12-29,0,0,1,0,0.00020838021888258202,0.0,0,1,fhi:git
county,Rogaland,2020-12-30,0,0,1,0,0.00020838021888258202,0.0,0,1,fhi:git
county,Rogaland,2020-12-31,0,0,1,0,0.00020838021888258202,0.0,0,1,fhi:git
county,Rogaland,2021-01-01,0,0,1,0,0.00020838021888258202,0.0,0,1,fhi:git
county,Rogaland,2021-01-02,0,0,1,0,0.00020838021888258202,0.0,0,1,fhi:git
county,Rogaland,2021-01-03,0,0,1,0,0.00020838021888258202,0.0,0,1,fhi:git
county,Rogaland,2021-01-04,0,0,1,0,0.00020838021888258202,0.0,0,1,fhi:git
county,Rogaland,2021-01-05,548,0,549,0,0.11440074016653698,0.0,548,549,fhi:git
county,Rogaland,2021-01-06,641,0,1190,0,0.24797246047027302,0.0,641,1190,fhi:git
county,Rogaland,2021-01-07,211,0,1401,0,0.291940686654497,0.0,211,1401,fhi:git
county,Rogaland,2021-01-08,20,0,1421,0,0.296108291032149,0.0,20,1421,fhi:git
county,Rogaland,2021-01-09,1,0,1422,0,0.296316671251032,0.0,1,1422,fhi:git
county,Rogaland,2021-01-10,0,0,1422,0,0.296316671251032,0.0,0,1422,fhi:git
county,Rogaland,2021-01-11,1,0,1423,0,0.29652505146991404,0.0,1,1423,fhi:git
county,Rogaland,2021-01-12,117,0,1540,0,0.320905537079176,0.0,117,1540,fhi:git
county,Rogaland,2021-01-13,761,0,2301,0,0.479482883648821,0.0,761,2301,fhi:git
county,Rogaland,2021-01-14,536,0,2837,0,0.591174680969885,0.0,536,2837,fhi:git
county,Rogaland,2021-01-15,290,0,3127,0,0.6516049444458341,0.0,290,3127,fhi:git
county,Rogaland,2021-01-16,0,0,3127,0,0.6516049444458341,0.0,0,3127,fhi:git
county,Rogaland,2021-01-17,1,0,3128,0,0.6518133246647161,0.0,1,3128,fhi:git
county,Rogaland,2021-01-18,71,0,3199,0,0.66660832020538,0.0,71,3199,fhi:git
county,Rogaland,2021-01-19,512,0,3711,0,0.7732989922732622,0.0,512,3711,fhi:git
county,Rogaland,2021-01-20,656,0,4367,0,0.9099964158602349,0.0,656,4367,fhi:git
county,Rogaland,2021-01-21,427,0,4794,0,0.998974769323098,0.0,427,4794,fhi:git
county,Rogaland,2021-01-22,273,0,5067,0,1.0558625690780399,0.0,273,5067,fhi:git
county,Rogaland,2021-01-23,0,0,5067,0,1.0558625690780399,0.0,0,5067,fhi:git
county,Rogaland,2021-01-24,0,0,5067,0,1.0558625690780399,0.0,0,5067,fhi:git
county,Rogaland,2021-01-25,150,0,5217,0,1.0871196019104301,0.0,150,5217,fhi:git
county,Rogaland,2021-01-26,338,381,5555,381,1.15755211589274,0.0793928633942637,719,5936,fhi:git
county,Rogaland,2021-01-27,861,603,6416,984,1.3369674843506498,0.20504613538046104,1464,7400,fhi:git
county,Rogaland,2021-01-28,522,282,6938,1266,1.4457419586073499,0.26380935710534903,804,8204,fhi:git
county,Rogaland,2021-01-29,410,22,7348,1288,1.53117784834921,0.268393721920766,432,8636,fhi:git
county,Rogaland,2021-01-30,3,1,7351,1289,1.53180298900586,0.268602102139648,4,8640,fhi:git
county,Rogaland,2021-01-31,0,0,7351,1289,1.53180298900586,0.268602102139648,0,8640,fhi:git
county,Rogaland,2021-02-01,12,5,7363,1294,1.53430355163245,0.269644003234061,17,8657,fhi:git
county,Rogaland,2021-02-02,449,75,7812,1369,1.62786626991073,0.285272519650255,524,9181,fhi:git
county,Rogaland,2021-02-03,2428,635,10240,2004,2.13381344135764,0.41759395864069393,3063,12244,fhi:git
county,Rogaland,2021-02-04,1874,549,12114,2553,2.5243179715436,0.531994698807232,2423,14667,fhi:git
county,Rogaland,2021-02-05,657,281,12771,2834,2.66122377534945,0.590549540313237,938,15605,fhi:git
county,Rogaland,2021-02-06,0,0,12771,2834,2.66122377534945,0.590549540313237,0,15605,fhi:git
county,Rogaland,2021-02-07,0,0,12771,2834,2.66122377534945,0.590549540313237,0,15605,fhi:git
county,Rogaland,2021-02-08,7,71,12778,2905,2.6626824368816298,0.605344535853901,78,15683,fhi:git
county,Rogaland,2021-02-09,586,394,13364,3299,2.78479324514682,0.6874463420936379,980,16663,fhi:git
county,Rogaland,2021-02-10,1911,680,15275,3979,3.18300784343144,0.8291448909337941,2591,19254,fhi:git
county,Rogaland,2021-02-11,1178,491,16453,4470,3.4284797412751202,0.9314595784051409,1669,20923,fhi:git
county,Rogaland,2021-02-12,482,264,16935,4734,3.5289190067765297,0.9864719561901429,746,21669,fhi:git
county,Rogaland,2021-02-13,0,0,16935,4734,3.5289190067765297,0.9864719561901429,0,21669,fhi:git
county,Rogaland,2021-02-14,0,0,16935,4734,3.5289190067765297,0.9864719561901429,0,21669,fhi:git
county,Rogaland,2021-02-15,0,147,16935,4881,3.5289190067765297,1.0171038483658799,147,21816,fhi:git
county,Rogaland,2021-02-16,475,314,17410,5195,3.62789961074575,1.0825352370950099,789,22605,fhi:git
county,Rogaland,2021-02-17,1474,780,18884,5975,3.9350520533786804,1.24507180782343,2254,24859,fhi:git
county,Rogaland,2021-02-18,1092,470,19976,6445,4.16260325239846,1.3430105106982402,1562,26421,fhi:git
county,Rogaland,2021-02-19,438,410,20414,6855,4.25387378826903,1.4284464004401,848,27269,fhi:git
county,Rogaland,2021-02-20,1,1,20415,6856,4.25408216848791,1.42865478065898,2,27271,fhi:git
county,Rogaland,2021-02-21,0,0,20415,6856,4.25408216848791,1.42865478065898,0,27271,fhi:git
county,Rogaland,2021-02-22,251,13,20666,6869,4.30638560342744,1.4313637235044598,264,27535,fhi:git
county,Rogaland,2021-02-23,379,405,21045,7274,4.38536170638394,1.5157577121519,784,28319,fhi:git
county,Rogaland,2021-02-24,644,2161,21689,9435,4.519558567344321,1.9660673651571599,2805,31124,fhi:git
county,Rogaland,2021-02-25,974,1780,22663,11215,4.72252090053595,2.3369841547681602,2754,33878,fhi:git
county,Rogaland,2021-02-26,924,665,23587,11880,4.91506422278346,2.4755570003250695,1589,35467,fhi:git
county,Rogaland,2021-02-27,1,0,23588,11880,4.9152726030023395,2.4755570003250695,1,35468,fhi:git
county,Rogaland,2021-02-28,4,0,23592,11880,4.91610612387787,2.4755570003250695,4,35472,fhi:git
county,Rogaland,2021-03-01,387,2,23979,11882,4.99674926858543,2.47597376076284,389,35861,fhi:git
county,Møre og Romsdal,2020-12-27,0,0,0,0,0.0,0.0,0,0,fhi:git
county,Møre og Romsdal,2020-12-28,0,0,0,0,0.0,0.0,0,0,fhi:git
county,Møre og Romsdal,2020-12-29,0,0,0,0,0.0,0.0,0,0,fhi:git
county,Møre og Romsdal,2020-12-30,0,0,0,0,0.0,0.0,0,0,fhi:git
county,Møre og Romsdal,2020-12-31,0,0,0,0,0.0,0.0,0,0,fhi:git
county,Møre og Romsdal,2021-01-01,0,0,0,0,0.0,0.0,0,0,fhi:git
county,Møre og Romsdal,2021-01-02,0,0,0,0,0.0,0.0,0,0,fhi:git
county,Møre og Romsdal,2021-01-03,0,0,0,0,0.0,0.0,0,0,fhi:git
county,Møre og Romsdal,2021-01-04,0,0,0,0,0.0,0.0,0,0,fhi:git
county,Møre og Romsdal,2021-01-05,186,0,186,0,0.0701256984293352,0.0,186,186,fhi:git
county,Møre og Romsdal,2021-01-06,497,0,683,0,0.257504580791591,0.0,497,683,fhi:git
county,Møre og Romsdal,2021-01-07,457,0,1140,0,0.429802667792699,0.0,457,1140,fhi:git
county,Møre og Romsdal,2021-01-08,35,0,1175,0,0.442998363733703,0.0,35,1175,fhi:git
county,Møre og Romsdal,2021-01-09,1,0,1176,0,0.4433753836177321,0.0,1,1176,fhi:git
county,Møre og Romsdal,2021-01-10,0,0,1176,0,0.4433753836177321,0.0,0,1176,fhi:git
county,Møre og Romsdal,2021-01-11,1,0,1177,0,0.443752403501761,0.0,1,1177,fhi:git
county,Møre og Romsdal,2021-01-12,227,0,1404,0,0.529335917176272,0.0,227,1404,fhi:git
county,Møre og Romsdal,2021-01-13,387,0,1791,0,0.6752426122953721,0.0,387,1791,fhi:git
county,Møre og Romsdal,2021-01-14,410,0,2201,0,0.829820764747133,0.0,410,2201,fhi:git
county,Møre og Romsdal,2021-01-15,152,0,2353,0,0.8871277871194929,0.0,152,2353,fhi:git
county,Møre og Romsdal,2021-01-16,1,0,2354,0,0.887504807003522,0.0,1,2354,fhi:git
county,Møre og Romsdal,2021-01-17,1,0,2355,0,0.88788182688755,0.0,1,2355,fhi:git
county,Møre og Romsdal,2021-01-18,11,0,2366,0,0.892029045611866,0.0,11,2366,fhi:git
county,Møre og Romsdal,2021-01-19,203,0,2569,0,0.968564082069688,0.0,203,2569,fhi:git
county,Møre og Romsdal,2021-01-20,500,0,3069,0,1.15707402408403,0.0,500,3069,fhi:git
county,Møre og Romsdal,2021-01-21,800,0,3869,0,1.4586899313069799,0.0,800,3869,fhi:git
county,Møre og Romsdal,2021-01-22,212,0,4081,0,1.53861814672106,0.0,212,4081,fhi:git
county,Møre og Romsdal,2021-01-23,0,0,4081,0,1.53861814672106,0.0,0,4081,fhi:git
county,Møre og Romsdal,2021-01-24,0,0,4081,0,1.53861814672106,0.0,0,4081,fhi:git
county,Møre og Romsdal,2021-01-25,3,0,4084,0,1.53974920637314,0.0,3,4084,fhi:git
county,Møre og Romsdal,2021-01-26,78,129,4162,129,1.56915675732738,0.0486355650397002,207,4291,fhi:git
county,Møre og Romsdal,2021-01-27,538,359,4700,488,1.7719934549348102,0.183985703405998,897,5188,fhi:git
county,Møre og Romsdal,2021-01-28,487,509,5187,997,1.95560213845678,0.37588882437659793,996,6184,fhi:git
county,Møre og Romsdal,2021-01-29,93,77,5280,1074,1.9906649876714502,0.404919355446806,170,6354,fhi:git
county,Møre og Romsdal,2021-01-30,0,1,5280,1075,1.9906649876714502,0.40529637533083496,1,6355,fhi:git
county,Møre og Romsdal,2021-01-31,0,0,5280,1075,1.9906649876714502,0.40529637533083496,0,6355,fhi:git
county,Møre og Romsdal,2021-02-01,0,0,5280,1075,1.9906649876714502,0.40529637533083496,0,6355,fhi:git
county,Møre og Romsdal,2021-02-02,279,195,5559,1270,2.0958535353154497,0.47881525271642794,474,6829,fhi:git
county,Møre og Romsdal,2021-02-03,1052,312,6611,1582,2.49247845331363,0.5964454565333779,1364,8193,fhi:git
county,Møre og Romsdal,2021-02-04,1532,463,8143,2045,3.0700729156455697,0.7710056628386579,1995,10188,fhi:git
county,Møre og Romsdal,2021-02-05,207,156,8350,2201,3.1481160316395096,0.829820764747133,363,10551,fhi:git
county,Møre og Romsdal,2021-02-06,1,2,8351,2203,3.14849305152354,0.83057480451519,3,10554,fhi:git
county,Møre og Romsdal,2021-02-07,0,1,8351,2204,3.14849305152354,0.8309518243992191,1,10555,fhi:git
county,Møre og Romsdal,2021-02-08,0,2,8351,2206,3.14849305152354,0.8317058641672759,2,10557,fhi:git
county,Møre og Romsdal,2021-02-09,317,183,8668,2389,3.2680083547606302,0.900700502944526,500,11057,fhi:git
county,Møre og Romsdal,2021-02-10,1178,435,9846,2824,3.71213777814642,1.064704152497,1613,12670,fhi:git
county,Møre og Romsdal,2021-02-11,1227,804,11073,3628,4.17474117584962,1.36782813925606,2031,14701,fhi:git
county,Møre og Romsdal,2021-02-12,309,207,11382,3835,4.29124032001448,1.4458712552500002,516,15217,fhi:git
county,Møre og Romsdal,2021-02-13,24,0,11406,3835,4.30028879723117,1.4458712552500002,24,15241,fhi:git
county,Møre og Romsdal,2021-02-14,0,0,11406,3835,4.30028879723117,1.4458712552500002,0,15241,fhi:git
county,Møre og Romsdal,2021-02-15,1,8,11407,3843,4.30066581711519,1.44888741432223,9,15250,fhi:git
county,Møre og Romsdal,2021-02-16,342,58,11749,3901,4.429606617453009,1.47075456759589,400,15650,fhi:git
county,Møre og Romsdal,2021-02-17,1184,415,12933,4316,4.875998160142969,1.6272178194678,1599,17249,fhi:git
county,Møre og Romsdal,2021-02-18,1152,513,14085,4829,5.31032506654401,1.82062901997451,1665,18914,fhi:git
county,Møre og Romsdal,2021-02-19,495,83,14580,4912,5.49694990913821,1.8519216703488899,578,19492,fhi:git
county,Møre og Romsdal,2021-02-20,9,0,14589,4912,5.5003430880944695,1.8519216703488899,9,19501,fhi:git
county,Møre og Romsdal,2021-02-21,0,0,14589,4912,5.5003430880944695,1.8519216703488899,0,19501,fhi:git
county,Møre og Romsdal,2021-02-22,14,0,14603,4912,5.50562136647087,1.8519216703488899,14,19515,fhi:git
county,Møre og Romsdal,2021-02-23,387,179,14990,5091,5.6515280615899695,1.91940822959003,566,20081,fhi:git
county,Møre og Romsdal,2021-02-24,717,839,15707,5930,5.92185131843853,2.23572791229009,1556,21637,fhi:git
county,Møre og Romsdal,2021-02-25,694,1448,16401,7378,6.18350311795444,2.78165270436363,2142,23779,fhi:git
county,Møre og Romsdal,2021-02-26,239,191,16640,7569,6.273610870237301,2.85366350221311,430,24209,fhi:git
county,Møre og Romsdal,2021-02-27,2,0,16642,7569,6.2743649100053505,2.85366350221311,2,24211,fhi:git
county,Møre og Romsdal,2021-02-28,0,0,16642,7569,6.2743649100053505,2.85366350221311,0,24211,fhi:git
county,Møre og Romsdal,2021-03-01,72,1,16714,7570,6.30151034165542,2.85404052209714,73,24284,fhi:git
county,Nordland,2020-12-27,0,0,0,0,0.0,0.0,0,0,fhi:git
county,Nordland,2020-12-28,0,0,0,0,0.0,0.0,0,0,fhi:git
county,Nordland,2020-12-29,0,0,0,0,0.0,0.0,0,0,fhi:git
county,Nordland,2020-12-30,1,0,1,0,0.00041453354612722,0.0,1,1,fhi:git
county,Nordland,2020-12-31,0,0,1,0,0.00041453354612722,0.0,0,1,fhi:git
county,Nordland,2021-01-01,0,0,1,0,0.00041453354612722,0.0,0,1,fhi:git
county,Nordland,2021-01-02,0,0,1,0,0.00041453354612722,0.0,0,1,fhi:git
county,Nordland,2021-01-03,0,0,1,0,0.00041453354612722,0.0,0,1,fhi:git
county,Nordland,2021-01-04,0,0,1,0,0.00041453354612722,0.0,0,1,fhi:git
county,Nordland,2021-01-05,200,0,201,0,0.0833212427715713,0.0,200,201,fhi:git
county,Nordland,2021-01-06,686,0,887,0,0.367691255414845,0.0,686,887,fhi:git
county,Nordland,2021-01-07,238,0,1125,0,0.46635023939312303,0.0,238,1125,fhi:git
county,Nordland,2021-01-08,114,0,1239,0,0.513607063651626,0.0,114,1239,fhi:git
county,Nordland,2021-01-09,0,0,1239,0,0.513607063651626,0.0,0,1239,fhi:git
county,Nordland,2021-01-10,0,0,1239,0,0.513607063651626,0.0,0,1239,fhi:git
county,Nordland,2021-01-11,0,0,1239,0,0.513607063651626,0.0,0,1239,fhi:git
county,Nordland,2021-01-12,291,0,1530,0,0.6342363255746469,0.0,291,1530,fhi:git
county,Nordland,2021-01-13,627,0,2157,0,0.894148858996414,0.0,627,2157,fhi:git
county,Nordland,2021-01-14,273,0,2430,0,1.00731651708915,0.0,273,2430,fhi:git
county,Nordland,2021-01-15,69,0,2499,0,1.03591933177192,0.0,69,2499,fhi:git
county,Nordland,2021-01-16,0,0,2499,0,1.03591933177192,0.0,0,2499,fhi:git
county,Nordland,2021-01-17,1,0,2500,0,1.03633386531805,0.0,1,2500,fhi:git
county,Nordland,2021-01-18,0,0,2500,0,1.03633386531805,0.0,0,2500,fhi:git
county,Nordland,2021-01-19,313,0,2813,0,1.1660828652558701,0.0,313,2813,fhi:git
county,Nordland,2021-01-20,786,0,3599,0,1.4919062325118702,0.0,786,3599,fhi:git
county,Nordland,2021-01-21,614,0,4213,0,1.74642982983398,0.0,614,4213,fhi:git
county,Nordland,2021-01-22,172,0,4385,0,1.8177295997678602,0.0,172,4385,fhi:git
county,Nordland,2021-01-23,4,0,4389,0,1.81938773395237,0.0,4,4389,fhi:git
county,Nordland,2021-01-24,0,0,4389,0,1.81938773395237,0.0,0,4389,fhi:git
county,Nordland,2021-01-25,51,0,4440,0,1.84052894480486,0.0,51,4440,fhi:git
county,Nordland,2021-01-26,119,90,4559,90,1.889858436794,0.0373080191514498,209,4649,fhi:git
county,Nordland,2021-01-27,626,528,5185,618,2.14935643666964,0.256181731506622,1154,5803,fhi:git
county,Nordland,2021-01-28,471,365,5656,983,2.34460173689556,0.407486475843058,836,6639,fhi:git
county,Nordland,2021-01-29,212,144,5868,1127,2.4324828486745296,0.46717930648537703,356,6995,fhi:git
county,Nordland,2021-01-30,0,0,5868,1127,2.4324828486745296,0.46717930648537703,0,6995,fhi:git
county,Nordland,2021-01-31,0,0,5868,1127,2.4324828486745296,0.46717930648537703,0,6995,fhi:git
county,Nordland,2021-02-01,9,4,5877,1131,2.43621365058967,0.46883744066988603,13,7008,fhi:git
county,Nordland,2021-02-02,110,199,5987,1330,2.48181234066367,0.551329616349203,309,7317,fhi:git
county,Nordland,2021-02-03,1418,457,7405,1787,3.06962090907207,0.740771446929343,1875,9192,fhi:git
county,Nordland,2021-02-04,1670,347,9075,2134,3.76189193110452,0.8846145874354879,2017,11209,fhi:git
county,Nordland,2021-02-05,326,125,9401,2259,3.8970298671420003,0.9364312807013909,451,11660,fhi:git
county,Nordland,2021-02-06,0,0,9401,2259,3.8970298671420003,0.9364312807013909,0,11660,fhi:git
county,Nordland,2021-02-07,1,0,9402,2259,3.8974444006881295,0.9364312807013909,1,11661,fhi:git
county,Nordland,2021-02-08,6,1,9408,2260,3.8999316019648904,0.9368458142475179,7,11668,fhi:git
county,Nordland,2021-02-09,69,262,9477,2522,3.9285344166476697,1.04545360333285,331,11999,fhi:git
county,Nordland,2021-02-10,2001,587,11478,3109,4.758016042448241,1.28878479490953,2588,14587,fhi:git
county,Nordland,2021-02-11,1208,560,12686,3669,5.25877256616992,1.5209235807407702,1768,16355,fhi:git
county,Nordland,2021-02-12,284,238,12970,3907,5.37650009327005,1.6195825647190498,522,16877,fhi:git
county,Nordland,2021-02-13,52,3,13022,3910,5.39805583766866,1.62082616535743,55,16932,fhi:git
county,Nordland,2021-02-14,0,0,13022,3910,5.39805583766866,1.62082616535743,0,16932,fhi:git
county,Nordland,2021-02-15,0,1,13022,3911,5.39805583766866,1.6212406989035602,1,16933,fhi:git
county,Nordland,2021-02-16,219,70,13241,3981,5.488838684270519,1.65025804713246,289,17222,fhi:git
county,Nordland,2021-02-17,1480,515,14721,4496,6.10234833253881,1.8637428233879798,1995,19217,fhi:git
county,Nordland,2021-02-18,844,607,15565,5103,6.45221464547019,2.11536468588721,1451,20668,fhi:git
county,Nordland,2021-02-19,304,230,15869,5333,6.578232843492861,2.2107074014964705,534,21202,fhi:git
county,Nordland,2021-02-20,1,0,15870,5333,6.57864737703899,2.2107074014964705,1,21203,fhi:git
county,Nordland,2021-02-21,0,0,15870,5333,6.57864737703899,2.2107074014964705,0,21203,fhi:git
county,Nordland,2021-02-22,268,0,16138,5333,6.68974236740108,2.2107074014964705,268,21471,fhi:git
county,Nordland,2021-02-23,306,56,16444,5389,6.81658963251601,2.23392128007959,362,21833,fhi:git
county,Nordland,2021-02-24,928,971,17372,6360,7.2012767633220705,2.63643335336912,1899,23732,fhi:git
county,Nordland,2021-02-25,579,1840,17951,8200,7.4412916865297305,3.3991750782432097,2419,26151,fhi:git
county,Nordland,2021-02-26,354,375,18305,8575,7.58803656185877,3.5546251580409103,729,26880,fhi:git
county,Nordland,2021-02-27,0,0,18305,8575,7.58803656185877,3.5546251580409103,0,26880,fhi:git
county,Nordland,2021-02-28,0,1,18305,8576,7.58803656185877,3.55503969158704,1,26881,fhi:git
county,Nordland,2021-03-01,228,0,18533,8576,7.68255021037578,3.55503969158704,228,27109,fhi:git
county,Viken,2020-12-27,0,0,0,0,0.0,0.0,0,0,fhi:git
county,Viken,2020-12-28,65,0,65,0,0.00523701522360041,0.0,65,65,fhi:git
county,Viken,2020-12-29,689,0,754,0,0.0607493765937647,0.0,689,754,fhi:git
county,Viken,2020-12-30,216,0,970,0,0.0781523810291138,0.0,216,970,fhi:git
county,Viken,2020-12-31,67,0,1037,0,0.0835505351826711,0.0,67,1037,fhi:git
county,Viken,2021-01-01,0,0,1037,0,0.0835505351826711,0.0,0,1037,fhi:git
county,Viken,2021-01-02,0,0,1037,0,0.0835505351826711,0.0,0,1037,fhi:git
county,Viken,2021-01-03,0,0,1037,0,0.0835505351826711,0.0,0,1037,fhi:git
county,Viken,2021-01-04,0,0,1037,0,0.0835505351826711,0.0,0,1037,fhi:git
county,Viken,2021-01-05,525,0,1562,0,0.125849504296367,0.0,525,1562,fhi:git
county,Viken,2021-01-06,1646,0,3208,0,0.258466843650925,0.0,1646,3208,fhi:git
county,Viken,2021-01-07,1917,0,5125,0,0.41291850801464797,0.0,1917,5125,fhi:git
county,Viken,2021-01-08,281,0,5406,0,0.43555852767359704,0.0,281,5406,fhi:git
county,Viken,2021-01-09,6,0,5412,0,0.43604194446346795,0.0,6,5412,fhi:git
county,Viken,2021-01-10,5,0,5417,0,0.43644479178835993,0.0,5,5417,fhi:git
county,Viken,2021-01-11,56,0,5473,0,0.44095668182715403,0.0,56,5473,fhi:git
county,Viken,2021-01-12,787,0,6260,0,0.504364850765209,0.0,787,6260,fhi:git
county,Viken,2021-01-13,1943,0,8203,0,0.660911321218372,0.0,1943,8203,fhi:git
county,Viken,2021-01-14,1951,0,10154,0,0.818102347391362,0.0,1951,10154,fhi:git
county,Viken,2021-01-15,1042,0,11196,0,0.9020557298989259,0.0,1042,11196,fhi:git
county,Viken,2021-01-16,87,0,11283,0,0.909065273352052,0.0,87,11283,fhi:git
county,Viken,2021-01-17,22,0,11305,0,0.9108378015815791,0.0,22,11305,fhi:git
county,Viken,2021-01-18,141,51,11446,51,0.922198096143543,0.00410904271390186,192,11497,fhi:git
county,Viken,2021-01-19,644,384,12090,435,0.9740848315896758,0.0350477172656335,1028,12525,fhi:git
county,Viken,2021-01-20,1488,342,13578,777,1.09397219547764,0.0626024742882695,1830,14355,fhi:git
county,Viken,2021-01-21,1998,99,15576,876,1.25494998650461,0.0705788513211378,2097,16452,fhi:git
county,Viken,2021-01-22,819,1,16395,877,1.3209363783219799,0.0706594207861163,820,17272,fhi:git
county,Viken,2021-01-23,97,0,16492,877,1.3287516164248898,0.0706594207861163,97,17369,fhi:git
county,Viken,2021-01-24,0,0,16492,877,1.3287516164248898,0.0706594207861163,0,17369,fhi:git
county,Viken,2021-01-25,60,0,16552,877,1.3335857843236,0.0706594207861163,60,17429,fhi:git
county,Viken,2021-01-26,561,401,17113,1278,1.3787852541765202,0.10296777624248199,962,18391,fhi:git
county,Viken,2021-01-27,1932,1165,19045,2443,1.53444546051492,0.196831202942397,3097,21488,fhi:git
county,Viken,2021-01-28,3106,1705,22151,4148,1.7846942187380401,0.33420214073068394,4811,26299,fhi:git
county,Viken,2021-01-29,1037,421,23188,4569,1.86824475392071,0.36812188548661895,1458,27757,fhi:git
county,Viken,2021-01-30,5,17,23193,4586,1.8686476012456,0.369491566391253,22,27779,fhi:git
county,Viken,2021-01-31,3,3,23196,4589,1.8688893096405401,0.36973327478618895,6,27785,fhi:git
county,Viken,2021-02-01,31,45,23227,4634,1.87138696305487,0.37335890071022,76,27861,fhi:git
county,Viken,2021-02-02,1017,685,24244,5319,1.95332610893797,0.42854898422046994,1702,29563,fhi:git
county,Viken,2021-02-03,4738,1716,28982,7035,2.33506423400595,0.5668061861235211,6454,36017,fhi:git
county,Viken,2021-02-04,6622,1749,35604,8784,2.8685952310933702,0.707722180370861,8371,44388,fhi:git
county,Viken,2021-02-05,3137,1092,38741,9876,3.1213416427308194,0.7957040361273481,4229,48617,fhi:git
county,Viken,2021-02-06,37,87,38778,9963,3.1243227129350197,0.802713579580475,124,48741,fhi:git
county,Viken,2021-02-07,15,19,38793,9982,3.1255312549097,0.804244399415066,34,48775,fhi:git
county,Viken,2021-02-08,17,95,38810,10077,3.1269009358143403,0.8118984985880201,112,48887,fhi:git
county,Viken,2021-02-09,785,565,39595,10642,3.19014796582243,0.857420246300855,1350,50237,fhi:git
county,Viken,2021-02-10,3424,1326,43019,11968,3.4660178139087097,0.964255356862303,4750,54987,fhi:git
county,Viken,2021-02-11,4836,1912,47855,13880,3.85565174654458,1.11830417390113,6748,61735,fhi:git
county,Viken,2021-02-12,2411,971,50266,14851,4.04990472660766,1.1965371243952299,3382,65117,fhi:git
county,Viken,2021-02-13,23,96,50289,14947,4.05175782430217,1.20427179303316,119,65236,fhi:git
county,Viken,2021-02-14,6,0,50295,14947,4.05224124109204,1.20427179303316,6,65242,fhi:git
county,Viken,2021-02-15,352,123,50647,15070,4.08060169276446,1.21418183722551,475,65717,fhi:git
county,Viken,2021-02-16,1407,353,52054,15423,4.19396292998916,1.2426228583629098,1760,67477,fhi:git
county,Viken,2021-02-17,4374,1787,56428,17210,4.546373769804981,1.38660049227943,6161,73638,fhi:git
county,Viken,2021-02-18,4839,2916,61267,20126,4.93624941083579,1.62154105215664,7755,81393,fhi:git
county,Viken,2021-02-19,3782,1278,65049,21404,5.24096312738435,1.72450882839913,5060,86453,fhi:git
county,Viken,2021-02-20,28,4,65077,21408,5.2432190724037495,1.72483110625904,32,86485,fhi:git
county,Viken,2021-02-21,0,3,65077,21411,5.2432190724037495,1.72507281465397,3,86488,fhi:git
county,Viken,2021-02-22,679,7,65756,21418,5.29792573912413,1.72563680090882,686,87174,fhi:git
county,Viken,2021-02-23,2053,737,67809,22155,5.46333485072492,1.7850164965979498,2790,89964,fhi:git
county,Viken,2021-02-24,2421,4148,70230,26303,5.658393525437799,2.11921863732864,6569,96533,fhi:git
county,Viken,2021-02-25,2331,6193,72561,32496,5.8462009483026,2.61818533394029,8524,105057,fhi:git
county,Viken,2021-02-26,1663,2683,74224,35179,5.98018796856179,2.83435320847752,4346,109403,fhi:git
county,Viken,2021-02-27,166,85,74390,35264,5.9935624997482195,2.8412016130006896,251,109654,fhi:git
county,Viken,2021-02-28,416,0,74806,35264,6.027079397179261,2.8412016130006896,416,110070,fhi:git
county,Viken,2021-03-01,1291,1,76097,35265,6.13109457646647,2.84128218246567,1292,111362,fhi:git
county,Innlandet,2020-12-27,0,0,0,0,0.0,0.0,0,0,fhi:git
county,Innlandet,2020-12-28,272,0,272,0,0.0732393607711674,0.0,272,272,fhi:git
county,Innlandet,2020-12-29,260,0,532,0,0.143247573273019,0.0,260,532,fhi:git
county,Innlandet,2020-12-30,149,0,681,0,0.183367664283695,0.0,149,681,fhi:git
county,Innlandet,2020-12-31,0,0,681,0,0.183367664283695,0.0,0,681,fhi:git
county,Innlandet,2021-01-01,0,0,681,0,0.183367664283695,0.0,0,681,fhi:git
county,Innlandet,2021-01-02,0,0,681,0,0.183367664283695,0.0,0,681,fhi:git
county,Innlandet,2021-01-03,0,0,681,0,0.183367664283695,0.0,0,681,fhi:git
county,Innlandet,2021-01-04,0,0,681,0,0.183367664283695,0.0,0,681,fhi:git
county,Innlandet,2021-01-05,271,0,952,0,0.25633776269908604,0.0,271,952,fhi:git
county,Innlandet,2021-01-06,703,0,1655,0,0.44562919880985996,0.0,703,1655,fhi:git
county,Innlandet,2021-01-07,717,0,2372,0,0.638690307901504,0.0,717,2372,fhi:git
county,Innlandet,2021-01-08,76,0,2448,0,0.6591542469405071,0.0,76,2448,fhi:git
county,Innlandet,2021-01-09,0,0,2448,0,0.6591542469405071,0.0,0,2448,fhi:git
county,Innlandet,2021-01-10,0,0,2448,0,0.6591542469405071,0.0,0,2448,fhi:git
county,Innlandet,2021-01-11,50,0,2498,0,0.672617364729324,0.0,50,2498,fhi:git
county,Innlandet,2021-01-12,403,0,2901,0,0.781130094107193,0.0,403,2901,fhi:git
county,Innlandet,2021-01-13,994,0,3895,0,1.04877687574889,0.0,994,3895,fhi:git
county,Innlandet,2021-01-14,958,0,4853,0,1.30673021258263,0.0,958,4853,fhi:git
county,Innlandet,2021-01-15,279,0,5132,0,1.38185440984423,0.0,279,5132,fhi:git
county,Innlandet,2021-01-16,4,0,5136,0,1.38293145926734,0.0,4,5136,fhi:git
county,Innlandet,2021-01-17,0,0,5136,0,1.38293145926734,0.0,0,5136,fhi:git
county,Innlandet,2021-01-18,62,0,5198,0,1.39962572532547,0.0,62,5198,fhi:git
county,Innlandet,2021-01-19,331,318,5529,318,1.48875156508744,0.0856254291368795,649,5847,fhi:git
county,Innlandet,2021-01-20,665,252,6194,570,1.66781103167872,0.15347954279252,917,6764,fhi:git
county,Innlandet,2021-01-21,832,48,7026,618,1.8918373116846396,0.166404135869785,880,7644,fhi:git
county,Innlandet,2021-01-22,238,0,7264,618,1.95592175235941,0.166404135869785,238,7882,fhi:git
county,Innlandet,2021-01-23,5,0,7269,618,1.95726806413829,0.166404135869785,5,7887,fhi:git
county,Innlandet,2021-01-24,0,0,7269,618,1.95726806413829,0.166404135869785,0,7887,fhi:git
county,Innlandet,2021-01-25,1,0,7270,618,1.95753732649407,0.166404135869785,1,7888,fhi:git
county,Innlandet,2021-01-26,150,131,7420,749,1.99792667986052,0.201677504476487,281,8169,fhi:git
county,Innlandet,2021-01-27,933,603,8353,1352,2.2491484577998597,0.364042705009626,1536,9705,fhi:git
county,Innlandet,2021-01-28,903,707,9256,2059,2.4922923650658997,0.554411190543506,1610,11315,fhi:git
county,Innlandet,2021-01-29,319,132,9575,2191,2.5781870565585603,0.589953821505984,451,11766,fhi:git
county,Innlandet,2021-01-30,1,0,9576,2191,2.57845631891433,0.589953821505984,1,11767,fhi:git
county,Innlandet,2021-01-31,1,0,9577,2191,2.57872558127011,0.589953821505984,1,11768,fhi:git
county,Innlandet,2021-02-01,9,49,9586,2240,2.5811489424721,0.6031476769390259,58,11826,fhi:git
county,Innlandet,2021-02-02,609,341,10195,2581,2.7451297171399,0.694966140258761,950,12776,fhi:git
county,Innlandet,2021-02-03,2309,871,12504,3452,3.3668564966274905,0.929493652139963,3180,15956,fhi:git
county,Innlandet,2021-02-04,2652,997,15156,4449,4.080940264146371,1.19794822084898,3649,19605,fhi:git
county,Innlandet,2021-02-05,813,269,15969,4718,4.29985055939254,1.2703797945528201,1082,20687,fhi:git
county,Innlandet,2021-02-06,7,4,15976,4722,4.3017353958829805,1.27145684397593,11,20698,fhi:git
county,Innlandet,2021-02-07,0,0,15976,4722,4.3017353958829805,1.27145684397593,0,20698,fhi:git
county,Innlandet,2021-02-08,2,62,15978,4784,4.302273920594529,1.2881511100340601,64,20762,fhi:git
county,Innlandet,2021-02-09,256,269,16234,5053,4.37120508367328,1.3605826837379,525,21287,fhi:git
county,Innlandet,2021-02-10,2071,579,18305,5632,4.9288474224861,1.51648558773241,2650,23937,fhi:git
county,Innlandet,2021-02-11,2225,846,20530,6478,5.52795616408848,1.7442815407192,3071,27008,fhi:git
county,Innlandet,2021-02-12,429,279,20959,6757,5.64346971471653,1.8194057379808,708,27716,fhi:git
county,Innlandet,2021-02-13,0,5,20959,6762,5.64346971471653,1.82075204975968,5,27721,fhi:git
county,Innlandet,2021-02-14,1,0,20960,6762,5.643738977072309,1.82075204975968,1,27722,fhi:git
county,Innlandet,2021-02-15,87,14,21047,6776,5.66716480202485,1.8245217227405501,101,27823,fhi:git
county,Innlandet,2021-02-16,518,93,21565,6869,5.806642702316999,1.84956312182775,611,28434,fhi:git
county,Innlandet,2021-02-17,1501,764,23066,7633,6.21080549833731,2.0552795616408797,2265,30699,fhi:git
county,Innlandet,2021-02-18,1437,900,24503,8533,6.597735503587919,2.2976156818396003,2337,33036,fhi:git
county,Innlandet,2021-02-19,540,296,25043,8829,6.743137175707151,2.3773173391494,836,33872,fhi:git
county,Innlandet,2021-02-20,0,0,25043,8829,6.743137175707151,2.3773173391494,0,33872,fhi:git
county,Innlandet,2021-02-21,0,1,25043,8830,6.743137175707151,2.3775866015051803,1,33873,fhi:git
county,Innlandet,2021-02-22,250,3,25293,8833,6.81045276465124,2.37839438857251,253,34126,fhi:git
county,Innlandet,2021-02-23,281,305,25574,9138,6.88611548662439,2.46051940708429,586,34712,fhi:git
county,Innlandet,2021-02-24,810,2312,26384,11450,7.10421799480324,3.08305397363922,3122,37834,fhi:git
county,Innlandet,2021-02-25,1687,2421,28071,13871,7.558463588997941,3.7349381369737595,4108,41942,fhi:git
county,Innlandet,2021-02-26,587,779,28658,14650,7.71652059183866,3.94469351212354,1366,43308,fhi:git
county,Innlandet,2021-02-27,3,0,28661,14650,7.71732837890599,3.94469351212354,3,43311,fhi:git
county,Innlandet,2021-02-28,3,0,28664,14650,7.71813616597332,3.94469351212354,3,43314,fhi:git
county,Innlandet,2021-03-01,120,2,28784,14652,7.750447648666481,3.94523203683509,122,43436,fhi:git
county,Vestfold og Telemark,2020-12-27,0,0,0,0,0.0,0.0,0,0,fhi:git
county,Vestfold og Telemark,2020-12-28,0,0,0,0,0.0,0.0,0,0,fhi:git
county,Vestfold og Telemark,2020-12-29,0,0,0,0,0.0,0.0,0,0,fhi:git
county,Vestfold og Telemark,2020-12-30,0,0,0,0,0.0,0.0,0,0,fhi:git
county,Vestfold og Telemark,2020-12-31,0,0,0,0,0.0,0.0,0,0,fhi:git
county,Vestfold og Telemark,2021-01-01,0,0,0,0,0.0,0.0,0,0,fhi:git
county,Vestfold og Telemark,2021-01-02,0,0,0,0,0.0,0.0,0,0,fhi:git
county,Vestfold og Telemark,2021-01-03,0,0,0,0,0.0,0.0,0,0,fhi:git
county,Vestfold og Telemark,2021-01-04,1,0,1,0,0.00023843813484153399,0.0,1,1,fhi:git
county,Vestfold og Telemark,2021-01-05,218,0,219,0,0.052217951530296,0.0,218,219,fhi:git
county,Vestfold og Telemark,2021-01-06,1026,0,1245,0,0.29685547787771,0.0,1026,1245,fhi:git
county,Vestfold og Telemark,2021-01-07,442,0,1687,0,0.40224513347766794,0.0,442,1687,fhi:git
county,Vestfold og Telemark,2021-01-08,64,0,1751,0,0.417505174107526,0.0,64,1751,fhi:git
county,Vestfold og Telemark,2021-01-09,0,0,1751,0,0.417505174107526,0.0,0,1751,fhi:git
county,Vestfold og Telemark,2021-01-10,2,0,1753,0,0.417982050377209,0.0,2,1753,fhi:git
county,Vestfold og Telemark,2021-01-11,3,0,1756,0,0.41869736478173397,0.0,3,1756,fhi:git
county,Vestfold og Telemark,2021-01-12,418,0,2174,0,0.518364505145495,0.0,418,2174,fhi:git
county,Vestfold og Telemark,2021-01-13,1166,0,3340,0,0.796383370370724,0.0,1166,3340,fhi:git
county,Vestfold og Telemark,2021-01-14,582,0,3922,0,0.935154364848496,0.0,582,3922,fhi:git
county,Vestfold og Telemark,2021-01-15,157,0,4079,0,0.9725891520186171,0.0,157,4079,fhi:git
county,Vestfold og Telemark,2021-01-16,3,0,4082,0,0.9733044664231421,0.0,3,4082,fhi:git
county,Vestfold og Telemark,2021-01-17,41,0,4123,0,0.983080429951645,0.0,41,4123,fhi:git
county,Vestfold og Telemark,2021-01-18,7,0,4130,0,0.984749496895535,0.0,7,4130,fhi:git
county,Vestfold og Telemark,2021-01-19,233,0,4363,0,1.04030558231361,0.0,233,4363,fhi:git
county,Vestfold og Telemark,2021-01-20,1606,0,5969,0,1.42323722686912,0.0,1606,5969,fhi:git
county,Vestfold og Telemark,2021-01-21,830,0,6799,0,1.62114087878759,0.0,830,6799,fhi:git
county,Vestfold og Telemark,2021-01-22,180,0,6979,0,1.66405974305907,0.0,180,6979,fhi:git
county,Vestfold og Telemark,2021-01-23,3,0,6982,0,1.6647750574635902,0.0,3,6982,fhi:git
county,Vestfold og Telemark,2021-01-24,0,0,6982,0,1.6647750574635902,0.0,0,6982,fhi:git
county,Vestfold og Telemark,2021-01-25,44,0,7026,0,1.67526633539662,0.0,44,7026,fhi:git
county,Vestfold og Telemark,2021-01-26,103,178,7129,178,1.6998254632853,0.0424419880017931,281,7307,fhi:git
county,Vestfold og Telemark,2021-01-27,1622,898,8751,1076,2.08657211799826,0.25655943308949103,2520,9827,fhi:git
county,Vestfold og Telemark,2021-01-28,652,449,9403,1525,2.24203378191494,0.363618155633339,1101,10928,fhi:git
county,Vestfold og Telemark,2021-01-29,87,91,9490,1616,2.2627778996461605,0.38531602590391906,178,11106,fhi:git
county,Vestfold og Telemark,2021-01-30,0,0,9490,1616,2.2627778996461605,0.38531602590391906,0,11106,fhi:git
county,Vestfold og Telemark,2021-01-31,1,1,9491,1617,2.263016337781,0.385554464038761,2,11108,fhi:git
county,Vestfold og Telemark,2021-02-01,50,1,9541,1618,2.27493824452308,0.38579290217360207,51,11159,fhi:git
county,Vestfold og Telemark,2021-02-02,463,327,10004,1945,2.38533510095471,0.463762172266784,790,11949,fhi:git
county,Vestfold og Telemark,2021-02-03,3213,847,13217,2792,3.15143682820056,0.665719272477563,4060,16009,fhi:git
county,Vestfold og Telemark,2021-02-04,1901,708,15118,3500,3.60470772253431,0.834533471945369,2609,18618,fhi:git
county,Vestfold og Telemark,2021-02-05,959,244,16077,3744,3.83336989384734,0.892712376846703,1203,19821,fhi:git
county,Vestfold og Telemark,2021-02-06,0,4,16077,3748,3.83336989384734,0.8936661293860699,4,19825,fhi:git
county,Vestfold og Telemark,2021-02-07,2,1,16079,3749,3.8338467701170296,0.893904567520911,3,19828,fhi:git
county,Vestfold og Telemark,2021-02-08,17,46,16096,3795,3.83790021840933,0.9048727217236221,63,19891,fhi:git
county,Vestfold og Telemark,2021-02-09,352,208,16448,4003,3.9218304418735497,0.9544678537706609,560,20451,fhi:git
county,Vestfold og Telemark,2021-02-10,2880,1395,19328,5398,4.60853227021717,1.2870890518746,4275,24726,fhi:git
county,Vestfold og Telemark,2021-02-11,1533,877,20861,6275,4.97405793092924,1.4961992961306299,2410,27136,fhi:git
county,Vestfold og Telemark,2021-02-12,603,213,21464,6488,5.11783612623869,1.54698661885187,816,27952,fhi:git
county,Vestfold og Telemark,2021-02-13,2,2,21466,6490,5.11831300250837,1.54746349512156,4,27956,fhi:git
county,Vestfold og Telemark,2021-02-14,0,0,21466,6490,5.11831300250837,1.54746349512156,0,27956,fhi:git
county,Vestfold og Telemark,2021-02-15,4,2,21470,6492,5.11926675504774,1.54794037139124,6,27962,fhi:git
county,Vestfold og Telemark,2021-02-16,574,76,22044,6568,5.25613024444678,1.5660616696392,650,28612,fhi:git
county,Vestfold og Telemark,2021-02-17,3014,1520,25058,8088,5.97478278285916,1.92848763459833,4534,33146,fhi:git
county,Vestfold og Telemark,2021-02-18,1806,625,26864,8713,6.405402054382969,2.07751146887429,2431,35577,fhi:git
county,Vestfold og Telemark,2021-02-19,278,83,27142,8796,6.47168785586892,2.09730183406613,361,35938,fhi:git
county,Vestfold og Telemark,2021-02-20,0,1,27142,8797,6.47168785586892,2.09754027220097,1,35939,fhi:git
county,Vestfold og Telemark,2021-02-21,0,1,27142,8798,6.47168785586892,2.09777871033582,1,35940,fhi:git
county,Vestfold og Telemark,2021-02-22,50,0,27192,8798,6.48360976261099,2.09777871033582,50,35990,fhi:git
county,Vestfold og Telemark,2021-02-23,614,381,27806,9179,6.630010777403691,2.18862363971044,995,36985,fhi:git
county,Vestfold og Telemark,2021-02-24,649,2842,28455,12021,6.784757126915849,2.86626481893008,3491,40476,fhi:git
county,Vestfold og Telemark,2021-02-25,608,1847,29063,13868,6.9297275128995,3.30666005398239,2455,42931,fhi:git
county,Vestfold og Telemark,2021-02-26,525,804,29588,14672,7.05490753369131,3.49836431439499,1329,44260,fhi:git
county,Vestfold og Telemark,2021-02-27,3,0,29591,14672,7.05562284809583,3.49836431439499,3,44263,fhi:git
county,Vestfold og Telemark,2021-02-28,0,0,29591,14672,7.05562284809583,3.49836431439499,0,44263,fhi:git
county,Vestfold og Telemark,2021-03-01,571,0,30162,14672,7.191771023090349,3.49836431439499,571,44834,fhi:git
county,Agder,2020-12-27,0,0,0,0,0.0,0.0,0,0,fhi:git
county,Agder,2020-12-28,0,0,0,0,0.0,0.0,0,0,fhi:git
county,Agder,2020-12-29,0,0,0,0,0.0,0.0,0,0,fhi:git
county,Agder,2020-12-30,0,0,0,0,0.0,0.0,0,0,fhi:git
county,Agder,2020-12-31,0,0,0,0,0.0,0.0,0,0,fhi:git
county,Agder,2021-01-01,0,0,0,0,0.0,0.0,0,0,fhi:git
county,Agder,2021-01-02,0,0,0,0,0.0,0.0,0,0,fhi:git
county,Agder,2021-01-03,3,0,3,0,0.000976463963597423,0.0,3,3,fhi:git
county,Agder,2021-01-04,0,0,3,0,0.000976463963597423,0.0,0,3,fhi:git
county,Agder,2021-01-05,79,0,82,0,0.0266900150049962,0.0,79,82,fhi:git
county,Agder,2021-01-06,791,0,873,0,0.28415101340685,0.0,791,873,fhi:git
county,Agder,2021-01-07,230,0,1103,0,0.359013250615986,0.0,230,1103,fhi:git
county,Agder,2021-01-08,49,0,1152,0,0.37496216202141097,0.0,49,1152,fhi:git
county,Agder,2021-01-09,0,0,1152,0,0.37496216202141097,0.0,0,1152,fhi:git
county,Agder,2021-01-10,0,0,1152,0,0.37496216202141097,0.0,0,1152,fhi:git
county,Agder,2021-01-11,1,0,1153,0,0.375287650009276,0.0,1,1153,fhi:git
county,Agder,2021-01-12,225,0,1378,0,0.44852244727908297,0.0,225,1378,fhi:git
county,Agder,2021-01-13,851,0,2229,0,0.725512724952886,0.0,851,2229,fhi:git
county,Agder,2021-01-14,519,0,2748,0,0.89444099065524,0.0,519,2748,fhi:git
county,Agder,2021-01-15,118,0,2866,0,0.9328485732234051,0.0,118,2866,fhi:git
county,Agder,2021-01-16,1,0,2867,0,0.933174061211271,0.0,1,2867,fhi:git
county,Agder,2021-01-17,2,0,2869,0,0.933825037187002,0.0,2,2869,fhi:git
county,Agder,2021-01-18,15,0,2884,0,0.93870735700499,0.0,15,2884,fhi:git
county,Agder,2021-01-19,347,0,3231,0,1.05165168879443,0.0,347,3231,fhi:git
county,Agder,2021-01-20,459,0,3690,0,1.20105067522483,0.0,459,3690,fhi:git
county,Agder,2021-01-21,341,0,4031,0,1.3120420790870702,0.0,341,4031,fhi:git
county,Agder,2021-01-22,63,0,4094,0,1.3325478223226201,0.0,63,4094,fhi:git
county,Agder,2021-01-23,1,0,4095,0,1.33287331031048,0.0,1,4095,fhi:git
county,Agder,2021-01-24,0,0,4095,0,1.33287331031048,0.0,0,4095,fhi:git
county,Agder,2021-01-25,1,0,4096,0,1.3331987982983502,0.0,1,4096,fhi:git
county,Agder,2021-01-26,63,66,4159,66,1.3537045415338897,0.0214822071991433,129,4225,fhi:git
county,Agder,2021-01-27,565,681,4724,747,1.53760525467808,0.243139526935758,1246,5471,fhi:git
county,Agder,2021-01-28,961,248,5685,995,1.8503992110171201,0.323860547926479,1209,6680,fhi:git
county,Agder,2021-01-29,204,61,5889,1056,1.91679876054174,0.34371531518629306,265,6945,fhi:git
county,Agder,2021-01-30,30,0,5919,1056,1.9265634001777199,0.34371531518629306,30,6975,fhi:git
county,Agder,2021-01-31,20,0,5939,1056,1.9330731599350301,0.34371531518629306,20,6995,fhi:git
county,Agder,2021-02-01,0,2,5939,1058,1.9330731599350301,0.34436629116202505,2,6997,fhi:git
county,Agder,2021-02-02,203,170,6142,1228,1.99914722147179,0.39969924909921206,373,7370,fhi:git
county,Agder,2021-02-03,1332,592,7474,1820,2.43269722130905,0.59238813791577,1924,9294,fhi:git
county,Agder,2021-02-04,1705,500,9179,2320,2.98765424062025,0.7551321318486741,2205,11499,fhi:git
county,Agder,2021-02-05,618,133,9797,2453,3.18880581712132,0.798422034234827,751,12250,fhi:git
county,Agder,2021-02-06,508,2,10305,2455,3.3541537149571496,0.799073010210558,510,12760,fhi:git
county,Agder,2021-02-07,83,2,10388,2457,3.38116921795001,0.79972398618629,85,12845,fhi:git
county,Agder,2021-02-08,13,2,10401,2459,3.38540056179227,0.800374962162021,15,12860,fhi:git
county,Agder,2021-02-09,188,254,10589,2713,3.44659230351104,0.8830489110799371,442,13302,fhi:git
county,Agder,2021-02-10,1149,371,11738,3084,3.82057800156885,1.00380495457815,1520,14822,fhi:git
county,Agder,2021-02-11,1001,412,12739,3496,4.14639147742253,1.1379060055788601,1413,16235,fhi:git
county,Agder,2021-02-12,352,69,13091,3565,4.26096324915129,1.1603646767416,421,16656,fhi:git
county,Agder,2021-02-13,509,1,13600,3566,4.42663663497499,1.16069016472947,510,17166,fhi:git
county,Agder,2021-02-14,0,0,13600,3566,4.42663663497499,1.16069016472947,0,17166,fhi:git
county,Agder,2021-02-15,1,2,13601,3568,4.426962122962849,1.1613411407052,3,17169,fhi:git
county,Agder,2021-02-16,139,113,13740,3681,4.472204953276201,1.19812128333404,252,17421,fhi:git
county,Agder,2021-02-17,1212,435,14952,4116,4.866696394569559,1.33970855805567,1647,19068,fhi:git
county,Agder,2021-02-18,1073,835,16025,4951,5.21594500554957,1.6114910279236103,1908,20976,fhi:git
county,Agder,2021-02-19,714,336,16739,5287,5.44834342888576,1.7208549918465301,1050,22026,fhi:git
county,Agder,2021-02-20,9,23,16748,5310,5.451272820776549,1.7283412155674398,32,22058,fhi:git
county,Agder,2021-02-21,53,20,16801,5330,5.46852368413344,1.73485097532476,73,22131,fhi:git
county,Agder,2021-02-22,219,0,17020,5330,5.53980555347605,1.73485097532476,219,22350,fhi:git
county,Agder,2021-02-23,285,201,17305,5531,5.632569630017801,1.8002740608857801,486,22836,fhi:git
county,Agder,2021-02-24,626,1095,17931,6626,5.836325110421799,2.15668340759884,1721,24557,fhi:git
county,Agder,2021-02-25,703,1559,18634,8185,6.0651431658914605,2.66411918068164,2262,26819,fhi:git
county,Agder,2021-02-26,355,451,18989,8636,6.180691401583821,2.81091426320912,806,27625,fhi:git
county,Agder,2021-02-27,0,0,18989,8636,6.180691401583821,2.81091426320912,0,27625,fhi:git
county,Agder,2021-02-28,8,81,18997,8717,6.183295305486749,2.83727879022625,89,27714,fhi:git
county,Agder,2021-03-01,258,0,19255,8717,6.2672712063561296,2.83727879022625,258,27972,fhi:git
county,Vestland,2020-12-27,0,0,0,0,0.0,0.0,0,0,fhi:git
county,Vestland,2020-12-28,0,0,0,0,0.0,0.0,0,0,fhi:git
county,Vestland,2020-12-29,0,0,0,0,0.0,0.0,0,0,fhi:git
county,Vestland,2020-12-30,0,0,0,0,0.0,0.0,0,0,fhi:git
county,Vestland,2020-12-31,0,0,0,0,0.0,0.0,0,0,fhi:git
county,Vestland,2021-01-01,0,0,0,0,0.0,0.0,0,0,fhi:git
county,Vestland,2021-01-02,0,0,0,0,0.0,0.0,0,0,fhi:git
county,Vestland,2021-01-03,0,0,0,0,0.0,0.0,0,0,fhi:git
county,Vestland,2021-01-04,2,0,2,0,0.00031420307887597003,0.0,2,2,fhi:git
county,Vestland,2021-01-05,416,0,418,0,0.0656684434850777,0.0,416,418,fhi:git
county,Vestland,2021-01-06,1254,0,1672,0,0.262673773940311,0.0,1254,1672,fhi:git
county,Vestland,2021-01-07,718,0,2390,0,0.375472679256784,0.0,718,2390,fhi:git
county,Vestland,2021-01-08,139,0,2529,0,0.39730979323866394,0.0,139,2529,fhi:git
county,Vestland,2021-01-09,0,0,2529,0,0.39730979323866394,0.0,0,2529,fhi:git
county,Vestland,2021-01-10,0,0,2529,0,0.39730979323866394,0.0,0,2529,fhi:git
county,Vestland,2021-01-11,65,0,2594,0,0.407521393302133,0.0,65,2594,fhi:git
county,Vestland,2021-01-12,855,0,3449,0,0.54184320952161,0.0,855,3449,fhi:git
county,Vestland,2021-01-13,1124,0,4573,0,0.7184253398499051,0.0,1124,4573,fhi:git
county,Vestland,2021-01-14,996,0,5569,0,0.8748984731301379,0.0,996,5569,fhi:git
county,Vestland,2021-01-15,424,0,5993,0,0.9415095258518441,0.0,424,5993,fhi:git
county,Vestland,2021-01-16,2,0,5995,0,0.94182372893072,0.0,2,5995,fhi:git
county,Vestland,2021-01-17,1,0,5996,0,0.941980830470158,0.0,1,5996,fhi:git
county,Vestland,2021-01-18,62,0,6058,0,0.9517211259153129,0.0,62,6058,fhi:git
county,Vestland,2021-01-19,368,0,6426,0,1.00953449242849,0.0,368,6426,fhi:git
county,Vestland,2021-01-20,1235,0,7661,0,1.2035548936343998,0.0,1235,7661,fhi:git
county,Vestland,2021-01-21,783,0,8444,0,1.32656539901435,0.0,783,8444,fhi:git
county,Vestland,2021-01-22,312,0,8756,0,1.375581079319,0.0,312,8756,fhi:git
county,Vestland,2021-01-23,0,0,8756,0,1.375581079319,0.0,0,8756,fhi:git
county,Vestland,2021-01-24,0,0,8756,0,1.375581079319,0.0,0,8756,fhi:git
county,Vestland,2021-01-25,2,0,8758,0,1.37589528239787,0.0,2,8758,fhi:git
county,Vestland,2021-01-26,152,174,8910,174,1.39977471639245,0.0273356678622094,326,9084,fhi:git
county,Vestland,2021-01-27,1590,1208,10500,1382,1.6495661640988402,0.217114327503295,2798,11882,fhi:git
county,Vestland,2021-01-28,1931,677,12431,2059,1.9529292367535902,0.323472069702811,2608,14490,fhi:git
county,Vestland,2021-01-29,481,176,12912,2235,2.02849507722326,0.351121940643896,657,15147,fhi:git
county,Vestland,2021-01-30,1,0,12913,2235,2.0286521787627,0.351121940643896,1,15148,fhi:git
county,Vestland,2021-01-31,1,0,12914,2235,2.02880928030214,0.351121940643896,1,15149,fhi:git
county,Vestland,2021-02-01,12,59,12926,2294,2.03069449877539,0.3603909314707371,71,15220,fhi:git
county,Vestland,2021-02-02,715,581,13641,2875,2.14302209947355,0.45166692588420704,1296,16516,fhi:git
county,Vestland,2021-02-03,2831,1037,16472,3912,2.5877765576224903,0.614581222281397,3868,20384,fhi:git
county,Vestland,2021-02-04,2555,1057,19027,4969,2.98917099088654,0.7806375494673471,3612,23996,fhi:git
county,Vestland,2021-02-05,911,485,19938,5454,3.1322904933145397,0.85683179609477,1396,25392,fhi:git
county,Vestland,2021-02-06,0,2,19938,5456,3.1322904933145397,0.857145999173646,2,25394,fhi:git
county,Vestland,2021-02-07,2,1,19940,5457,3.13260469639342,0.857303100713084,3,25397,fhi:git
county,Vestland,2021-02-08,8,49,19948,5506,3.13386150870892,0.8650010761455451,57,25454,fhi:git
county,Vestland,2021-02-09,887,305,20835,5811,3.27321057419042,0.9129170456741309,1192,26646,fhi:git
county,Vestland,2021-02-10,2744,970,23579,6781,3.7042971984082502,1.0653055389289798,3714,30360,fhi:git
county,Vestland,2021-02-11,2680,834,26259,7615,4.12532932410205,1.19632822282026,3514,33874,fhi:git
county,Vestland,2021-02-12,609,457,26868,8072,4.22100416161978,1.26812362634341,1066,34940,fhi:git
county,Vestland,2021-02-13,0,0,26868,8072,4.22100416161978,1.26812362634341,0,34940,fhi:git
county,Vestland,2021-02-14,0,2,26868,8074,4.22100416161978,1.26843782942229,2,34942,fhi:git
county,Vestland,2021-02-15,92,1,26960,8075,4.23545750324807,1.26859493096173,93,35035,fhi:git
county,Vestland,2021-02-16,1058,56,28018,8131,4.4016709319734595,1.2773926171702599,1114,36149,fhi:git
county,Vestland,2021-02-17,2673,1325,30691,9456,4.8216033468912,1.48555215692559,3998,40147,fhi:git
county,Vestland,2021-02-18,1929,1971,32620,11427,5.12465221646707,1.79519929115785,3900,44047,fhi:git
county,Vestland,2021-02-19,1132,538,33752,11965,5.30249115911087,1.8797199193754899,1670,45717,fhi:git
county,Vestland,2021-02-20,0,3,33752,11968,5.30249115911087,1.8801912239938,3,45720,fhi:git
county,Vestland,2021-02-21,0,1,33752,11969,5.30249115911087,1.8803483255332398,1,45721,fhi:git
county,Vestland,2021-02-22,48,2,33800,11971,5.31003203300389,1.8806625286121201,50,45771,fhi:git
county,Vestland,2021-02-23,510,587,34310,12558,5.39015381811726,1.9728811322622202,1097,46868,fhi:git
county,Vestland,2021-02-24,1302,2377,35612,14935,5.59470002246552,2.34631149150631,3679,50547,fhi:git
county,Vestland,2021-02-25,1229,2620,36841,17555,5.7877778144348,2.75791752483383,3849,54396,fhi:git
county,Vestland,2021-02-26,1339,851,38180,18406,5.99813677574227,2.89161093489555,2190,56586,fhi:git
county,Vestland,2021-02-27,1,0,38181,18406,5.9982938772817,2.89161093489555,1,56587,fhi:git
county,Vestland,2021-02-28,0,6,38181,18412,5.9982938772817,2.89255354413218,6,56593,fhi:git
county,Vestland,2021-03-01,358,10,38539,18422,6.0545362284005,2.8941245595265603,368,56961,fhi:git
county,Trøndelag,2020-12-27,0,0,0,0,0.0,0.0,0,0,fhi:git
county,Trøndelag,2020-12-28,0,0,0,0,0.0,0.0,0,0,fhi:git
county,Trøndelag,2020-12-29,0,0,0,0,0.0,0.0,0,0,fhi:git
county,Trøndelag,2020-12-30,0,0,0,0,0.0,0.0,0,0,fhi:git
county,Trøndelag,2020-12-31,0,0,0,0,0.0,0.0,0,0,fhi:git
county,Trøndelag,2021-01-01,0,0,0,0,0.0,0.0,0,0,fhi:git
county,Trøndelag,2021-01-02,0,0,0,0,0.0,0.0,0,0,fhi:git
county,Trøndelag,2021-01-03,0,0,0,0,0.0,0.0,0,0,fhi:git
county,Trøndelag,2021-01-04,3,0,3,0,0.000640065542711574,0.0,3,3,fhi:git
county,Trøndelag,2021-01-05,407,0,410,0,0.0874756241705817,0.0,407,410,fhi:git
county,Trøndelag,2021-01-06,674,0,1084,0,0.231277016099782,0.0,674,1084,fhi:git
county,Trøndelag,2021-01-07,484,0,1568,0,0.33454092365724897,0.0,484,1568,fhi:git
county,Trøndelag,2021-01-08,141,0,1709,0,0.364624004164693,0.0,141,1709,fhi:git
county,Trøndelag,2021-01-09,0,0,1709,0,0.364624004164693,0.0,0,1709,fhi:git
county,Trøndelag,2021-01-10,0,0,1709,0,0.364624004164693,0.0,0,1709,fhi:git
county,Trøndelag,2021-01-11,95,0,1804,0,0.38489274635056,0.0,95,1804,fhi:git
county,Trøndelag,2021-01-12,500,0,2304,0,0.491570336802489,0.0,500,2304,fhi:git
county,Trøndelag,2021-01-13,860,0,3164,0,0.6750557923798061,0.0,860,3164,fhi:git
county,Trøndelag,2021-01-14,669,0,3833,0,0.817790408404487,0.0,669,3833,fhi:git
county,Trøndelag,2021-01-15,253,0,4086,0,0.871769269173163,0.0,253,4086,fhi:git
county,Trøndelag,2021-01-16,0,0,4086,0,0.871769269173163,0.0,0,4086,fhi:git
county,Trøndelag,2021-01-17,0,0,4086,0,0.871769269173163,0.0,0,4086,fhi:git
county,Trøndelag,2021-01-18,152,0,4238,0,0.9041992566705501,0.0,152,4238,fhi:git
county,Trøndelag,2021-01-19,568,0,4806,0,1.02538499942394,0.0,568,4806,fhi:git
county,Trøndelag,2021-01-20,729,0,5535,0,1.1809209263028502,0.0,729,5535,fhi:git
county,Trøndelag,2021-01-21,525,0,6060,0,1.2929323962773798,0.0,525,6060,fhi:git
county,Trøndelag,2021-01-22,283,0,6343,0,1.3533119124731698,0.0,283,6343,fhi:git
county,Trøndelag,2021-01-23,1,0,6344,0,1.3535252676540699,0.0,1,6344,fhi:git
county,Trøndelag,2021-01-24,0,0,6344,0,1.3535252676540699,0.0,0,6344,fhi:git
county,Trøndelag,2021-01-25,1,0,6345,0,1.35373862283498,0.0,1,6345,fhi:git
county,Trøndelag,2021-01-26,313,184,6658,184,1.4205187944578899,0.0392573532863098,497,6842,fhi:git
county,Trøndelag,2021-01-27,988,590,7646,774,1.6313137131908997,0.165136910019586,1578,8420,fhi:git
county,Trøndelag,2021-01-28,727,481,8373,1255,1.786422929708,0.26776075203434196,1208,9628,fhi:git
county,Trøndelag,2021-01-29,419,229,8792,1484,1.8758187505067199,0.316619088461325,648,10276,fhi:git
county,Trøndelag,2021-01-30,1,0,8793,1484,1.8760321056876201,0.316619088461325,1,10277,fhi:git
county,Trøndelag,2021-01-31,0,1,8793,1485,1.8760321056876201,0.316832443642229,1,10278,fhi:git
county,Trøndelag,2021-02-01,13,86,8806,1571,1.8788057230393702,0.33518098919996103,99,10377,fhi:git
county,Trøndelag,2021-02-02,835,392,9641,1963,2.05695729909409,0.418816220114273,1227,11604,fhi:git
county,Trøndelag,2021-02-03,2036,809,11677,2772,2.4913484474143504,0.591420561465494,2845,14449,fhi:git
county,Trøndelag,2021-02-04,2125,594,13802,3366,2.94472820683505,0.718153538922386,2719,17168,fhi:git
county,Trøndelag,2021-02-05,1292,319,15094,3685,3.22038310056283,0.7862138416307158,1611,18779,fhi:git
county,Trøndelag,2021-02-06,7,0,15101,3685,3.2218765868291603,0.7862138416307158,7,18786,fhi:git
county,Trøndelag,2021-02-07,1,0,15102,3685,3.22208994201006,0.7862138416307158,1,18787,fhi:git
county,Trøndelag,2021-02-08,3,150,15105,3835,3.22273000755277,0.818217118766295,153,18940,fhi:git
county,Trøndelag,2021-02-09,836,523,15941,4358,3.4010949387883995,0.929801878379013,1359,20299,fhi:git
county,Trøndelag,2021-02-10,2106,620,18047,4978,3.85042094977192,1.0620820905394,2726,23025,fhi:git
county,Trøndelag,2021-02-11,2304,575,20351,5553,4.341991286574411,1.18476131955912,2879,25904,fhi:git
county,Trøndelag,2021-02-12,891,344,21242,5897,4.53209075275975,1.25815550179005,1235,27139,fhi:git
county,Trøndelag,2021-02-13,1,0,21243,5897,4.532304107940651,1.25815550179005,1,27140,fhi:git
county,Trøndelag,2021-02-14,0,0,21243,5897,4.532304107940651,1.25815550179005,0,27140,fhi:git
county,Trøndelag,2021-02-15,0,2,21243,5899,4.532304107940651,1.2585822121518602,2,27142,fhi:git
county,Trøndelag,2021-02-16,338,210,21581,6109,4.60441815908616,1.30338680014167,548,27690,fhi:git
county,Trøndelag,2021-02-17,2044,894,23625,7003,5.040516148853639,1.49412633186972,2938,30628,fhi:git
county,Trøndelag,2021-02-18,1818,752,25443,7755,5.42839586773686,1.6545694279094199,2570,33198,fhi:git
county,Trøndelag,2021-02-19,1016,409,26459,8164,5.645164731535179,1.7418316968991003,1425,34623,fhi:git
county,Trøndelag,2021-02-20,0,1,26459,8165,5.645164731535179,1.74204505208,1,34624,fhi:git
county,Trøndelag,2021-02-21,0,0,26459,8165,5.645164731535179,1.74204505208,0,34624,fhi:git
county,Trøndelag,2021-02-22,18,0,26477,8165,5.649005124791451,1.74204505208,18,34642,fhi:git
county,Trøndelag,2021-02-23,334,671,26811,8836,5.72026575521333,1.8852063784664899,1005,35647,fhi:git
county,Trøndelag,2021-02-24,942,1953,27753,10789,5.92124633562477,2.3018890467717203,2895,38542,fhi:git
county,Trøndelag,2021-02-25,462,1914,28215,12703,6.019816429202349,2.71025086302171,2376,40918,fhi:git
county,Trøndelag,2021-02-26,597,1131,28812,13834,6.1471894722019504,2.9515555726239704,1728,42646,fhi:git
county,Trøndelag,2021-02-27,4,1,28816,13835,6.14804289292557,2.95176892780487,5,42651,fhi:git
county,Trøndelag,2021-02-28,1,0,28817,13835,6.14825624810647,2.95176892780487,1,42652,fhi:git
county,Trøndelag,2021-03-01,477,0,29294,13835,6.25002666939761,2.95176892780487,477,43129,fhi:git
county,Troms og Finnmark,2020-12-27,0,0,0,0,0.0,0.0,0,0,fhi:git
county,Troms og Finnmark,2020-12-28,1,0,1,0,0.00041099662571770297,0.0,1,1,fhi:git
county,Troms og Finnmark,2020-12-29,0,0,1,0,0.00041099662571770297,0.0,0,1,fhi:git
county,Troms og Finnmark,2020-12-30,0,0,1,0,0.00041099662571770297,0.0,0,1,fhi:git
county,Troms og Finnmark,2020-12-31,0,0,1,0,0.00041099662571770297,0.0,0,1,fhi:git
county,Troms og Finnmark,2021-01-01,0,0,1,0,0.00041099662571770297,0.0,0,1,fhi:git
county,Troms og Finnmark,2021-01-02,0,0,1,0,0.00041099662571770297,0.0,0,1,fhi:git
county,Troms og Finnmark,2021-01-03,0,0,1,0,0.00041099662571770297,0.0,0,1,fhi:git
county,Troms og Finnmark,2021-01-04,0,0,1,0,0.00041099662571770297,0.0,0,1,fhi:git
county,Troms og Finnmark,2021-01-05,53,0,54,0,0.022193817788756,0.0,53,54,fhi:git
county,Troms og Finnmark,2021-01-06,530,0,584,0,0.24002202941913797,0.0,530,584,fhi:git
county,Troms og Finnmark,2021-01-07,187,0,771,0,0.31687839842834903,0.0,187,771,fhi:git
county,Troms og Finnmark,2021-01-08,247,0,1018,0,0.418394564980622,0.0,247,1018,fhi:git
county,Troms og Finnmark,2021-01-09,0,0,1018,0,0.418394564980622,0.0,0,1018,fhi:git
county,Troms og Finnmark,2021-01-10,0,0,1018,0,0.418394564980622,0.0,0,1018,fhi:git
county,Troms og Finnmark,2021-01-11,1,0,1019,0,0.41880556160633897,0.0,1,1019,fhi:git
county,Troms og Finnmark,2021-01-12,188,0,1207,0,0.49607292724126706,0.0,188,1207,fhi:git
county,Troms og Finnmark,2021-01-13,569,0,1776,0,0.7299300072746401,0.0,569,1776,fhi:git
county,Troms og Finnmark,2021-01-14,329,0,2105,0,0.865147897135765,0.0,329,2105,fhi:git
county,Troms og Finnmark,2021-01-15,37,0,2142,0,0.8803547722873192,0.0,37,2142,fhi:git
county,Troms og Finnmark,2021-01-16,2,0,2144,0,0.881176765538755,0.0,2,2144,fhi:git
county,Troms og Finnmark,2021-01-17,1,0,2145,0,0.8815877621644731,0.0,1,2145,fhi:git
county,Troms og Finnmark,2021-01-18,0,1,2145,1,0.8815877621644731,0.00041099662571770297,1,2146,fhi:git
county,Troms og Finnmark,2021-01-19,249,0,2394,1,0.9839259219681808,0.00041099662571770297,249,2395,fhi:git
county,Troms og Finnmark,2021-01-20,914,0,3308,1,1.3595768378741597,0.00041099662571770297,914,3309,fhi:git
county,Troms og Finnmark,2021-01-21,248,0,3556,1,1.4615040010521498,0.00041099662571770297,248,3557,fhi:git
county,Troms og Finnmark,2021-01-22,81,0,3637,1,1.49479472773529,0.00041099662571770297,81,3638,fhi:git
county,Troms og Finnmark,2021-01-23,12,0,3649,1,1.4997266872439,0.00041099662571770297,12,3650,fhi:git
county,Troms og Finnmark,2021-01-24,0,0,3649,1,1.4997266872439,0.00041099662571770297,0,3650,fhi:git
county,Troms og Finnmark,2021-01-25,6,0,3655,1,1.5021926669981998,0.00041099662571770297,6,3656,fhi:git
county,Troms og Finnmark,2021-01-26,84,0,3739,1,1.53671638355849,0.00041099662571770297,84,3740,fhi:git
county,Troms og Finnmark,2021-01-27,668,357,4407,358,1.81126212953792,0.14713679200693802,1025,4765,fhi:git
county,Troms og Finnmark,2021-01-28,234,275,4641,633,1.9074353399558601,0.260160864079306,509,5274,fhi:git
county,Troms og Finnmark,2021-01-29,103,243,4744,876,1.9497679924047802,0.36003304412870796,346,5620,fhi:git
county,Troms og Finnmark,2021-01-30,0,0,4744,876,1.9497679924047802,0.36003304412870796,0,5620,fhi:git
county,Troms og Finnmark,2021-01-31,0,0,4744,876,1.9497679924047802,0.36003304412870796,0,5620,fhi:git
county,Troms og Finnmark,2021-02-01,0,2,4744,878,1.9497679924047802,0.36085503738014296,2,5622,fhi:git
county,Troms og Finnmark,2021-02-02,121,21,4865,899,1.9994985841166202,0.36948596652021504,142,5764,fhi:git
county,Troms og Finnmark,2021-02-03,1160,563,6025,1462,2.47625466994916,0.600877066799282,1723,7487,fhi:git
county,Troms og Finnmark,2021-02-04,1150,378,7175,1840,2.94890078952452,0.7562337913205729,1528,9015,fhi:git
county,Troms og Finnmark,2021-02-05,280,140,7455,1980,3.06397984472547,0.8137733189210521,420,9435,fhi:git
county,Troms og Finnmark,2021-02-06,1,1,7456,1981,3.06439084135119,0.8141843155467691,2,9437,fhi:git
county,Troms og Finnmark,2021-02-07,0,1,7456,1982,3.06439084135119,0.814595312172487,1,9438,fhi:git
county,Troms og Finnmark,2021-02-08,0,0,7456,1982,3.06439084135119,0.814595312172487,0,9438,fhi:git
county,Troms og Finnmark,2021-02-09,72,26,7528,2008,3.0939825984028704,0.825281224441147,98,9536,fhi:git
county,Troms og Finnmark,2021-02-10,1403,804,8931,2812,3.6706108642847997,1.15572251151818,2207,11743,fhi:git
county,Troms og Finnmark,2021-02-11,992,466,9923,3278,4.07831951699677,1.34724693910263,1458,13201,fhi:git
county,Troms og Finnmark,2021-02-12,278,113,10201,3391,4.19257657894629,1.39368955780873,391,13592,fhi:git
county,Troms og Finnmark,2021-02-13,5,2,10206,3393,4.19463156207488,1.39451155106017,7,13599,fhi:git
county,Troms og Finnmark,2021-02-14,0,0,10206,3393,4.19463156207488,1.39451155106017,0,13599,fhi:git
county,Troms og Finnmark,2021-02-15,0,6,10206,3399,4.19463156207488,1.39697753081447,6,13605,fhi:git
county,Troms og Finnmark,2021-02-16,131,52,10337,3451,4.24847212004389,1.4183493553517899,183,13788,fhi:git
county,Troms og Finnmark,2021-02-17,958,581,11295,4032,4.642206887481451,1.6571383948937801,1539,15327,fhi:git
county,Troms og Finnmark,2021-02-18,1275,262,12570,4294,5.16622758527153,1.76481951083182,1537,16864,fhi:git
county,Troms og Finnmark,2021-02-19,234,131,12804,4425,5.262400795689469,1.81866006880084,365,17229,fhi:git
county,Troms og Finnmark,2021-02-20,0,0,12804,4425,5.262400795689469,1.81866006880084,0,17229,fhi:git
county,Troms og Finnmark,2021-02-21,0,0,12804,4425,5.262400795689469,1.81866006880084,0,17229,fhi:git
county,Troms og Finnmark,2021-02-22,106,0,12910,4425,5.30596643801554,1.81866006880084,106,17335,fhi:git
county,Troms og Finnmark,2021-02-23,78,71,12988,4496,5.33802417482153,1.84784082922679,149,17484,fhi:git
county,Troms og Finnmark,2021-02-24,394,984,13382,5480,5.4999568453542995,2.25226150893301,1378,18862,fhi:git
county,Troms og Finnmark,2021-02-25,557,1052,13939,6532,5.72888196587906,2.68462995918804,1609,20471,fhi:git
county,Troms og Finnmark,2021-02-26,146,376,14085,6908,5.78888747323385,2.83916469045789,522,20993,fhi:git
county,Troms og Finnmark,2021-02-27,0,0,14085,6908,5.78888747323385,2.83916469045789,0,20993,fhi:git
county,Troms og Finnmark,2021-02-28,0,0,14085,6908,5.78888747323385,2.83916469045789,0,20993,fhi:git
county,Troms og Finnmark,2021-03-01,318,0,14403,6908,5.919584400212081,2.83916469045789,318,21311,fhi:git
nation,Norge,2020-12-27,5,0,5,0,9.31518486915891e-05,0.0,5,5,fhi:git
nation,Norge,2020-12-28,603,0,608,0,0.0113272648008972,0.0,603,608,fhi:git
nation,Norge,2020-12-29,1067,0,1675,0,0.0312058693116824,0.0,1067,1675,fhi:git
nation,Norge,2020-12-30,424,0,2099,0,0.0391051460807291,0.0,424,2099,fhi:git
nation,Norge,2020-12-31,72,0,2171,0,0.040446532701888,0.0,72,2171,fhi:git
nation,Norge,2021-01-01,6,0,2177,0,0.0405583149203179,0.0,6,2177,fhi:git
nation,Norge,2021-01-02,0,0,2177,0,0.0405583149203179,0.0,0,2177,fhi:git
nation,Norge,2021-01-03,3,0,2180,0,0.0406142060295329,0.0,3,2180,fhi:git
nation,Norge,2021-01-04,6,0,2186,0,0.040546287965079,0.0,6,2186,fhi:git
nation,Norge,2021-01-05,3384,0,5570,0,0.10331327720287699,0.0,3384,5570,fhi:git
nation,Norge,2021-01-06,9062,0,14632,0,0.271396745427738,0.0,9062,14632,fhi:git
nation,Norge,2021-01-07,6571,0,21203,0,0.393276735463664,0.0,6571,21203,fhi:git
nation,Norge,2021-01-08,1615,0,22818,0,0.42323202140309796,0.0,1615,22818,fhi:git
nation,Norge,2021-01-09,134,0,22952,0,0.42571747546866107,0.0,134,22952,fhi:git
nation,Norge,2021-01-10,107,0,23059,0,0.42770212908817795,0.0,107,23059,fhi:git
nation,Norge,2021-01-11,350,0,23409,0,0.434193986722111,0.0,350,23409,fhi:git
nation,Norge,2021-01-12,4254,0,27663,0,0.5130978792214,0.0,4254,27663,fhi:git
nation,Norge,2021-01-13,9776,0,37439,0,0.694424737019484,0.0,9776,37439,fhi:git
nation,Norge,2021-01-14,8471,0,45910,0,0.8515462399253321,0.0,8471,45910,fhi:git
nation,Norge,2021-01-15,4471,0,50381,0,0.93447508415766,0.0,4471,50381,fhi:git
nation,Norge,2021-01-16,743,0,51124,0,0.9482563705062661,0.0,743,51124,fhi:git
nation,Norge,2021-01-17,345,5,51469,5,0.9546554873168579,9.27408233419007e-05,350,51474,fhi:git
nation,Norge,2021-01-18,1282,283,52751,288,0.978434234421721,0.00534187142449348,1565,53039,fhi:git
nation,Norge,2021-01-19,4584,771,57335,1059,1.06345902126158,0.0196425063838146,5355,58394,fhi:git
nation,Norge,2021-01-20,10040,693,67375,1752,1.2496825945321102,0.032496384499002,10733,69127,fhi:git
nation,Norge,2021-01-21,8425,168,75800,1920,1.40595088186322,0.0356124761632899,8593,77720,fhi:git
nation,Norge,2021-01-22,3307,7,79107,1927,1.4672896624215501,0.0357423133159685,3314,81034,fhi:git
nation,Norge,2021-01-23,356,0,79463,1927,1.47389280904349,0.0357423133159685,356,81390,fhi:git
nation,Norge,2021-01-24,67,0,79530,1927,1.4751355360762701,0.0357423133159685,67,81457,fhi:git
nation,Norge,2021-01-25,577,0,80107,1927,1.48583782708993,0.0357423133159685,577,82034,fhi:git
nation,Norge,2021-01-26,2273,2139,82380,4066,1.5279978053811598,0.0754168375416337,4412,86446,fhi:git
nation,Norge,2021-01-27,11366,7525,93746,11591,1.73881624500197,0.21499177667119398,18891,105337,fhi:git
nation,Norge,2021-01-28,10874,6545,104620,18136,1.94050898760593,0.33638951442574205,17419,122756,fhi:git
nation,Norge,2021-01-29,3796,2098,108416,20234,2.0109178206871,0.37530356390000397,5894,128650,fhi:git
nation,Norge,2021-01-30,134,170,108550,20404,2.01340327475267,0.378456751893629,304,128954,fhi:git
nation,Norge,2021-01-31,87,50,108637,20454,2.0150169650788103,0.37938416012704795,137,129091,fhi:git
nation,Norge,2021-02-01,188,300,108825,20754,2.01850402003647,0.38494860952756205,488,129579,fhi:git
nation,Norge,2021-02-02,6329,3136,115154,23890,2.13589535422265,0.44311565392760205,9465,139044,fhi:git
nation,Norge,2021-02-03,24979,8300,140133,32190,2.5992099594741203,0.597065420675157,33279,172323,fhi:git
nation,Norge,2021-02-04,25864,8584,165997,40774,3.0789396904571005,0.7562828661885319,34448,206771,fhi:git
nation,Norge,2021-02-05,10588,4825,176585,45599,3.2753276579659105,0.845777760713466,15413,222184,fhi:git
nation,Norge,2021-02-06,803,734,177388,46333,3.2902218341946203,0.8593921135800571,1537,223721,fhi:git
nation,Norge,2021-02-07,320,294,177708,46627,3.2961572468885,0.864845273992561,614,224335,fhi:git
nation,Norge,2021-02-08,119,922,177827,47549,3.29836447848404,0.881946681816808,1041,225376,fhi:git
nation,Norge,2021-02-09,5513,3234,183340,50783,3.40062051030082,0.9419314463543491,8747,234123,fhi:git
nation,Norge,2021-02-10,22713,8584,206053,59367,3.82190497441373,1.1011488918677201,31297,265420,fhi:git
nation,Norge,2021-02-11,20777,8528,226830,67895,4.20728019172867,1.25932764015967,29305,294725,fhi:git
nation,Norge,2021-02-12,8003,3588,234833,71483,4.3557211535697204,1.3258784549898202,11591,306316,fhi:git
nation,Norge,2021-02-13,888,303,235721,71786,4.37219192379524,1.33149854888434,1191,307507,fhi:git
nation,Norge,2021-02-14,110,2,235831,71788,4.374232221908759,1.33153564521367,112,307619,fhi:git
nation,Norge,2021-02-15,798,748,236629,72536,4.38903365731413,1.3454096723856201,1546,309165,fhi:git
nation,Norge,2021-02-16,5907,2167,242536,74703,4.49859766601025,1.385603545222,8074,317239,fhi:git
nation,Norge,2021-02-17,21340,10106,263876,84809,4.894415500033481,1.57305129736065,31446,348685,fhi:git
nation,Norge,2021-02-18,18321,10767,282197,95576,5.23423642492287,1.7727593863451,29088,377773,fhi:git
nation,Norge,2021-02-19,10428,4767,292625,100343,5.42765668608474,1.86117848731927,15195,392968,fhi:git
nation,Norge,2021-02-20,148,145,292773,100488,5.430401814455661,1.86386797119618,293,393261,fhi:git
nation,Norge,2021-02-21,57,87,292830,100575,5.431459059841759,1.86548166152233,144,393405,fhi:git
nation,Norge,2021-02-22,2506,134,295336,100709,5.4779407605007195,1.8679671155879,2640,396045,fhi:git
nation,Norge,2021-02-23,5565,5109,300901,105818,5.58116129688025,1.9627296888786498,10674,406719,fhi:git
nation,Norge,2021-02-24,10119,22010,311020,127828,5.76885017515959,2.3709747932297005,32129,438848,fhi:git
nation,Norge,2021-02-25,10377,24624,321397,152452,5.96132447992337,2.82770480002389,35001,473849,fhi:git
nation,Norge,2021-02-26,7430,9672,328827,162124,6.09913734340944,3.0071026486964603,17102,490951,fhi:git
nation,Norge,2021-02-27,440,183,329267,162307,6.1072985358635306,3.0104969628307794,623,491574,fhi:git
nation,Norge,2021-02-28,533,150,329800,162457,6.117184707631769,3.0132791875310296,683,492257,fhi:git
nation,Norge,2021-03-01,5063,54,334863,162511,6.21109406534778,3.0142807884231297,5117,497374,fhi:git
