granularity_geo,location_name,date,new_dose_1,new_dose_2,total_dose_1,total_dose_2,total_pr100_dose_1,total_pr100_dose_2,new_doses,total_doses,source
county,Oslo,2020-12-27,5,0,5,0,0.00072098677133472,0.0,5,5,fhi:git
county,Oslo,2020-12-28,264,0,269,0,0.0387890882978079,0.0,264,269,fhi:git
county,Oslo,2020-12-29,118,0,387,0,0.0558043761013073,0.0,118,387,fhi:git
county,Oslo,2020-12-30,58,0,445,0,0.06416782264879001,0.0,58,445,fhi:git
county,Oslo,2020-12-31,5,0,450,0,0.0648888094201248,0.0,5,450,fhi:git
county,Oslo,2021-01-01,6,0,456,0,0.0657539935457264,0.0,6,456,fhi:git
county,Oslo,2021-01-02,0,0,456,0,0.0657539935457264,0.0,0,456,fhi:git
county,Oslo,2021-01-03,0,0,456,0,0.0657539935457264,0.0,0,456,fhi:git
county,Oslo,2021-01-04,0,0,456,0,0.0657539935457264,0.0,0,456,fhi:git
county,Oslo,2021-01-05,480,0,936,0,0.13496872359386,0.0,480,936,fhi:git
county,Oslo,2021-01-06,605,0,1541,0,0.22220812292536102,0.0,605,1541,fhi:git
county,Oslo,2021-01-07,967,0,2508,0,0.36164696450149497,0.0,967,2508,fhi:git
county,Oslo,2021-01-08,449,0,2957,0,0.42639157656735294,0.0,449,2957,fhi:git
county,Oslo,2021-01-09,126,0,3083,0,0.44456044320498794,0.0,126,3083,fhi:git
county,Oslo,2021-01-10,100,0,3183,0,0.458980178631683,0.0,100,3183,fhi:git
county,Oslo,2021-01-11,76,0,3259,0,0.46993917755597,0.0,76,3259,fhi:git
county,Oslo,2021-01-12,240,0,3499,0,0.5045465425800371,0.0,240,3499,fhi:git
county,Oslo,2021-01-13,487,0,3986,0,0.574770654108038,0.0,487,3986,fhi:git
county,Oslo,2021-01-14,1233,0,5219,0,0.75256599191918,0.0,1233,5219,fhi:git
county,Oslo,2021-01-15,1638,0,6857,0,0.9887612582084351,0.0,1638,6857,fhi:git
county,Oslo,2021-01-16,644,0,7501,0,1.08162435435635,0.0,644,7501,fhi:git
county,Oslo,2021-01-17,274,5,7775,5,1.1211344294254901,0.00072098677133472,279,7780,fhi:git
county,Oslo,2021-01-18,759,231,8534,236,1.2305802213141,0.0340305756069988,990,8770,fhi:git
county,Oslo,2021-01-19,808,69,9342,305,1.34709168356179,0.0439801930514179,877,9647,fhi:git
county,Oslo,2021-01-20,990,99,10332,404,1.48984706428606,0.0582557311238453,1089,10736,fhi:git
county,Oslo,2021-01-21,1021,21,11353,425,1.63707256299261,0.0612838755634512,1042,11778,fhi:git
county,Oslo,2021-01-22,669,6,12022,431,1.7335405929971999,0.0621490596890528,675,12453,fhi:git
county,Oslo,2021-01-23,232,0,12254,431,1.7669943791871296,0.0621490596890528,232,12685,fhi:git
county,Oslo,2021-01-24,66,0,12320,431,1.77651140456875,0.0621490596890528,66,12751,fhi:git
county,Oslo,2021-01-25,258,0,12578,431,1.81371432196962,0.0621490596890528,258,13009,fhi:git
county,Oslo,2021-01-26,314,403,12892,834,1.8589922912094399,0.12026059345863101,717,13726,fhi:git
county,Oslo,2021-01-27,1003,528,13895,1362,2.00362223753919,0.19639679651157801,1531,15257,fhi:git
county,Oslo,2021-01-28,849,842,14744,2204,2.12604579131182,0.31781096880434395,1691,16948,fhi:git
county,Oslo,2021-01-29,415,501,15159,2705,2.1858876933326,0.3900538432920829,916,17864,fhi:git
county,Oslo,2021-01-30,92,151,15251,2856,2.19915384992516,0.4118276437863921,243,18107,fhi:git
county,Oslo,2021-01-31,60,45,15311,2901,2.2078056911811803,0.41831652472840397,105,18212,fhi:git
county,Oslo,2021-02-01,52,46,15363,2947,2.21530395360306,0.424949603024684,98,18310,fhi:git
county,Oslo,2021-02-02,1521,149,16884,3096,2.4346281294430803,0.44643500881045795,1670,19980,fhi:git
county,Oslo,2021-02-03,2360,456,19244,3552,2.7749338855130694,0.512189002356185,2816,22796,fhi:git
county,Oslo,2021-02-04,2020,1229,21264,4781,3.0662125411323,0.6894075507502591,3249,26045,fhi:git
county,Oslo,2021-02-05,1354,1565,22618,6346,3.26145575880974,0.9150764101780258,2919,28964,fhi:git
county,Oslo,2021-02-06,241,632,22859,6978,3.2962073211880694,1.00620913807473,873,29837,fhi:git
county,Oslo,2021-02-07,215,269,23074,7247,3.32720975235546,1.04499822637254,484,30321,fhi:git
county,Oslo,2021-02-08,45,442,23119,7689,3.33369863329748,1.10873345695853,487,30808,fhi:git
county,Oslo,2021-02-09,1153,240,24272,7929,3.4999581827672595,1.1433408219826,1393,32201,fhi:git
county,Oslo,2021-02-10,1823,808,26095,8737,3.7628299595959,1.2598522842302902,2631,34832,fhi:git
county,Oslo,2021-02-11,1582,741,27677,9478,3.99095017404621,1.3667025237420902,2323,37155,fhi:git
county,Oslo,2021-02-12,1347,419,29024,9897,4.18518401024378,1.42712121517994,1766,38921,fhi:git
county,Oslo,2021-02-13,269,193,29293,10090,4.22397309854159,1.45495130455346,462,39383,fhi:git
county,Oslo,2021-02-14,103,0,29396,10090,4.23882542603108,1.45495130455346,103,39486,fhi:git
county,Oslo,2021-02-15,259,441,29655,10531,4.27617254078622,1.51854233778519,700,40186,fhi:git
county,Oslo,2021-02-16,654,742,30309,11273,4.3704776104768,1.6255367746512601,1396,41582,fhi:git
county,Rogaland,2020-12-27,0,0,0,0,0.0,0.0,0,0,fhi:git
county,Rogaland,2020-12-28,1,0,1,0,0.00020838021888258202,0.0,1,1,fhi:git
county,Rogaland,2020-12-29,0,0,1,0,0.00020838021888258202,0.0,0,1,fhi:git
county,Rogaland,2020-12-30,0,0,1,0,0.00020838021888258202,0.0,0,1,fhi:git
county,Rogaland,2020-12-31,0,0,1,0,0.00020838021888258202,0.0,0,1,fhi:git
county,Rogaland,2021-01-01,0,0,1,0,0.00020838021888258202,0.0,0,1,fhi:git
county,Rogaland,2021-01-02,0,0,1,0,0.00020838021888258202,0.0,0,1,fhi:git
county,Rogaland,2021-01-03,0,0,1,0,0.00020838021888258202,0.0,0,1,fhi:git
county,Rogaland,2021-01-04,0,0,1,0,0.00020838021888258202,0.0,0,1,fhi:git
county,Rogaland,2021-01-05,548,0,549,0,0.11440074016653698,0.0,548,549,fhi:git
county,Rogaland,2021-01-06,641,0,1190,0,0.24797246047027302,0.0,641,1190,fhi:git
county,Rogaland,2021-01-07,211,0,1401,0,0.291940686654497,0.0,211,1401,fhi:git
county,Rogaland,2021-01-08,20,0,1421,0,0.296108291032149,0.0,20,1421,fhi:git
county,Rogaland,2021-01-09,1,0,1422,0,0.296316671251032,0.0,1,1422,fhi:git
county,Rogaland,2021-01-10,0,0,1422,0,0.296316671251032,0.0,0,1422,fhi:git
county,Rogaland,2021-01-11,1,0,1423,0,0.29652505146991404,0.0,1,1423,fhi:git
county,Rogaland,2021-01-12,128,0,1551,0,0.32319771948688497,0.0,128,1551,fhi:git
county,Rogaland,2021-01-13,761,0,2312,0,0.481775066056529,0.0,761,2312,fhi:git
county,Rogaland,2021-01-14,525,0,2837,0,0.591174680969885,0.0,525,2837,fhi:git
county,Rogaland,2021-01-15,289,0,3126,0,0.651396564226951,0.0,289,3126,fhi:git
county,Rogaland,2021-01-16,0,0,3126,0,0.651396564226951,0.0,0,3126,fhi:git
county,Rogaland,2021-01-17,0,0,3126,0,0.651396564226951,0.0,0,3126,fhi:git
county,Rogaland,2021-01-18,71,0,3197,0,0.666191559767614,0.0,71,3197,fhi:git
county,Rogaland,2021-01-19,511,0,3708,0,0.7726738516166141,0.0,511,3708,fhi:git
county,Rogaland,2021-01-20,656,0,4364,0,0.909371275203588,0.0,656,4364,fhi:git
county,Rogaland,2021-01-21,426,0,4790,0,0.9981412484475671,0.0,426,4790,fhi:git
county,Rogaland,2021-01-22,275,0,5065,0,1.05544580864028,0.0,275,5065,fhi:git
county,Rogaland,2021-01-23,0,0,5065,0,1.05544580864028,0.0,0,5065,fhi:git
county,Rogaland,2021-01-24,0,0,5065,0,1.05544580864028,0.0,0,5065,fhi:git
county,Rogaland,2021-01-25,149,0,5214,0,1.08649446125378,0.0,149,5214,fhi:git
county,Rogaland,2021-01-26,339,381,5553,381,1.15713535545498,0.0793928633942637,720,5934,fhi:git
county,Rogaland,2021-01-27,837,603,6390,984,1.3315495986597,0.20504613538046104,1440,7374,fhi:git
county,Rogaland,2021-01-28,521,282,6911,1266,1.44011569269752,0.26380935710534903,803,8177,fhi:git
county,Rogaland,2021-01-29,408,22,7319,1288,1.5251348220016203,0.268393721920766,430,8607,fhi:git
county,Rogaland,2021-01-30,2,1,7321,1289,1.52555158243938,0.268602102139648,3,8610,fhi:git
county,Rogaland,2021-01-31,0,0,7321,1289,1.52555158243938,0.268602102139648,0,8610,fhi:git
county,Rogaland,2021-02-01,12,5,7333,1294,1.5280521450659699,0.269644003234061,17,8627,fhi:git
county,Rogaland,2021-02-02,443,75,7776,1369,1.62036458203096,0.285272519650255,518,9145,fhi:git
county,Rogaland,2021-02-03,2388,646,10164,2015,2.11797654472256,0.41988614104840205,3034,12179,fhi:git
county,Rogaland,2021-02-04,1863,544,12027,2559,2.50618889250081,0.5332449801205271,2407,14586,fhi:git
county,Rogaland,2021-02-05,651,279,12678,2838,2.64184441499337,0.5913830611887672,930,15516,fhi:git
county,Rogaland,2021-02-06,0,0,12678,2838,2.64184441499337,0.5913830611887672,0,15516,fhi:git
county,Rogaland,2021-02-07,0,0,12678,2838,2.64184441499337,0.5913830611887672,0,15516,fhi:git
county,Rogaland,2021-02-08,7,71,12685,2909,2.64330307652555,0.606178056729431,78,15594,fhi:git
county,Rogaland,2021-02-09,565,389,13250,3298,2.76103790019421,0.687237961874755,954,16548,fhi:git
county,Rogaland,2021-02-10,1899,676,15149,3974,3.1567519358522302,0.828102989839381,2575,19123,fhi:git
county,Rogaland,2021-02-11,1155,476,16304,4450,3.39743108866162,0.927291974027489,1631,20754,fhi:git
county,Rogaland,2021-02-12,481,265,16785,4715,3.49766197394414,0.982512732031374,746,21500,fhi:git
county,Rogaland,2021-02-13,0,0,16785,4715,3.49766197394414,0.982512732031374,0,21500,fhi:git
county,Rogaland,2021-02-14,0,0,16785,4715,3.49766197394414,0.982512732031374,0,21500,fhi:git
county,Rogaland,2021-02-15,0,146,16785,4861,3.49766197394414,1.01293624398823,146,21646,fhi:git
county,Rogaland,2021-02-16,408,302,17193,5163,3.5826811032482304,1.07586707009077,710,22356,fhi:git
county,Møre og Romsdal,2020-12-27,0,0,0,0,0.0,0.0,0,0,fhi:git
county,Møre og Romsdal,2020-12-28,0,0,0,0,0.0,0.0,0,0,fhi:git
county,Møre og Romsdal,2020-12-29,0,0,0,0,0.0,0.0,0,0,fhi:git
county,Møre og Romsdal,2020-12-30,0,0,0,0,0.0,0.0,0,0,fhi:git
county,Møre og Romsdal,2020-12-31,0,0,0,0,0.0,0.0,0,0,fhi:git
county,Møre og Romsdal,2021-01-01,0,0,0,0,0.0,0.0,0,0,fhi:git
county,Møre og Romsdal,2021-01-02,0,0,0,0,0.0,0.0,0,0,fhi:git
county,Møre og Romsdal,2021-01-03,0,0,0,0,0.0,0.0,0,0,fhi:git
county,Møre og Romsdal,2021-01-04,0,0,0,0,0.0,0.0,0,0,fhi:git
county,Møre og Romsdal,2021-01-05,186,0,186,0,0.0701256984293352,0.0,186,186,fhi:git
county,Møre og Romsdal,2021-01-06,497,0,683,0,0.257504580791591,0.0,497,683,fhi:git
county,Møre og Romsdal,2021-01-07,457,0,1140,0,0.429802667792699,0.0,457,1140,fhi:git
county,Møre og Romsdal,2021-01-08,35,0,1175,0,0.442998363733703,0.0,35,1175,fhi:git
county,Møre og Romsdal,2021-01-09,1,0,1176,0,0.4433753836177321,0.0,1,1176,fhi:git
county,Møre og Romsdal,2021-01-10,0,0,1176,0,0.4433753836177321,0.0,0,1176,fhi:git
county,Møre og Romsdal,2021-01-11,1,0,1177,0,0.443752403501761,0.0,1,1177,fhi:git
county,Møre og Romsdal,2021-01-12,227,0,1404,0,0.529335917176272,0.0,227,1404,fhi:git
county,Møre og Romsdal,2021-01-13,387,0,1791,0,0.6752426122953721,0.0,387,1791,fhi:git
county,Møre og Romsdal,2021-01-14,410,0,2201,0,0.829820764747133,0.0,410,2201,fhi:git
county,Møre og Romsdal,2021-01-15,152,0,2353,0,0.8871277871194929,0.0,152,2353,fhi:git
county,Møre og Romsdal,2021-01-16,1,0,2354,0,0.887504807003522,0.0,1,2354,fhi:git
county,Møre og Romsdal,2021-01-17,1,0,2355,0,0.88788182688755,0.0,1,2355,fhi:git
county,Møre og Romsdal,2021-01-18,11,0,2366,0,0.892029045611866,0.0,11,2366,fhi:git
county,Møre og Romsdal,2021-01-19,180,0,2546,0,0.9598926247370291,0.0,180,2546,fhi:git
county,Møre og Romsdal,2021-01-20,494,0,3040,0,1.1461404474472,0.0,494,3040,fhi:git
county,Møre og Romsdal,2021-01-21,792,0,3832,0,1.4447401955979198,0.0,792,3832,fhi:git
county,Møre og Romsdal,2021-01-22,212,0,4044,0,1.5246684110120001,0.0,212,4044,fhi:git
county,Møre og Romsdal,2021-01-23,0,0,4044,0,1.5246684110120001,0.0,0,4044,fhi:git
county,Møre og Romsdal,2021-01-24,0,0,4044,0,1.5246684110120001,0.0,0,4044,fhi:git
county,Møre og Romsdal,2021-01-25,3,0,4047,0,1.52579947066408,0.0,3,4047,fhi:git
county,Møre og Romsdal,2021-01-26,78,129,4125,129,1.55520702161832,0.0486355650397002,207,4254,fhi:git
county,Møre og Romsdal,2021-01-27,523,359,4648,488,1.7523884209653202,0.183985703405998,882,5136,fhi:git
county,Møre og Romsdal,2021-01-28,475,508,5123,996,1.93147286587895,0.375511804492569,983,6119,fhi:git
county,Møre og Romsdal,2021-01-29,91,77,5214,1073,1.96578167532556,0.40454233556277797,168,6287,fhi:git
county,Møre og Romsdal,2021-01-30,0,1,5214,1074,1.96578167532556,0.404919355446806,1,6288,fhi:git
county,Møre og Romsdal,2021-01-31,0,0,5214,1074,1.96578167532556,0.404919355446806,0,6288,fhi:git
county,Møre og Romsdal,2021-02-01,0,0,5214,1074,1.96578167532556,0.404919355446806,0,6288,fhi:git
county,Møre og Romsdal,2021-02-02,279,195,5493,1269,2.07097022296956,0.47843823283240006,474,6762,fhi:git
county,Møre og Romsdal,2021-02-03,1039,312,6532,1581,2.4626938824753597,0.596068436649349,1351,8113,fhi:git
county,Møre og Romsdal,2021-02-04,1525,463,8057,2044,3.0376492056191005,0.7706286429546291,1988,10101,fhi:git
county,Møre og Romsdal,2021-02-05,203,156,8260,2200,3.1141842420769303,0.8294437448631041,359,10460,fhi:git
county,Møre og Romsdal,2021-02-06,1,2,8261,2202,3.11456126196096,0.830197784631162,3,10463,fhi:git
county,Møre og Romsdal,2021-02-07,0,1,8261,2203,3.11456126196096,0.83057480451519,1,10464,fhi:git
county,Møre og Romsdal,2021-02-08,0,2,8261,2205,3.11456126196096,0.8313288442832479,2,10466,fhi:git
county,Møre og Romsdal,2021-02-09,339,155,8600,2360,3.2423710026466797,0.8897669263076929,494,10960,fhi:git
county,Møre og Romsdal,2021-02-10,1153,418,9753,2778,3.67707492893175,1.0473612378316801,1571,12531,fhi:git
county,Møre og Romsdal,2021-02-11,1191,758,10944,3536,4.12610561080991,1.33314230992543,1949,14480,fhi:git
county,Møre og Romsdal,2021-02-12,297,205,11241,3741,4.23808051636643,1.4104313861513103,502,14982,fhi:git
county,Møre og Romsdal,2021-02-13,24,0,11265,3741,4.24712899358312,1.4104313861513103,24,15006,fhi:git
county,Møre og Romsdal,2021-02-14,0,0,11265,3741,4.24712899358312,1.4104313861513103,0,15006,fhi:git
county,Møre og Romsdal,2021-02-15,1,8,11266,3749,4.24750601346715,1.41344754522354,9,15015,fhi:git
county,Møre og Romsdal,2021-02-16,309,35,11575,3784,4.36400515763201,1.42664324116454,344,15359,fhi:git
county,Nordland,2020-12-27,0,0,0,0,0.0,0.0,0,0,fhi:git
county,Nordland,2020-12-28,0,0,0,0,0.0,0.0,0,0,fhi:git
county,Nordland,2020-12-29,0,0,0,0,0.0,0.0,0,0,fhi:git
county,Nordland,2020-12-30,1,0,1,0,0.00041453354612722,0.0,1,1,fhi:git
county,Nordland,2020-12-31,0,0,1,0,0.00041453354612722,0.0,0,1,fhi:git
county,Nordland,2021-01-01,0,0,1,0,0.00041453354612722,0.0,0,1,fhi:git
county,Nordland,2021-01-02,0,0,1,0,0.00041453354612722,0.0,0,1,fhi:git
county,Nordland,2021-01-03,0,0,1,0,0.00041453354612722,0.0,0,1,fhi:git
county,Nordland,2021-01-04,0,0,1,0,0.00041453354612722,0.0,0,1,fhi:git
county,Nordland,2021-01-05,200,0,201,0,0.0833212427715713,0.0,200,201,fhi:git
county,Nordland,2021-01-06,687,0,888,0,0.36810578896097207,0.0,687,888,fhi:git
county,Nordland,2021-01-07,238,0,1126,0,0.46676477293925,0.0,238,1126,fhi:git
county,Nordland,2021-01-08,115,0,1241,0,0.5144361307438811,0.0,115,1241,fhi:git
county,Nordland,2021-01-09,0,0,1241,0,0.5144361307438811,0.0,0,1241,fhi:git
county,Nordland,2021-01-10,0,0,1241,0,0.5144361307438811,0.0,0,1241,fhi:git
county,Nordland,2021-01-11,0,0,1241,0,0.5144361307438811,0.0,0,1241,fhi:git
county,Nordland,2021-01-12,291,0,1532,0,0.635065392666902,0.0,291,1532,fhi:git
county,Nordland,2021-01-13,627,0,2159,0,0.894977926088669,0.0,627,2159,fhi:git
county,Nordland,2021-01-14,273,0,2432,0,1.0081455841814,0.0,273,2432,fhi:git
county,Nordland,2021-01-15,69,0,2501,0,1.03674839886418,0.0,69,2501,fhi:git
county,Nordland,2021-01-16,0,0,2501,0,1.03674839886418,0.0,0,2501,fhi:git
county,Nordland,2021-01-17,0,0,2501,0,1.03674839886418,0.0,0,2501,fhi:git
county,Nordland,2021-01-18,0,0,2501,0,1.03674839886418,0.0,0,2501,fhi:git
county,Nordland,2021-01-19,313,0,2814,0,1.166497398802,0.0,313,2814,fhi:git
county,Nordland,2021-01-20,783,0,3597,0,1.4910771654196102,0.0,783,3597,fhi:git
county,Nordland,2021-01-21,611,0,4208,0,1.74435716210334,0.0,611,4208,fhi:git
county,Nordland,2021-01-22,167,0,4375,0,1.81358426430659,0.0,167,4375,fhi:git
county,Nordland,2021-01-23,1,0,4376,0,1.8139987978527201,0.0,1,4376,fhi:git
county,Nordland,2021-01-24,0,0,4376,0,1.8139987978527201,0.0,0,4376,fhi:git
county,Nordland,2021-01-25,51,0,4427,0,1.8351400087051999,0.0,51,4427,fhi:git
county,Nordland,2021-01-26,96,90,4523,90,1.87493522913342,0.0373080191514498,186,4613,fhi:git
county,Nordland,2021-01-27,625,529,5148,619,2.13401869546293,0.256596265052749,1154,5767,fhi:git
county,Nordland,2021-01-28,470,365,5618,984,2.32884946214272,0.407901009389185,835,6602,fhi:git
county,Nordland,2021-01-29,209,145,5827,1129,2.41548697328331,0.46800837357763203,354,6956,fhi:git
county,Nordland,2021-01-30,0,0,5827,1129,2.41548697328331,0.46800837357763203,0,6956,fhi:git
county,Nordland,2021-01-31,0,0,5827,1129,2.41548697328331,0.46800837357763203,0,6956,fhi:git
county,Nordland,2021-02-01,9,4,5836,1133,2.41921777519846,0.46966650776214103,13,6969,fhi:git
county,Nordland,2021-02-02,103,199,5939,1332,2.46191473044956,0.552158683441458,302,7271,fhi:git
county,Nordland,2021-02-03,1385,447,7324,1779,3.03604369183576,0.7374551785603249,1832,9103,fhi:git
county,Nordland,2021-02-04,1663,329,8987,2108,3.72541297904533,0.8738367152361809,1992,11095,fhi:git
county,Nordland,2021-02-05,328,125,9315,2233,3.86137998217506,0.925653408502083,453,11548,fhi:git
county,Nordland,2021-02-06,0,0,9315,2233,3.86137998217506,0.925653408502083,0,11548,fhi:git
county,Nordland,2021-02-07,1,0,9316,2233,3.86179451572119,0.925653408502083,1,11549,fhi:git
county,Nordland,2021-02-08,6,1,9322,2234,3.86428171699795,0.9260679420482099,7,11556,fhi:git
county,Nordland,2021-02-09,68,242,9390,2476,3.8924699981346,1.026385060211,310,11866,fhi:git
county,Nordland,2021-02-10,1969,573,11359,3049,4.7086865504591,1.2639127821418998,2542,14408,fhi:git
county,Nordland,2021-02-11,1184,559,12543,3608,5.199494269073731,1.49563703442701,1743,16151,fhi:git
county,Nordland,2021-02-12,275,227,12818,3835,5.31349099425871,1.5897361493978899,502,16653,fhi:git
county,Nordland,2021-02-13,52,3,12870,3838,5.33504673865733,1.5909797500362701,55,16708,fhi:git
county,Nordland,2021-02-14,0,0,12870,3838,5.33504673865733,1.5909797500362701,0,16708,fhi:git
county,Nordland,2021-02-15,0,1,12870,3839,5.33504673865733,1.5913942835823998,1,16709,fhi:git
county,Nordland,2021-02-16,217,48,13087,3887,5.42500051816693,1.6112918937965102,265,16974,fhi:git
county,Viken,2020-12-27,0,0,0,0,0.0,0.0,0,0,fhi:git
county,Viken,2020-12-28,64,0,64,0,0.0051564457586219395,0.0,64,64,fhi:git
county,Viken,2020-12-29,690,0,754,0,0.0607493765937647,0.0,690,754,fhi:git
county,Viken,2020-12-30,216,0,970,0,0.0781523810291138,0.0,216,970,fhi:git
county,Viken,2020-12-31,67,0,1037,0,0.0835505351826711,0.0,67,1037,fhi:git
county,Viken,2021-01-01,0,0,1037,0,0.0835505351826711,0.0,0,1037,fhi:git
county,Viken,2021-01-02,0,0,1037,0,0.0835505351826711,0.0,0,1037,fhi:git
county,Viken,2021-01-03,0,0,1037,0,0.0835505351826711,0.0,0,1037,fhi:git
county,Viken,2021-01-04,0,0,1037,0,0.0835505351826711,0.0,0,1037,fhi:git
county,Viken,2021-01-05,524,0,1561,0,0.12576893483138799,0.0,524,1561,fhi:git
county,Viken,2021-01-06,1645,0,3206,0,0.25830570472096803,0.0,1645,3206,fhi:git
county,Viken,2021-01-07,1916,0,5122,0,0.412676799619712,0.0,1916,5122,fhi:git
county,Viken,2021-01-08,279,0,5401,0,0.43515568034870505,0.0,279,5401,fhi:git
county,Viken,2021-01-09,6,0,5407,0,0.435639097138575,0.0,6,5407,fhi:git
county,Viken,2021-01-10,5,0,5412,0,0.43604194446346795,0.0,5,5412,fhi:git
county,Viken,2021-01-11,56,0,5468,0,0.44055383450226204,0.0,56,5468,fhi:git
county,Viken,2021-01-12,786,0,6254,0,0.503881433975338,0.0,786,6254,fhi:git
county,Viken,2021-01-13,1939,0,8193,0,0.6601056265685871,0.0,1939,8193,fhi:git
county,Viken,2021-01-14,1951,0,10144,0,0.817296652741577,0.0,1951,10144,fhi:git
county,Viken,2021-01-15,1042,0,11186,0,0.901250035249141,0.0,1042,11186,fhi:git
county,Viken,2021-01-16,85,0,11271,0,0.9080984397723109,0.0,85,11271,fhi:git
county,Viken,2021-01-17,22,0,11293,0,0.909870968001837,0.0,22,11293,fhi:git
county,Viken,2021-01-18,141,51,11434,51,0.921231262563801,0.00410904271390186,192,11485,fhi:git
county,Viken,2021-01-19,643,380,12077,431,0.973037428544956,0.0347254394057196,1023,12508,fhi:git
county,Viken,2021-01-20,1489,341,13566,772,1.0930053618978899,0.0621996269633771,1830,14338,fhi:git
county,Viken,2021-01-21,1995,99,15561,871,1.25374144452994,0.0701760039962455,2094,16432,fhi:git
county,Viken,2021-01-22,808,1,16369,872,1.3188415722325402,0.0702565734612239,809,17241,fhi:git
county,Viken,2021-01-23,97,0,16466,872,1.3266568103354501,0.0702565734612239,97,17338,fhi:git
county,Viken,2021-01-24,0,0,16466,872,1.3266568103354501,0.0702565734612239,0,17338,fhi:git
county,Viken,2021-01-25,59,0,16525,872,1.3314104087691798,0.0702565734612239,59,17397,fhi:git
county,Viken,2021-01-26,559,391,17084,1263,1.3764487396921399,0.10175923426780499,950,18347,fhi:git
county,Viken,2021-01-27,1911,1145,18995,2408,1.5304169872659998,0.19401127166814996,3056,21403,fhi:git
county,Viken,2021-01-28,3090,1704,22085,4112,1.77937663404946,0.33130163999146,4794,26197,fhi:git
county,Viken,2021-01-29,1028,421,23113,4533,1.86220204404733,0.365221384747395,1449,27646,fhi:git
county,Viken,2021-01-30,4,17,23117,4550,1.8625243219072398,0.366591065652029,21,27667,fhi:git
county,Viken,2021-01-31,0,3,23117,4553,1.8625243219072398,0.36683277404696396,3,27670,fhi:git
county,Viken,2021-02-01,23,45,23140,4598,1.8643774196017502,0.37045839997099494,68,27738,fhi:git
county,Viken,2021-02-02,1013,684,24153,5282,1.9459942876249299,0.42556791401626703,1697,29435,fhi:git
county,Viken,2021-02-03,4709,1707,28862,6989,2.32539589820854,0.5630999907345121,6416,35851,fhi:git
county,Viken,2021-02-04,6613,1751,35475,8740,2.85820177011115,0.704177123911809,8364,44215,fhi:git
county,Viken,2021-02-05,3122,1090,38597,9830,3.1097396397739203,0.7919978407383391,4212,48427,fhi:git
county,Viken,2021-02-06,37,85,38634,9915,3.11272070997813,0.7988462452615079,122,48549,fhi:git
county,Viken,2021-02-07,15,19,38649,9934,3.1139292519527997,0.8003770650960991,34,48583,fhi:git
county,Viken,2021-02-08,17,95,38666,10029,3.1152989328574403,0.8080311642690541,112,48695,fhi:git
county,Viken,2021-02-09,737,539,39403,10568,3.17467862854657,0.851458105892448,1276,49971,fhi:git
county,Viken,2021-02-10,3287,1288,42690,11856,3.43951045993079,0.9552315767847142,4575,54546,fhi:git
county,Viken,2021-02-11,4714,1849,47404,13705,3.81931491783929,1.1042045175299,6563,61109,fhi:git
county,Viken,2021-02-12,2393,915,49797,14620,4.01211764753276,1.1779255779852,3308,64417,fhi:git
county,Viken,2021-02-13,22,96,49819,14716,4.01389017576229,1.1856602466231299,118,64535,fhi:git
county,Viken,2021-02-14,6,0,49825,14716,4.01437359255216,1.1856602466231299,6,64541,fhi:git
county,Viken,2021-02-15,347,122,50172,14838,4.04233119689969,1.19548972135051,469,65010,fhi:git
county,Viken,2021-02-16,1204,244,51376,15082,4.13933683273376,1.21514867080525,1448,66458,fhi:git
county,Innlandet,2020-12-27,0,0,0,0,0.0,0.0,0,0,fhi:git
county,Innlandet,2020-12-28,271,0,271,0,0.07297009841539098,0.0,271,271,fhi:git
county,Innlandet,2020-12-29,260,0,531,0,0.142978310917242,0.0,260,531,fhi:git
county,Innlandet,2020-12-30,149,0,680,0,0.18309840192791801,0.0,149,680,fhi:git
county,Innlandet,2020-12-31,0,0,680,0,0.18309840192791801,0.0,0,680,fhi:git
county,Innlandet,2021-01-01,0,0,680,0,0.18309840192791801,0.0,0,680,fhi:git
county,Innlandet,2021-01-02,0,0,680,0,0.18309840192791801,0.0,0,680,fhi:git
county,Innlandet,2021-01-03,0,0,680,0,0.18309840192791801,0.0,0,680,fhi:git
county,Innlandet,2021-01-04,0,0,680,0,0.18309840192791801,0.0,0,680,fhi:git
county,Innlandet,2021-01-05,272,0,952,0,0.25633776269908604,0.0,272,952,fhi:git
county,Innlandet,2021-01-06,703,0,1655,0,0.44562919880985996,0.0,703,1655,fhi:git
county,Innlandet,2021-01-07,719,0,2374,0,0.639228832613057,0.0,719,2374,fhi:git
county,Innlandet,2021-01-08,76,0,2450,0,0.659692771652059,0.0,76,2450,fhi:git
county,Innlandet,2021-01-09,0,0,2450,0,0.659692771652059,0.0,0,2450,fhi:git
county,Innlandet,2021-01-10,0,0,2450,0,0.659692771652059,0.0,0,2450,fhi:git
county,Innlandet,2021-01-11,50,0,2500,0,0.6731558894408771,0.0,50,2500,fhi:git
county,Innlandet,2021-01-12,401,0,2901,0,0.781130094107193,0.0,401,2901,fhi:git
county,Innlandet,2021-01-13,995,0,3896,0,1.04904613810466,0.0,995,3896,fhi:git
county,Innlandet,2021-01-14,952,0,4848,0,1.30538390080375,0.0,952,4848,fhi:git
county,Innlandet,2021-01-15,277,0,5125,0,1.3799695733538002,0.0,277,5125,fhi:git
county,Innlandet,2021-01-16,4,0,5129,0,1.3810466227768998,0.0,4,5129,fhi:git
county,Innlandet,2021-01-17,0,0,5129,0,1.3810466227768998,0.0,0,5129,fhi:git
county,Innlandet,2021-01-18,67,0,5196,0,1.39908720061392,0.0,67,5196,fhi:git
county,Innlandet,2021-01-19,333,318,5529,318,1.48875156508744,0.0856254291368795,651,5847,fhi:git
county,Innlandet,2021-01-20,663,252,6192,570,1.66727250696716,0.15347954279252,915,6762,fhi:git
county,Innlandet,2021-01-21,832,48,7024,618,1.8912987869730902,0.166404135869785,880,7642,fhi:git
county,Innlandet,2021-01-22,238,0,7262,618,1.95538322764786,0.166404135869785,238,7880,fhi:git
county,Innlandet,2021-01-23,5,0,7267,618,1.95672953942674,0.166404135869785,5,7885,fhi:git
county,Innlandet,2021-01-24,0,0,7267,618,1.95672953942674,0.166404135869785,0,7885,fhi:git
county,Innlandet,2021-01-25,1,0,7268,618,1.9569988017825202,0.166404135869785,1,7886,fhi:git
county,Innlandet,2021-01-26,148,131,7416,749,1.99684963043742,0.201677504476487,279,8165,fhi:git
county,Innlandet,2021-01-27,907,549,8323,1298,2.2410705871265697,0.349502537797703,1456,9621,fhi:git
county,Innlandet,2021-01-28,894,706,9217,2004,2.48179113319062,0.539601760975807,1600,11221,fhi:git
county,Innlandet,2021-01-29,312,132,9529,2136,2.56580098819285,0.575144391938285,444,11665,fhi:git
county,Innlandet,2021-01-30,1,0,9530,2136,2.5660702505486204,0.575144391938285,1,11666,fhi:git
county,Innlandet,2021-01-31,0,0,9530,2136,2.5660702505486204,0.575144391938285,0,11666,fhi:git
county,Innlandet,2021-02-01,8,49,9538,2185,2.5682243493948302,0.588338247371326,57,11723,fhi:git
county,Innlandet,2021-02-02,605,334,10143,2519,2.7311280746395297,0.6782718742006271,939,12662,fhi:git
county,Innlandet,2021-02-03,2285,821,12428,3340,3.3463925575884903,0.899336268293011,3106,15768,fhi:git
county,Innlandet,2021-02-04,2597,988,15025,4328,4.04566689553967,1.16536747580005,3585,19353,fhi:git
county,Innlandet,2021-02-05,806,269,15831,4597,4.26269235429541,1.2377990495038798,1075,20428,fhi:git
county,Innlandet,2021-02-06,7,4,15838,4601,4.26457719078584,1.23887609892699,11,20439,fhi:git
county,Innlandet,2021-02-07,0,0,15838,4601,4.26457719078584,1.23887609892699,0,20439,fhi:git
county,Innlandet,2021-02-08,2,62,15840,4663,4.26511571549739,1.2555703649851202,64,20503,fhi:git
county,Innlandet,2021-02-09,256,269,16096,4932,4.334046878576141,1.3280019386889599,525,21028,fhi:git
county,Innlandet,2021-02-10,2063,566,18159,5498,4.88953511854275,1.48040443205838,2629,23657,fhi:git
county,Innlandet,2021-02-11,2158,841,20317,6339,5.47060328230812,1.70685407326629,2999,26656,fhi:git
county,Innlandet,2021-02-12,430,279,20747,6618,5.58638609529195,1.78197827052789,709,27365,fhi:git
county,Innlandet,2021-02-13,0,5,20747,6623,5.58638609529195,1.78332458230677,5,27370,fhi:git
county,Innlandet,2021-02-14,1,0,20748,6623,5.58665535764772,1.78332458230677,1,27371,fhi:git
county,Innlandet,2021-02-15,85,14,20833,6637,5.609542657888711,1.7870942552876399,99,27470,fhi:git
county,Innlandet,2021-02-16,508,90,21341,6727,5.7463279346231,1.8113278673075102,598,28068,fhi:git
county,Vestfold og Telemark,2020-12-27,0,0,0,0,0.0,0.0,0,0,fhi:git
county,Vestfold og Telemark,2020-12-28,0,0,0,0,0.0,0.0,0,0,fhi:git
county,Vestfold og Telemark,2020-12-29,0,0,0,0,0.0,0.0,0,0,fhi:git
county,Vestfold og Telemark,2020-12-30,0,0,0,0,0.0,0.0,0,0,fhi:git
county,Vestfold og Telemark,2020-12-31,0,0,0,0,0.0,0.0,0,0,fhi:git
county,Vestfold og Telemark,2021-01-01,0,0,0,0,0.0,0.0,0,0,fhi:git
county,Vestfold og Telemark,2021-01-02,0,0,0,0,0.0,0.0,0,0,fhi:git
county,Vestfold og Telemark,2021-01-03,0,0,0,0,0.0,0.0,0,0,fhi:git
county,Vestfold og Telemark,2021-01-04,1,0,1,0,0.00023843813484153399,0.0,1,1,fhi:git
county,Vestfold og Telemark,2021-01-05,218,0,219,0,0.052217951530296,0.0,218,219,fhi:git
county,Vestfold og Telemark,2021-01-06,1026,0,1245,0,0.29685547787771,0.0,1026,1245,fhi:git
county,Vestfold og Telemark,2021-01-07,442,0,1687,0,0.40224513347766794,0.0,442,1687,fhi:git
county,Vestfold og Telemark,2021-01-08,64,0,1751,0,0.417505174107526,0.0,64,1751,fhi:git
county,Vestfold og Telemark,2021-01-09,0,0,1751,0,0.417505174107526,0.0,0,1751,fhi:git
county,Vestfold og Telemark,2021-01-10,2,0,1753,0,0.417982050377209,0.0,2,1753,fhi:git
county,Vestfold og Telemark,2021-01-11,2,0,1755,0,0.41845892664689205,0.0,2,1755,fhi:git
county,Vestfold og Telemark,2021-01-12,418,0,2173,0,0.518126067010654,0.0,418,2173,fhi:git
county,Vestfold og Telemark,2021-01-13,1168,0,3341,0,0.796621808505565,0.0,1168,3341,fhi:git
county,Vestfold og Telemark,2021-01-14,586,0,3927,0,0.9363465555227041,0.0,586,3927,fhi:git
county,Vestfold og Telemark,2021-01-15,157,0,4084,0,0.9737813426928249,0.0,157,4084,fhi:git
county,Vestfold og Telemark,2021-01-16,3,0,4087,0,0.9744966570973491,0.0,3,4087,fhi:git
county,Vestfold og Telemark,2021-01-17,39,0,4126,0,0.9837957443561691,0.0,39,4126,fhi:git
county,Vestfold og Telemark,2021-01-18,5,0,4131,0,0.9849879350303771,0.0,5,4131,fhi:git
county,Vestfold og Telemark,2021-01-19,227,0,4358,0,1.0391133916394102,0.0,227,4358,fhi:git
county,Vestfold og Telemark,2021-01-20,1605,0,5963,0,1.42180659806007,0.0,1605,5963,fhi:git
county,Vestfold og Telemark,2021-01-21,828,0,6791,0,1.61923337370886,0.0,828,6791,fhi:git
county,Vestfold og Telemark,2021-01-22,178,0,6969,0,1.6616753617106501,0.0,178,6969,fhi:git
county,Vestfold og Telemark,2021-01-23,3,0,6972,0,1.6623906761151799,0.0,3,6972,fhi:git
county,Vestfold og Telemark,2021-01-24,0,0,6972,0,1.6623906761151799,0.0,0,6972,fhi:git
county,Vestfold og Telemark,2021-01-25,45,0,7017,0,1.67312039218304,0.0,45,7017,fhi:git
county,Vestfold og Telemark,2021-01-26,103,178,7120,178,1.6976795200717198,0.0424419880017931,281,7298,fhi:git
county,Vestfold og Telemark,2021-01-27,1622,898,8742,1076,2.08442617478469,0.25655943308949103,2520,9818,fhi:git
county,Vestfold og Telemark,2021-01-28,651,449,9393,1525,2.2396494005665297,0.363618155633339,1100,10918,fhi:git
county,Vestfold og Telemark,2021-01-29,86,90,9479,1615,2.2601550801629,0.38507758776907797,176,11094,fhi:git
county,Vestfold og Telemark,2021-01-30,0,0,9479,1615,2.2601550801629,0.38507758776907797,0,11094,fhi:git
county,Vestfold og Telemark,2021-01-31,0,1,9479,1616,2.2601550801629,0.38531602590391906,1,11095,fhi:git
county,Vestfold og Telemark,2021-02-01,49,0,9528,1616,2.2718385487701402,0.38531602590391906,49,11144,fhi:git
county,Vestfold og Telemark,2021-02-02,459,327,9987,1943,2.3812816526624,0.463285295997101,786,11930,fhi:git
county,Vestfold og Telemark,2021-02-03,3204,834,13191,2777,3.1452374366946803,0.66214270045494,4038,15968,fhi:git
county,Vestfold og Telemark,2021-02-04,1887,707,15078,3484,3.59517019714065,0.8307184617879051,2594,18562,fhi:git
county,Vestfold og Telemark,2021-02-05,949,244,16027,3728,3.82144798710527,0.888897366689239,1193,19755,fhi:git
county,Vestfold og Telemark,2021-02-06,0,4,16027,3732,3.82144798710527,0.889851119228605,4,19759,fhi:git
county,Vestfold og Telemark,2021-02-07,2,1,16029,3733,3.8219248633749503,0.890089557363447,3,19762,fhi:git
county,Vestfold og Telemark,2021-02-08,17,46,16046,3779,3.82597831166725,0.901057711566157,63,19825,fhi:git
county,Vestfold og Telemark,2021-02-09,345,206,16391,3985,3.9082394681875803,0.950175967343513,551,20376,fhi:git
county,Vestfold og Telemark,2021-02-10,2872,1380,19263,5365,4.59303379145247,1.2792205934248302,4252,24628,fhi:git
county,Vestfold og Telemark,2021-02-11,1475,853,20738,6218,4.944730040343731,1.4826083224446598,2328,26956,fhi:git
county,Vestfold og Telemark,2021-02-12,599,201,21337,6419,5.08755448311381,1.5305343875478101,800,27756,fhi:git
county,Vestfold og Telemark,2021-02-13,2,2,21339,6421,5.08803135938349,1.53101126381749,4,27760,fhi:git
county,Vestfold og Telemark,2021-02-14,0,0,21339,6421,5.08803135938349,1.53101126381749,0,27760,fhi:git
county,Vestfold og Telemark,2021-02-15,2,2,21341,6423,5.08850823565318,1.53148814008717,4,27764,fhi:git
county,Vestfold og Telemark,2021-02-16,537,69,21878,6492,5.21654951406308,1.54794037139124,606,28370,fhi:git
county,Agder,2020-12-27,0,0,0,0,0.0,0.0,0,0,fhi:git
county,Agder,2020-12-28,0,0,0,0,0.0,0.0,0,0,fhi:git
county,Agder,2020-12-29,0,0,0,0,0.0,0.0,0,0,fhi:git
county,Agder,2020-12-30,0,0,0,0,0.0,0.0,0,0,fhi:git
county,Agder,2020-12-31,0,0,0,0,0.0,0.0,0,0,fhi:git
county,Agder,2021-01-01,0,0,0,0,0.0,0.0,0,0,fhi:git
county,Agder,2021-01-02,0,0,0,0,0.0,0.0,0,0,fhi:git
county,Agder,2021-01-03,3,0,3,0,0.000976463963597423,0.0,3,3,fhi:git
county,Agder,2021-01-04,0,0,3,0,0.000976463963597423,0.0,0,3,fhi:git
county,Agder,2021-01-05,79,0,82,0,0.0266900150049962,0.0,79,82,fhi:git
county,Agder,2021-01-06,791,0,873,0,0.28415101340685,0.0,791,873,fhi:git
county,Agder,2021-01-07,230,0,1103,0,0.359013250615986,0.0,230,1103,fhi:git
county,Agder,2021-01-08,49,0,1152,0,0.37496216202141097,0.0,49,1152,fhi:git
county,Agder,2021-01-09,0,0,1152,0,0.37496216202141097,0.0,0,1152,fhi:git
county,Agder,2021-01-10,0,0,1152,0,0.37496216202141097,0.0,0,1152,fhi:git
county,Agder,2021-01-11,0,0,1152,0,0.37496216202141097,0.0,0,1152,fhi:git
county,Agder,2021-01-12,225,0,1377,0,0.44819695929121706,0.0,225,1377,fhi:git
county,Agder,2021-01-13,851,0,2228,0,0.72518723696502,0.0,851,2228,fhi:git
county,Agder,2021-01-14,512,0,2740,0,0.8918370867523129,0.0,512,2740,fhi:git
county,Agder,2021-01-15,118,0,2858,0,0.930244669320479,0.0,118,2858,fhi:git
county,Agder,2021-01-16,0,0,2858,0,0.930244669320479,0.0,0,2858,fhi:git
county,Agder,2021-01-17,2,0,2860,0,0.9308956452962099,0.0,2,2860,fhi:git
county,Agder,2021-01-18,15,0,2875,0,0.935777965114197,0.0,15,2875,fhi:git
county,Agder,2021-01-19,348,0,3223,0,1.0490477848915,0.0,348,3223,fhi:git
county,Agder,2021-01-20,459,0,3682,0,1.1984467713218998,0.0,459,3682,fhi:git
county,Agder,2021-01-21,340,0,4022,0,1.3091126871962802,0.0,340,4022,fhi:git
county,Agder,2021-01-22,62,0,4084,0,1.32929294244396,0.0,62,4084,fhi:git
county,Agder,2021-01-23,1,0,4085,0,1.32961843043182,0.0,1,4085,fhi:git
county,Agder,2021-01-24,0,0,4085,0,1.32961843043182,0.0,0,4085,fhi:git
county,Agder,2021-01-25,1,0,4086,0,1.32994391841969,0.0,1,4086,fhi:git
county,Agder,2021-01-26,62,66,4148,66,1.3501241736673701,0.0214822071991433,128,4214,fhi:git
county,Agder,2021-01-27,552,680,4700,746,1.5297935429693001,0.242814038947893,1232,5446,fhi:git
county,Agder,2021-01-28,951,248,5651,994,1.8393326194296797,0.32353505993861303,1199,6645,fhi:git
county,Agder,2021-01-29,202,61,5853,1055,1.9050811929785703,0.34338982719842703,263,6908,fhi:git
county,Agder,2021-01-30,29,0,5882,1055,1.91452034462668,0.34338982719842703,29,6937,fhi:git
county,Agder,2021-01-31,20,0,5902,1055,1.921030104384,0.34338982719842703,20,6957,fhi:git
county,Agder,2021-02-01,0,1,5902,1056,1.921030104384,0.34371531518629306,1,6958,fhi:git
county,Agder,2021-02-02,202,170,6104,1226,1.9867786779328898,0.39904827312348,372,7330,fhi:git
county,Agder,2021-02-03,1323,592,7427,1818,2.41739928587935,0.591737161940039,1915,9245,fhi:git
county,Agder,2021-02-04,1694,507,9121,2325,2.96877593732403,0.756759571788003,2201,11446,fhi:git
county,Agder,2021-02-05,606,133,9727,2458,3.1660216579707097,0.8000494741741558,739,12185,fhi:git
county,Agder,2021-02-06,484,1,10211,2459,3.32355784409776,0.800374962162021,485,12670,fhi:git
county,Agder,2021-02-07,83,2,10294,2461,3.35057334709063,0.8010259381377529,85,12755,fhi:git
county,Agder,2021-02-08,13,2,10307,2463,3.35480469093288,0.801676914113485,15,12770,fhi:git
county,Agder,2021-02-09,187,248,10494,2711,3.41567094466379,0.8823979351042051,435,13205,fhi:git
county,Agder,2021-02-10,1146,371,11640,3082,3.7886801787580002,1.0031539786024202,1517,14722,fhi:git
county,Agder,2021-02-11,998,410,12638,3492,4.11351719064808,1.1366040536274,1408,16130,fhi:git
county,Agder,2021-02-12,352,69,12990,3561,4.22808896237684,1.15906272479014,421,16551,fhi:git
county,Agder,2021-02-13,409,1,13399,3562,4.36121354941396,1.15938821277801,410,16961,fhi:git
county,Agder,2021-02-14,0,0,13399,3562,4.36121354941396,1.15938821277801,0,16961,fhi:git
county,Agder,2021-02-15,1,2,13400,3564,4.36153903740182,1.16003918875374,3,16964,fhi:git
county,Agder,2021-02-16,129,112,13529,3676,4.40352698783651,1.1964938433947099,241,17205,fhi:git
county,Vestland,2020-12-27,0,0,0,0,0.0,0.0,0,0,fhi:git
county,Vestland,2020-12-28,0,0,0,0,0.0,0.0,0,0,fhi:git
county,Vestland,2020-12-29,0,0,0,0,0.0,0.0,0,0,fhi:git
county,Vestland,2020-12-30,0,0,0,0,0.0,0.0,0,0,fhi:git
county,Vestland,2020-12-31,0,0,0,0,0.0,0.0,0,0,fhi:git
county,Vestland,2021-01-01,0,0,0,0,0.0,0.0,0,0,fhi:git
county,Vestland,2021-01-02,0,0,0,0,0.0,0.0,0,0,fhi:git
county,Vestland,2021-01-03,0,0,0,0,0.0,0.0,0,0,fhi:git
county,Vestland,2021-01-04,2,0,2,0,0.00031420307887597003,0.0,2,2,fhi:git
county,Vestland,2021-01-05,416,0,418,0,0.0656684434850777,0.0,416,418,fhi:git
county,Vestland,2021-01-06,1250,0,1668,0,0.262045367782559,0.0,1250,1668,fhi:git
county,Vestland,2021-01-07,715,0,2383,0,0.374372968480718,0.0,715,2383,fhi:git
county,Vestland,2021-01-08,139,0,2522,0,0.3962100824625979,0.0,139,2522,fhi:git
county,Vestland,2021-01-09,0,0,2522,0,0.3962100824625979,0.0,0,2522,fhi:git
county,Vestland,2021-01-10,0,0,2522,0,0.3962100824625979,0.0,0,2522,fhi:git
county,Vestland,2021-01-11,65,0,2587,0,0.40642168252606703,0.0,65,2587,fhi:git
county,Vestland,2021-01-12,855,0,3442,0,0.5407434987455441,0.0,855,3442,fhi:git
county,Vestland,2021-01-13,1125,0,4567,0,0.7174827306132769,0.0,1125,4567,fhi:git
county,Vestland,2021-01-14,995,0,5562,0,0.8737987623540721,0.0,995,5562,fhi:git
county,Vestland,2021-01-15,424,0,5986,0,0.9404098150757779,0.0,424,5986,fhi:git
county,Vestland,2021-01-16,2,0,5988,0,0.940724018154654,0.0,2,5988,fhi:git
county,Vestland,2021-01-17,1,0,5989,0,0.9408811196940919,0.0,1,5989,fhi:git
county,Vestland,2021-01-18,57,0,6046,0,0.949835907442057,0.0,57,6046,fhi:git
county,Vestland,2021-01-19,368,0,6414,0,1.0076492739552398,0.0,368,6414,fhi:git
county,Vestland,2021-01-20,1234,0,7648,0,1.20151257362171,0.0,1234,7648,fhi:git
county,Vestland,2021-01-21,782,0,8430,0,1.3243659774622099,0.0,782,8430,fhi:git
county,Vestland,2021-01-22,311,0,8741,0,1.37322455622743,0.0,311,8741,fhi:git
county,Vestland,2021-01-23,0,0,8741,0,1.37322455622743,0.0,0,8741,fhi:git
county,Vestland,2021-01-24,0,0,8741,0,1.37322455622743,0.0,0,8741,fhi:git
county,Vestland,2021-01-25,1,0,8742,0,1.37338165776686,0.0,1,8742,fhi:git
county,Vestland,2021-01-26,151,174,8893,174,1.397103990222,0.0273356678622094,325,9067,fhi:git
county,Vestland,2021-01-27,1579,1204,10472,1378,1.64516732099458,0.216485921345543,2783,11850,fhi:git
county,Vestland,2021-01-28,1927,677,12399,2055,1.94790198749158,0.32284366354505895,2604,14454,fhi:git
county,Vestland,2021-01-29,480,165,12879,2220,2.02331072642181,0.348765417552327,645,15099,fhi:git
county,Vestland,2021-01-30,1,0,12880,2220,2.02346782796125,0.348765417552327,1,15100,fhi:git
county,Vestland,2021-01-31,0,0,12880,2220,2.02346782796125,0.348765417552327,0,15100,fhi:git
county,Vestland,2021-02-01,12,59,12892,2279,2.0253530464344998,0.358034408379168,71,15171,fhi:git
county,Vestland,2021-02-02,708,580,13600,2859,2.1365809363566,0.44915330125319897,1288,16459,fhi:git
county,Vestland,2021-02-03,2798,1038,16398,3897,2.5761510437040798,0.612224699189827,3836,20295,fhi:git
county,Vestland,2021-02-04,2515,1055,18913,4952,2.97126141539061,0.777966823296902,3570,23865,fhi:git
county,Vestland,2021-02-05,878,484,19791,5436,3.10919656701716,0.8540039683848859,1362,25227,fhi:git
county,Vestland,2021-02-06,0,2,19791,5438,3.10919656701716,0.8543181714637621,2,25229,fhi:git
county,Vestland,2021-02-07,2,1,19793,5439,3.1095107700960396,0.8544752730032,3,25232,fhi:git
county,Vestland,2021-02-08,9,49,19802,5488,3.1109246839509797,0.8621732484356609,58,25290,fhi:git
county,Vestland,2021-02-09,868,305,20670,5793,3.24728882018315,0.910089217964247,1173,26463,fhi:git
county,Vestland,2021-02-10,2713,965,23383,6758,3.6735052966784,1.0616922035219,3678,30141,fhi:git
county,Vestland,2021-02-11,2615,831,25998,7589,4.08432582230873,1.19224358279487,3446,33587,fhi:git
county,Vestland,2021-02-12,605,447,26603,8036,4.17937225366871,1.26246797092365,1052,34639,fhi:git
county,Vestland,2021-02-13,0,0,26603,8036,4.17937225366871,1.26246797092365,0,34639,fhi:git
county,Vestland,2021-02-14,0,1,26603,8037,4.17937225366871,1.26262507246309,1,34640,fhi:git
county,Vestland,2021-02-15,91,1,26694,8038,4.19366849375757,1.26278217400252,92,34732,fhi:git
county,Vestland,2021-02-16,1008,49,27702,8087,4.35202684551106,1.27048014943498,1057,35789,fhi:git
county,Trøndelag,2020-12-27,0,0,0,0,0.0,0.0,0,0,fhi:git
county,Trøndelag,2020-12-28,0,0,0,0,0.0,0.0,0,0,fhi:git
county,Trøndelag,2020-12-29,0,0,0,0,0.0,0.0,0,0,fhi:git
county,Trøndelag,2020-12-30,0,0,0,0,0.0,0.0,0,0,fhi:git
county,Trøndelag,2020-12-31,0,0,0,0,0.0,0.0,0,0,fhi:git
county,Trøndelag,2021-01-01,0,0,0,0,0.0,0.0,0,0,fhi:git
county,Trøndelag,2021-01-02,0,0,0,0,0.0,0.0,0,0,fhi:git
county,Trøndelag,2021-01-03,0,0,0,0,0.0,0.0,0,0,fhi:git
county,Trøndelag,2021-01-04,3,0,3,0,0.000640065542711574,0.0,3,3,fhi:git
county,Trøndelag,2021-01-05,407,0,410,0,0.0874756241705817,0.0,407,410,fhi:git
county,Trøndelag,2021-01-06,674,0,1084,0,0.231277016099782,0.0,674,1084,fhi:git
county,Trøndelag,2021-01-07,483,0,1567,0,0.334327568476345,0.0,483,1567,fhi:git
county,Trøndelag,2021-01-08,140,0,1707,0,0.364197293802885,0.0,140,1707,fhi:git
county,Trøndelag,2021-01-09,0,0,1707,0,0.364197293802885,0.0,0,1707,fhi:git
county,Trøndelag,2021-01-10,0,0,1707,0,0.364197293802885,0.0,0,1707,fhi:git
county,Trøndelag,2021-01-11,95,0,1802,0,0.384466035988752,0.0,95,1802,fhi:git
county,Trøndelag,2021-01-12,501,0,2303,0,0.49135698162158503,0.0,501,2303,fhi:git
county,Trøndelag,2021-01-13,857,0,3160,0,0.674202371656191,0.0,857,3160,fhi:git
county,Trøndelag,2021-01-14,670,0,3830,0,0.8171503428617759,0.0,670,3830,fhi:git
county,Trøndelag,2021-01-15,253,0,4083,0,0.871129203630452,0.0,253,4083,fhi:git
county,Trøndelag,2021-01-16,0,0,4083,0,0.871129203630452,0.0,0,4083,fhi:git
county,Trøndelag,2021-01-17,0,0,4083,0,0.871129203630452,0.0,0,4083,fhi:git
county,Trøndelag,2021-01-18,152,0,4235,0,0.903559191127838,0.0,152,4235,fhi:git
county,Trøndelag,2021-01-19,568,0,4803,0,1.02474493388123,0.0,568,4803,fhi:git
county,Trøndelag,2021-01-20,731,0,5534,0,1.18070757112195,0.0,731,5534,fhi:git
county,Trøndelag,2021-01-21,524,0,6058,0,1.2925056859155701,0.0,524,6058,fhi:git
county,Trøndelag,2021-01-22,281,0,6339,0,1.35245849174956,0.0,281,6339,fhi:git
county,Trøndelag,2021-01-23,1,0,6340,0,1.35267184693046,0.0,1,6340,fhi:git
county,Trøndelag,2021-01-24,0,0,6340,0,1.35267184693046,0.0,0,6340,fhi:git
county,Trøndelag,2021-01-25,1,0,6341,0,1.3528852021113602,0.0,1,6341,fhi:git
county,Trøndelag,2021-01-26,313,184,6654,184,1.41966537373427,0.0392573532863098,497,6838,fhi:git
county,Trøndelag,2021-01-27,963,590,7617,774,1.62512641294469,0.165136910019586,1553,8391,fhi:git
county,Trøndelag,2021-01-28,699,474,8316,1248,1.77426168439648,0.266267265768015,1173,9564,fhi:git
county,Trøndelag,2021-01-29,410,226,8726,1474,1.8617373085670599,0.31448553665228696,636,10200,fhi:git
county,Trøndelag,2021-01-30,0,0,8726,1474,1.8617373085670599,0.31448553665228696,0,10200,fhi:git
county,Trøndelag,2021-01-31,0,1,8726,1475,1.8617373085670599,0.31469889183319,1,10201,fhi:git
county,Trøndelag,2021-02-01,13,86,8739,1561,1.8645109259188102,0.333047437390922,99,10300,fhi:git
county,Trøndelag,2021-02-02,833,393,9572,1954,2.0422357916117297,0.4168960234861379,1226,11526,fhi:git
county,Trøndelag,2021-02-03,2017,805,11589,2759,2.47257319149481,0.5886469441137441,2822,14348,fhi:git
county,Trøndelag,2021-02-04,2073,594,13662,3353,2.9148584815085097,0.715379921570636,2667,17015,fhi:git
county,Trøndelag,2021-02-05,1267,319,14929,3672,3.18517949571369,0.7834402242789659,1586,18601,fhi:git
county,Trøndelag,2021-02-06,7,0,14936,3672,3.1866729819800197,0.7834402242789659,7,18608,fhi:git
county,Trøndelag,2021-02-07,1,0,14937,3672,3.18688633716093,0.7834402242789659,1,18609,fhi:git
county,Trøndelag,2021-02-08,3,150,14940,3822,3.18752640270364,0.815443501414545,153,18762,fhi:git
county,Trøndelag,2021-02-09,833,523,15773,4345,3.3652512683965496,0.927028261027263,1356,20118,fhi:git
county,Trøndelag,2021-02-10,2039,613,17812,4958,3.8002824822595205,1.05781498692133,2652,22770,fhi:git
county,Trøndelag,2021-02-11,2196,570,20008,5528,4.26881045952439,1.17942744003653,2766,25536,fhi:git
county,Trøndelag,2021-02-12,789,311,20797,5839,4.43714769725753,1.24578090129763,1100,26636,fhi:git
county,Trøndelag,2021-02-13,0,0,20797,5839,4.43714769725753,1.24578090129763,0,26636,fhi:git
county,Trøndelag,2021-02-14,0,0,20797,5839,4.43714769725753,1.24578090129763,0,26636,fhi:git
county,Trøndelag,2021-02-15,0,2,20797,5841,4.43714769725753,1.24620761165943,2,26638,fhi:git
county,Trøndelag,2021-02-16,306,210,21103,6051,4.50243438261411,1.2910121996492399,516,27154,fhi:git
county,Troms og Finnmark,2020-12-27,0,0,0,0,0.0,0.0,0,0,fhi:git
county,Troms og Finnmark,2020-12-28,1,0,1,0,0.00041099662571770297,0.0,1,1,fhi:git
county,Troms og Finnmark,2020-12-29,0,0,1,0,0.00041099662571770297,0.0,0,1,fhi:git
county,Troms og Finnmark,2020-12-30,0,0,1,0,0.00041099662571770297,0.0,0,1,fhi:git
county,Troms og Finnmark,2020-12-31,0,0,1,0,0.00041099662571770297,0.0,0,1,fhi:git
county,Troms og Finnmark,2021-01-01,0,0,1,0,0.00041099662571770297,0.0,0,1,fhi:git
county,Troms og Finnmark,2021-01-02,0,0,1,0,0.00041099662571770297,0.0,0,1,fhi:git
county,Troms og Finnmark,2021-01-03,0,0,1,0,0.00041099662571770297,0.0,0,1,fhi:git
county,Troms og Finnmark,2021-01-04,0,0,1,0,0.00041099662571770297,0.0,0,1,fhi:git
county,Troms og Finnmark,2021-01-05,53,0,54,0,0.022193817788756,0.0,53,54,fhi:git
county,Troms og Finnmark,2021-01-06,530,0,584,0,0.24002202941913797,0.0,530,584,fhi:git
county,Troms og Finnmark,2021-01-07,188,0,772,0,0.317289395054067,0.0,188,772,fhi:git
county,Troms og Finnmark,2021-01-08,247,0,1019,0,0.41880556160633897,0.0,247,1019,fhi:git
county,Troms og Finnmark,2021-01-09,0,0,1019,0,0.41880556160633897,0.0,0,1019,fhi:git
county,Troms og Finnmark,2021-01-10,0,0,1019,0,0.41880556160633897,0.0,0,1019,fhi:git
county,Troms og Finnmark,2021-01-11,1,0,1020,0,0.419216558232057,0.0,1,1020,fhi:git
county,Troms og Finnmark,2021-01-12,188,0,1208,0,0.496483923866985,0.0,188,1208,fhi:git
county,Troms og Finnmark,2021-01-13,569,0,1777,0,0.7303410039003579,0.0,569,1777,fhi:git
county,Troms og Finnmark,2021-01-14,329,0,2106,0,0.8655588937614821,0.0,329,2106,fhi:git
county,Troms og Finnmark,2021-01-15,37,0,2143,0,0.880765768913037,0.0,37,2143,fhi:git
county,Troms og Finnmark,2021-01-16,2,0,2145,0,0.8815877621644731,0.0,2,2145,fhi:git
county,Troms og Finnmark,2021-01-17,1,0,2146,0,0.88199875879019,0.0,1,2146,fhi:git
county,Troms og Finnmark,2021-01-18,0,1,2146,1,0.88199875879019,0.00041099662571770297,1,2147,fhi:git
county,Troms og Finnmark,2021-01-19,249,0,2395,1,0.9843369185938979,0.00041099662571770297,249,2396,fhi:git
county,Troms og Finnmark,2021-01-20,914,0,3309,1,1.3599878344998797,0.00041099662571770297,914,3310,fhi:git
county,Troms og Finnmark,2021-01-21,249,0,3558,1,1.46232599430359,0.00041099662571770297,249,3559,fhi:git
county,Troms og Finnmark,2021-01-22,81,0,3639,1,1.49561672098672,0.00041099662571770297,81,3640,fhi:git
county,Troms og Finnmark,2021-01-23,12,0,3651,1,1.50054868049533,0.00041099662571770297,12,3652,fhi:git
county,Troms og Finnmark,2021-01-24,0,0,3651,1,1.50054868049533,0.00041099662571770297,0,3652,fhi:git
county,Troms og Finnmark,2021-01-25,6,0,3657,1,1.5030146602496397,0.00041099662571770297,6,3658,fhi:git
county,Troms og Finnmark,2021-01-26,84,0,3741,1,1.53753837680993,0.00041099662571770297,84,3742,fhi:git
county,Troms og Finnmark,2021-01-27,674,357,4415,358,1.81455010254366,0.14713679200693802,1031,4773,fhi:git
county,Troms og Finnmark,2021-01-28,233,276,4648,634,1.91031231633588,0.260571860705024,509,5282,fhi:git
county,Troms og Finnmark,2021-01-29,103,243,4751,877,1.95264496878481,0.360444040754425,346,5628,fhi:git
county,Troms og Finnmark,2021-01-30,0,0,4751,877,1.95264496878481,0.360444040754425,0,5628,fhi:git
county,Troms og Finnmark,2021-01-31,0,0,4751,877,1.95264496878481,0.360444040754425,0,5628,fhi:git
county,Troms og Finnmark,2021-02-01,0,2,4751,879,1.95264496878481,0.36126603400586105,2,5630,fhi:git
county,Troms og Finnmark,2021-02-02,120,21,4871,900,2.00196456387093,0.369896963145933,141,5771,fhi:git
county,Troms og Finnmark,2021-02-03,1156,564,6027,1464,2.4770766632006,0.601699060050717,1720,7491,fhi:git
county,Troms og Finnmark,2021-02-04,1137,378,7164,1842,2.9443798266416206,0.757055784572009,1515,9006,fhi:git
county,Troms og Finnmark,2021-02-05,280,140,7444,1982,3.0594588818425796,0.814595312172487,420,9426,fhi:git
county,Troms og Finnmark,2021-02-06,1,1,7445,1983,3.0598698784682994,0.8150063087982049,2,9428,fhi:git
county,Troms og Finnmark,2021-02-07,0,1,7445,1984,3.0598698784682994,0.815417305423923,1,9429,fhi:git
county,Troms og Finnmark,2021-02-08,0,0,7445,1984,3.0598698784682994,0.815417305423923,0,9429,fhi:git
county,Troms og Finnmark,2021-02-09,71,26,7516,2010,3.08905063889425,0.8261032176925831,97,9526,fhi:git
county,Troms og Finnmark,2021-02-10,1402,803,8918,2813,3.6652679081504704,1.1561335081439,2205,11731,fhi:git
county,Troms og Finnmark,2021-02-11,965,463,9883,3276,4.06187965196806,1.34642494585119,1428,13159,fhi:git
county,Troms og Finnmark,2021-02-12,262,113,10145,3389,4.1695607679061,1.3928675645572999,375,13534,fhi:git
county,Troms og Finnmark,2021-02-13,5,2,10150,3391,4.17161575103468,1.39368955780873,7,13541,fhi:git
county,Troms og Finnmark,2021-02-14,0,0,10150,3391,4.17161575103468,1.39368955780873,0,13541,fhi:git
county,Troms og Finnmark,2021-02-15,1,6,10151,3397,4.1720267476604,1.39615553756304,7,13548,fhi:git
county,Troms og Finnmark,2021-02-16,130,52,10281,3449,4.2254563090037,1.4175273621003601,182,13730,fhi:git
nation,Norge,2020-12-27,5,0,5,0,9.31518486915891e-05,0.0,5,5,fhi:git
nation,Norge,2020-12-28,601,0,606,0,0.0112900040614206,0.0,601,606,fhi:git
nation,Norge,2020-12-29,1068,0,1674,0,0.031187238941944,0.0,1068,1674,fhi:git
nation,Norge,2020-12-30,424,0,2098,0,0.0390865157109908,0.0,424,2098,fhi:git
nation,Norge,2020-12-31,72,0,2170,0,0.0404279023321497,0.0,72,2170,fhi:git
nation,Norge,2021-01-01,6,0,2176,0,0.0405396845505796,0.0,6,2176,fhi:git
nation,Norge,2021-01-02,0,0,2176,0,0.0405396845505796,0.0,0,2176,fhi:git
nation,Norge,2021-01-03,3,0,2179,0,0.0405955756597945,0.0,3,2179,fhi:git
nation,Norge,2021-01-04,6,0,2185,0,0.0407073578782245,0.0,6,2185,fhi:git
nation,Norge,2021-01-05,3385,0,5570,0,0.10377115944242998,0.0,3385,5570,fhi:git
nation,Norge,2021-01-06,9059,0,14629,0,0.27254367890185105,0.0,9059,14629,fhi:git
nation,Norge,2021-01-07,6568,0,21197,0,0.39490794734312296,0.0,6568,21197,fhi:git
nation,Norge,2021-01-08,1613,0,22810,0,0.42495873373103,0.0,1613,22810,fhi:git
nation,Norge,2021-01-09,134,0,22944,0,0.427455203275964,0.0,134,22944,fhi:git
nation,Norge,2021-01-10,107,0,23051,0,0.429448652837964,0.0,107,23051,fhi:git
nation,Norge,2021-01-11,348,0,23399,0,0.435932021506899,0.0,348,23399,fhi:git
nation,Norge,2021-01-12,4261,0,27660,0,0.5153160269618711,0.0,4261,27660,fhi:git
nation,Norge,2021-01-13,9771,0,37431,0,0.697353369674975,0.0,9771,37431,fhi:git
nation,Norge,2021-01-14,8451,0,45882,0,0.8547986243334978,0.0,8451,45882,fhi:git
nation,Norge,2021-01-15,4466,0,50348,0,0.9380018555848258,0.0,4466,50348,fhi:git
nation,Norge,2021-01-16,741,0,51089,0,0.9518069595609191,0.0,741,51089,fhi:git
nation,Norge,2021-01-17,340,5,51429,5,0.958141285271948,9.31518486915891e-05,345,51434,fhi:git
nation,Norge,2021-01-18,1279,283,52708,288,0.981969528167256,0.005365546484635529,1562,52996,fhi:git
nation,Norge,2021-01-19,4554,767,57262,1055,1.06681223195556,0.0196550400739253,5321,58317,fhi:git
nation,Norge,2021-01-20,10029,692,67291,1747,1.25365621006114,0.0325472559328412,10721,69038,fhi:git
nation,Norge,2021-01-21,8409,168,75700,1915,1.4103189891906598,0.0356771580488786,8577,77615,fhi:git
nation,Norge,2021-01-22,3288,7,78988,1922,1.47157564489025,0.0358075706370469,3295,80910,fhi:git
nation,Norge,2021-01-23,353,0,79341,1922,1.4781521654078702,0.0358075706370469,353,81263,fhi:git
nation,Norge,2021-01-24,66,0,79407,1922,1.4793817698106,0.0358075706370469,66,81329,fhi:git
nation,Norge,2021-01-25,575,0,79982,1922,1.49009423241014,0.0358075706370469,575,81904,fhi:git
nation,Norge,2021-01-26,2247,2129,82229,4051,1.53195667321214,0.0754716278099255,4376,86280,fhi:git
nation,Norge,2021-01-27,11205,7448,93434,11499,1.7407099661299898,0.214230621620917,18653,104933,fhi:git
nation,Norge,2021-01-28,10767,6535,104201,18034,1.94130315710246,0.33598008786082395,17302,122235,fhi:git
nation,Norge,2021-01-29,3752,2084,107953,20118,2.01120430436062,0.37480577839547796,5836,128071,fhi:git
nation,Norge,2021-01-30,129,170,108082,20288,2.0136076220568704,0.37797294125099196,299,128370,fhi:git
nation,Norge,2021-01-31,80,50,108162,20338,2.01509805163593,0.37890445973790793,130,128500,fhi:git
nation,Norge,2021-02-01,178,298,108340,20636,2.01841425744935,0.38445630991992696,476,128976,fhi:git
nation,Norge,2021-02-02,6289,3127,114629,23763,2.13558065273363,0.442713476091647,9416,138392,fhi:git
nation,Norge,2021-02-03,24681,8226,139310,31989,2.5953968082450602,0.595966897559049,32907,171299,fhi:git
nation,Norge,2021-02-04,25617,8557,164927,40546,3.07265098983154,0.7553869714098349,34174,205473,fhi:git
nation,Norge,2021-02-05,10451,4815,175378,45361,3.2673569839667005,0.8450922016998349,15266,220739,fhi:git
nation,Norge,2021-02-06,778,732,176156,46093,3.28185141162312,0.8587296323482841,1510,222249,fhi:git
nation,Norge,2021-02-07,320,294,176476,46387,3.2878131299393796,0.8642069610513492,614,222863,fhi:git
nation,Norge,2021-02-08,120,921,176596,47308,3.29004877430798,0.8813655315803399,1041,223904,fhi:git
nation,Norge,2021-02-09,5422,3143,182018,50451,3.39106263902913,0.939920783667873,8565,232469,fhi:git
nation,Norge,2021-02-10,22379,8470,204397,58921,3.80799168340295,1.09772001535142,30849,263318,fhi:git
nation,Norge,2021-02-11,20239,8359,224636,67280,4.18505173653676,1.25345127599402,28598,291916,fhi:git
nation,Norge,2021-02-12,7831,3454,232467,70734,4.33094616195753,1.31780057307017,11285,303201,fhi:git
nation,Norge,2021-02-13,783,303,233250,71037,4.34553374146263,1.3234455751008798,1086,304287,fhi:git
nation,Norge,2021-02-14,110,1,233360,71038,4.34758308213385,1.32346420547062,111,304398,fhi:git
nation,Norge,2021-02-15,788,745,234148,71783,4.36226381348764,1.33734383092567,1533,305931,fhi:git
nation,Norge,2021-02-16,5414,1954,239562,73737,4.4631286352509,1.37374757339434,7368,313299,fhi:git
