granularity_geo,location_name,date,new_dose_1,new_dose_2,total_dose_1,total_dose_2,total_pr100_dose_1,total_pr100_dose_2,new_doses,total_doses,source
county,Oslo,2020-12-27,5,0,5,0,0.00072098677133472,0.0,5,5,fhi:git
county,Oslo,2020-12-28,264,0,269,0,0.0387890882978079,0.0,264,269,fhi:git
county,Oslo,2020-12-29,118,0,387,0,0.0558043761013073,0.0,118,387,fhi:git
county,Oslo,2020-12-30,58,0,445,0,0.06416782264879001,0.0,58,445,fhi:git
county,Oslo,2020-12-31,5,0,450,0,0.0648888094201248,0.0,5,450,fhi:git
county,Oslo,2021-01-01,6,0,456,0,0.0657539935457264,0.0,6,456,fhi:git
county,Oslo,2021-01-02,0,0,456,0,0.0657539935457264,0.0,0,456,fhi:git
county,Oslo,2021-01-03,0,0,456,0,0.0657539935457264,0.0,0,456,fhi:git
county,Oslo,2021-01-04,0,0,456,0,0.0657539935457264,0.0,0,456,fhi:git
county,Oslo,2021-01-05,480,0,936,0,0.13496872359386,0.0,480,936,fhi:git
county,Oslo,2021-01-06,605,0,1541,0,0.22220812292536102,0.0,605,1541,fhi:git
county,Oslo,2021-01-07,967,0,2508,0,0.36164696450149497,0.0,967,2508,fhi:git
county,Oslo,2021-01-08,449,0,2957,0,0.42639157656735294,0.0,449,2957,fhi:git
county,Oslo,2021-01-09,126,0,3083,0,0.44456044320498794,0.0,126,3083,fhi:git
county,Oslo,2021-01-10,100,0,3183,0,0.458980178631683,0.0,100,3183,fhi:git
county,Oslo,2021-01-11,76,0,3259,0,0.46993917755597,0.0,76,3259,fhi:git
county,Oslo,2021-01-12,241,0,3500,0,0.504690739934304,0.0,241,3500,fhi:git
county,Oslo,2021-01-13,489,0,3989,0,0.575203246170839,0.0,489,3989,fhi:git
county,Oslo,2021-01-14,1232,0,5221,0,0.7528543866277141,0.0,1232,5221,fhi:git
county,Oslo,2021-01-15,1640,0,6861,0,0.989338047625502,0.0,1640,6861,fhi:git
county,Oslo,2021-01-16,643,0,7504,0,1.08205694641915,0.0,643,7504,fhi:git
county,Oslo,2021-01-17,274,5,7778,5,1.12156702148829,0.00072098677133472,279,7783,fhi:git
county,Oslo,2021-01-18,760,231,8538,236,1.2311570107311698,0.0340305756069988,991,8774,fhi:git
county,Oslo,2021-01-19,809,69,9347,305,1.3478126703331201,0.0439801930514179,878,9652,fhi:git
county,Oslo,2021-01-20,991,99,10338,404,1.49071224841167,0.0582557311238453,1090,10742,fhi:git
county,Oslo,2021-01-21,1020,21,11358,425,1.6377935497639498,0.0612838755634512,1041,11783,fhi:git
county,Oslo,2021-01-22,669,6,12027,431,1.7342615797685301,0.0621490596890528,675,12458,fhi:git
county,Oslo,2021-01-23,232,0,12259,431,1.7677153659584701,0.0621490596890528,232,12690,fhi:git
county,Oslo,2021-01-24,67,0,12326,431,1.7773765886943502,0.0621490596890528,67,12757,fhi:git
county,Oslo,2021-01-25,258,0,12584,431,1.81457950609522,0.0621490596890528,258,13015,fhi:git
county,Oslo,2021-01-26,314,403,12898,834,1.85985747533504,0.12026059345863101,717,13732,fhi:git
county,Oslo,2021-01-27,1028,528,13926,1362,2.00809235552146,0.19639679651157801,1556,15288,fhi:git
county,Oslo,2021-01-28,871,842,14797,2204,2.13368825108797,0.31781096880434395,1713,17001,fhi:git
county,Oslo,2021-01-29,423,501,15220,2705,2.19468373194289,0.3900538432920829,924,17925,fhi:git
county,Oslo,2021-01-30,92,151,15312,2856,2.2079498885354503,0.4118276437863921,243,18168,fhi:git
county,Oslo,2021-01-31,60,45,15372,2901,2.21660172979146,0.41831652472840397,105,18273,fhi:git
county,Oslo,2021-02-01,52,46,15424,2947,2.2240999922133398,0.424949603024684,98,18371,fhi:git
county,Oslo,2021-02-02,1522,150,16946,3097,2.44356836540763,0.44657920616472496,1672,20043,fhi:git
county,Oslo,2021-02-03,2440,457,19386,3554,2.7954099098189698,0.512477397064719,2897,22940,fhi:git
county,Oslo,2021-02-04,2037,1228,21423,4782,3.0891399204607404,0.6895517481045259,3265,26205,fhi:git
county,Oslo,2021-02-05,1377,1569,22800,6351,3.28769967728632,0.915797396949361,2946,29151,fhi:git
county,Oslo,2021-02-06,241,631,23041,6982,3.32245123966466,1.0067859274918,872,30023,fhi:git
county,Oslo,2021-02-07,215,269,23256,7251,3.35345367083205,1.04557501578961,484,30507,fhi:git
county,Oslo,2021-02-08,45,443,23301,7694,3.35994255177406,1.1094544437298701,488,30995,fhi:git
county,Oslo,2021-02-09,1163,243,24464,7937,3.52764407478652,1.14449440081673,1406,32401,fhi:git
county,Oslo,2021-02-10,1834,808,26298,8745,3.79210202251209,1.2610058630644199,2642,35043,fhi:git
county,Oslo,2021-02-11,1586,742,27884,9487,4.02079902637946,1.3680002999305,2328,37371,fhi:git
county,Oslo,2021-02-12,1351,427,29235,9914,4.21560965199411,1.42957257020248,1778,39149,fhi:git
county,Oslo,2021-02-13,272,193,29507,10107,4.25483133235471,1.457402659576,465,39614,fhi:git
county,Oslo,2021-02-14,103,0,29610,10107,4.26968365984421,1.457402659576,103,39717,fhi:git
county,Oslo,2021-02-15,261,441,29871,10548,4.307319169307879,1.52099369280772,702,40419,fhi:git
county,Oslo,2021-02-16,706,745,30577,11293,4.40912250142034,1.6284207217366,1451,41870,fhi:git
county,Oslo,2021-02-17,1322,1043,31899,12336,4.59975140376124,1.77881856223702,2365,44235,fhi:git
county,Oslo,2021-02-18,992,858,32891,13194,4.74279517919405,1.90253989219806,1850,46085,fhi:git
county,Oslo,2021-02-19,1266,859,34157,14053,4.925349029696,2.02640541951336,2125,48210,fhi:git
county,Oslo,2021-02-20,97,96,34254,14149,4.939336173059901,2.0402483655229897,193,48403,fhi:git
county,Oslo,2021-02-21,4,60,34258,14209,4.93991296247696,2.04890020677901,64,48467,fhi:git
county,Rogaland,2020-12-27,0,0,0,0,0.0,0.0,0,0,fhi:git
county,Rogaland,2020-12-28,1,0,1,0,0.00020838021888258202,0.0,1,1,fhi:git
county,Rogaland,2020-12-29,0,0,1,0,0.00020838021888258202,0.0,0,1,fhi:git
county,Rogaland,2020-12-30,0,0,1,0,0.00020838021888258202,0.0,0,1,fhi:git
county,Rogaland,2020-12-31,0,0,1,0,0.00020838021888258202,0.0,0,1,fhi:git
county,Rogaland,2021-01-01,0,0,1,0,0.00020838021888258202,0.0,0,1,fhi:git
county,Rogaland,2021-01-02,0,0,1,0,0.00020838021888258202,0.0,0,1,fhi:git
county,Rogaland,2021-01-03,0,0,1,0,0.00020838021888258202,0.0,0,1,fhi:git
county,Rogaland,2021-01-04,0,0,1,0,0.00020838021888258202,0.0,0,1,fhi:git
county,Rogaland,2021-01-05,548,0,549,0,0.11440074016653698,0.0,548,549,fhi:git
county,Rogaland,2021-01-06,641,0,1190,0,0.24797246047027302,0.0,641,1190,fhi:git
county,Rogaland,2021-01-07,211,0,1401,0,0.291940686654497,0.0,211,1401,fhi:git
county,Rogaland,2021-01-08,20,0,1421,0,0.296108291032149,0.0,20,1421,fhi:git
county,Rogaland,2021-01-09,1,0,1422,0,0.296316671251032,0.0,1,1422,fhi:git
county,Rogaland,2021-01-10,0,0,1422,0,0.296316671251032,0.0,0,1422,fhi:git
county,Rogaland,2021-01-11,1,0,1423,0,0.29652505146991404,0.0,1,1423,fhi:git
county,Rogaland,2021-01-12,128,0,1551,0,0.32319771948688497,0.0,128,1551,fhi:git
county,Rogaland,2021-01-13,761,0,2312,0,0.481775066056529,0.0,761,2312,fhi:git
county,Rogaland,2021-01-14,525,0,2837,0,0.591174680969885,0.0,525,2837,fhi:git
county,Rogaland,2021-01-15,289,0,3126,0,0.651396564226951,0.0,289,3126,fhi:git
county,Rogaland,2021-01-16,0,0,3126,0,0.651396564226951,0.0,0,3126,fhi:git
county,Rogaland,2021-01-17,0,0,3126,0,0.651396564226951,0.0,0,3126,fhi:git
county,Rogaland,2021-01-18,71,0,3197,0,0.666191559767614,0.0,71,3197,fhi:git
county,Rogaland,2021-01-19,512,0,3709,0,0.772882231835496,0.0,512,3709,fhi:git
county,Rogaland,2021-01-20,656,0,4365,0,0.90957965542247,0.0,656,4365,fhi:git
county,Rogaland,2021-01-21,426,0,4791,0,0.9983496286664499,0.0,426,4791,fhi:git
county,Rogaland,2021-01-22,274,0,5065,0,1.05544580864028,0.0,274,5065,fhi:git
county,Rogaland,2021-01-23,0,0,5065,0,1.05544580864028,0.0,0,5065,fhi:git
county,Rogaland,2021-01-24,0,0,5065,0,1.05544580864028,0.0,0,5065,fhi:git
county,Rogaland,2021-01-25,149,0,5214,0,1.08649446125378,0.0,149,5214,fhi:git
county,Rogaland,2021-01-26,339,381,5553,381,1.15713535545498,0.0793928633942637,720,5934,fhi:git
county,Rogaland,2021-01-27,861,603,6414,984,1.3365507239128798,0.20504613538046104,1464,7398,fhi:git
county,Rogaland,2021-01-28,521,282,6935,1266,1.4451168179507101,0.26380935710534903,803,8201,fhi:git
county,Rogaland,2021-01-29,410,22,7345,1288,1.53055270769256,0.268393721920766,432,8633,fhi:git
county,Rogaland,2021-01-30,2,1,7347,1289,1.53096946813033,0.268602102139648,3,8636,fhi:git
county,Rogaland,2021-01-31,0,0,7347,1289,1.53096946813033,0.268602102139648,0,8636,fhi:git
county,Rogaland,2021-02-01,12,5,7359,1294,1.53347003075692,0.269644003234061,17,8653,fhi:git
county,Rogaland,2021-02-02,450,75,7809,1369,1.62724112925408,0.285272519650255,525,9178,fhi:git
county,Rogaland,2021-02-03,2402,646,10211,2015,2.12777041501004,0.41988614104840205,3048,12226,fhi:git
county,Rogaland,2021-02-04,1863,545,12074,2560,2.51598276278829,0.53345336033941,2408,14634,fhi:git
county,Rogaland,2021-02-05,657,279,12731,2839,2.6528885665941497,0.5915914414076501,936,15570,fhi:git
county,Rogaland,2021-02-06,0,0,12731,2839,2.6528885665941497,0.5915914414076501,0,15570,fhi:git
county,Rogaland,2021-02-07,0,0,12731,2839,2.6528885665941497,0.5915914414076501,0,15570,fhi:git
county,Rogaland,2021-02-08,7,71,12738,2910,2.6543472281263303,0.606386436948313,78,15648,fhi:git
county,Rogaland,2021-02-09,586,394,13324,3304,2.77645803639152,0.688488243188051,980,16628,fhi:git
county,Rogaland,2021-02-10,1910,680,15234,3984,3.1744642544572503,0.830186792028206,2590,19218,fhi:git
county,Rogaland,2021-02-11,1166,490,16400,4474,3.41743558967434,0.9322930992806708,1656,20874,fhi:git
county,Rogaland,2021-02-12,482,265,16882,4739,3.51787485517575,0.9875138572845559,747,21621,fhi:git
county,Rogaland,2021-02-13,0,0,16882,4739,3.51787485517575,0.9875138572845559,0,21621,fhi:git
county,Rogaland,2021-02-14,0,0,16882,4739,3.51787485517575,0.9875138572845559,0,21621,fhi:git
county,Rogaland,2021-02-15,0,146,16882,4885,3.51787485517575,1.01793736924141,146,21767,fhi:git
county,Rogaland,2021-02-16,461,315,17343,5200,3.61393813608062,1.0835771381894301,776,22543,fhi:git
county,Rogaland,2021-02-17,1466,777,18809,5977,3.91942353696248,1.2454885682611898,2243,24786,fhi:git
county,Rogaland,2021-02-18,1071,426,19880,6403,4.14259875138573,1.3342585415051698,1497,26283,fhi:git
county,Rogaland,2021-02-19,426,383,20306,6786,4.23136872462971,1.4140681653371998,809,27092,fhi:git
county,Rogaland,2021-02-20,1,0,20307,6786,4.23157710484859,1.4140681653371998,1,27093,fhi:git
county,Rogaland,2021-02-21,0,0,20307,6786,4.23157710484859,1.4140681653371998,0,27093,fhi:git
county,Møre og Romsdal,2020-12-27,0,0,0,0,0.0,0.0,0,0,fhi:git
county,Møre og Romsdal,2020-12-28,0,0,0,0,0.0,0.0,0,0,fhi:git
county,Møre og Romsdal,2020-12-29,0,0,0,0,0.0,0.0,0,0,fhi:git
county,Møre og Romsdal,2020-12-30,0,0,0,0,0.0,0.0,0,0,fhi:git
county,Møre og Romsdal,2020-12-31,0,0,0,0,0.0,0.0,0,0,fhi:git
county,Møre og Romsdal,2021-01-01,0,0,0,0,0.0,0.0,0,0,fhi:git
county,Møre og Romsdal,2021-01-02,0,0,0,0,0.0,0.0,0,0,fhi:git
county,Møre og Romsdal,2021-01-03,0,0,0,0,0.0,0.0,0,0,fhi:git
county,Møre og Romsdal,2021-01-04,0,0,0,0,0.0,0.0,0,0,fhi:git
county,Møre og Romsdal,2021-01-05,186,0,186,0,0.0701256984293352,0.0,186,186,fhi:git
county,Møre og Romsdal,2021-01-06,497,0,683,0,0.257504580791591,0.0,497,683,fhi:git
county,Møre og Romsdal,2021-01-07,457,0,1140,0,0.429802667792699,0.0,457,1140,fhi:git
county,Møre og Romsdal,2021-01-08,35,0,1175,0,0.442998363733703,0.0,35,1175,fhi:git
county,Møre og Romsdal,2021-01-09,1,0,1176,0,0.4433753836177321,0.0,1,1176,fhi:git
county,Møre og Romsdal,2021-01-10,0,0,1176,0,0.4433753836177321,0.0,0,1176,fhi:git
county,Møre og Romsdal,2021-01-11,1,0,1177,0,0.443752403501761,0.0,1,1177,fhi:git
county,Møre og Romsdal,2021-01-12,227,0,1404,0,0.529335917176272,0.0,227,1404,fhi:git
county,Møre og Romsdal,2021-01-13,387,0,1791,0,0.6752426122953721,0.0,387,1791,fhi:git
county,Møre og Romsdal,2021-01-14,410,0,2201,0,0.829820764747133,0.0,410,2201,fhi:git
county,Møre og Romsdal,2021-01-15,152,0,2353,0,0.8871277871194929,0.0,152,2353,fhi:git
county,Møre og Romsdal,2021-01-16,1,0,2354,0,0.887504807003522,0.0,1,2354,fhi:git
county,Møre og Romsdal,2021-01-17,1,0,2355,0,0.88788182688755,0.0,1,2355,fhi:git
county,Møre og Romsdal,2021-01-18,11,0,2366,0,0.892029045611866,0.0,11,2366,fhi:git
county,Møre og Romsdal,2021-01-19,203,0,2569,0,0.968564082069688,0.0,203,2569,fhi:git
county,Møre og Romsdal,2021-01-20,500,0,3069,0,1.15707402408403,0.0,500,3069,fhi:git
county,Møre og Romsdal,2021-01-21,801,0,3870,0,1.45906695119101,0.0,801,3870,fhi:git
county,Møre og Romsdal,2021-01-22,212,0,4082,0,1.5389951666050903,0.0,212,4082,fhi:git
county,Møre og Romsdal,2021-01-23,0,0,4082,0,1.5389951666050903,0.0,0,4082,fhi:git
county,Møre og Romsdal,2021-01-24,0,0,4082,0,1.5389951666050903,0.0,0,4082,fhi:git
county,Møre og Romsdal,2021-01-25,3,0,4085,0,1.5401262262571698,0.0,3,4085,fhi:git
county,Møre og Romsdal,2021-01-26,78,129,4163,129,1.5695337772114097,0.0486355650397002,207,4292,fhi:git
county,Møre og Romsdal,2021-01-27,539,359,4702,488,1.7727474947028703,0.183985703405998,898,5190,fhi:git
county,Møre og Romsdal,2021-01-28,487,509,5189,997,1.9563561782248402,0.37588882437659793,996,6186,fhi:git
county,Møre og Romsdal,2021-01-29,93,77,5282,1074,1.9914190274395098,0.404919355446806,170,6356,fhi:git
county,Møre og Romsdal,2021-01-30,0,1,5282,1075,1.9914190274395098,0.40529637533083496,1,6357,fhi:git
county,Møre og Romsdal,2021-01-31,0,0,5282,1075,1.9914190274395098,0.40529637533083496,0,6357,fhi:git
county,Møre og Romsdal,2021-02-01,0,0,5282,1075,1.9914190274395098,0.40529637533083496,0,6357,fhi:git
county,Møre og Romsdal,2021-02-02,279,195,5561,1270,2.09660757508351,0.47881525271642794,474,6831,fhi:git
county,Møre og Romsdal,2021-02-03,1039,312,6600,1582,2.48833123458931,0.5964454565333779,1351,8182,fhi:git
county,Møre og Romsdal,2021-02-04,1526,463,8126,2045,3.0636635776170804,0.7710056628386579,1989,10171,fhi:git
county,Møre og Romsdal,2021-02-05,203,156,8329,2201,3.1401986140749103,0.829820764747133,359,10530,fhi:git
county,Møre og Romsdal,2021-02-06,1,2,8330,2203,3.14057563395894,0.83057480451519,3,10533,fhi:git
county,Møre og Romsdal,2021-02-07,0,1,8330,2204,3.14057563395894,0.8309518243992191,1,10534,fhi:git
county,Møre og Romsdal,2021-02-08,0,2,8330,2206,3.14057563395894,0.8317058641672759,2,10536,fhi:git
county,Møre og Romsdal,2021-02-09,317,183,8647,2389,3.26009093719603,0.900700502944526,500,11036,fhi:git
county,Møre og Romsdal,2021-02-10,1161,435,9808,2824,3.69781102255333,1.064704152497,1596,12632,fhi:git
county,Møre og Romsdal,2021-02-11,1197,782,11005,3606,4.14910382373566,1.3595337018074298,1979,14611,fhi:git
county,Møre og Romsdal,2021-02-12,300,208,11305,3814,4.26220978894427,1.4379538376854,508,15119,fhi:git
county,Møre og Romsdal,2021-02-13,24,0,11329,3814,4.27125826616096,1.4379538376854,24,15143,fhi:git
county,Møre og Romsdal,2021-02-14,0,0,11329,3814,4.27125826616096,1.4379538376854,0,15143,fhi:git
county,Møre og Romsdal,2021-02-15,1,8,11330,3822,4.27163528604499,1.4409699967576297,9,15152,fhi:git
county,Møre og Romsdal,2021-02-16,342,58,11672,3880,4.4005760863828,1.46283715003129,400,15552,fhi:git
county,Møre og Romsdal,2021-02-17,1155,395,12827,4275,4.83603405243593,1.6117600042226201,1550,17102,fhi:git
county,Møre og Romsdal,2021-02-18,1151,504,13978,4779,5.269983938952941,1.80177802577308,1655,18757,fhi:git
county,Møre og Romsdal,2021-02-19,479,61,14457,4840,5.4505764634026805,1.82477623869883,540,19297,fhi:git
county,Møre og Romsdal,2021-02-20,9,0,14466,4840,5.453969642358941,1.82477623869883,9,19306,fhi:git
county,Møre og Romsdal,2021-02-21,0,0,14466,4840,5.453969642358941,1.82477623869883,0,19306,fhi:git
county,Nordland,2020-12-27,0,0,0,0,0.0,0.0,0,0,fhi:git
county,Nordland,2020-12-28,0,0,0,0,0.0,0.0,0,0,fhi:git
county,Nordland,2020-12-29,0,0,0,0,0.0,0.0,0,0,fhi:git
county,Nordland,2020-12-30,1,0,1,0,0.00041453354612722,0.0,1,1,fhi:git
county,Nordland,2020-12-31,0,0,1,0,0.00041453354612722,0.0,0,1,fhi:git
county,Nordland,2021-01-01,0,0,1,0,0.00041453354612722,0.0,0,1,fhi:git
county,Nordland,2021-01-02,0,0,1,0,0.00041453354612722,0.0,0,1,fhi:git
county,Nordland,2021-01-03,0,0,1,0,0.00041453354612722,0.0,0,1,fhi:git
county,Nordland,2021-01-04,0,0,1,0,0.00041453354612722,0.0,0,1,fhi:git
county,Nordland,2021-01-05,200,0,201,0,0.0833212427715713,0.0,200,201,fhi:git
county,Nordland,2021-01-06,686,0,887,0,0.367691255414845,0.0,686,887,fhi:git
county,Nordland,2021-01-07,238,0,1125,0,0.46635023939312303,0.0,238,1125,fhi:git
county,Nordland,2021-01-08,115,0,1240,0,0.514021597197753,0.0,115,1240,fhi:git
county,Nordland,2021-01-09,0,0,1240,0,0.514021597197753,0.0,0,1240,fhi:git
county,Nordland,2021-01-10,0,0,1240,0,0.514021597197753,0.0,0,1240,fhi:git
county,Nordland,2021-01-11,0,0,1240,0,0.514021597197753,0.0,0,1240,fhi:git
county,Nordland,2021-01-12,291,0,1531,0,0.6346508591207739,0.0,291,1531,fhi:git
county,Nordland,2021-01-13,626,0,2157,0,0.894148858996414,0.0,626,2157,fhi:git
county,Nordland,2021-01-14,273,0,2430,0,1.00731651708915,0.0,273,2430,fhi:git
county,Nordland,2021-01-15,69,0,2499,0,1.03591933177192,0.0,69,2499,fhi:git
county,Nordland,2021-01-16,0,0,2499,0,1.03591933177192,0.0,0,2499,fhi:git
county,Nordland,2021-01-17,1,0,2500,0,1.03633386531805,0.0,1,2500,fhi:git
county,Nordland,2021-01-18,0,0,2500,0,1.03633386531805,0.0,0,2500,fhi:git
county,Nordland,2021-01-19,313,0,2813,0,1.1660828652558701,0.0,313,2813,fhi:git
county,Nordland,2021-01-20,783,0,3596,0,1.4906626318734801,0.0,783,3596,fhi:git
county,Nordland,2021-01-21,611,0,4207,0,1.7439426285572202,0.0,611,4207,fhi:git
county,Nordland,2021-01-22,167,0,4374,0,1.81316973076046,0.0,167,4374,fhi:git
county,Nordland,2021-01-23,1,0,4375,0,1.81358426430659,0.0,1,4375,fhi:git
county,Nordland,2021-01-24,0,0,4375,0,1.81358426430659,0.0,0,4375,fhi:git
county,Nordland,2021-01-25,51,0,4426,0,1.83472547515908,0.0,51,4426,fhi:git
county,Nordland,2021-01-26,119,90,4545,90,1.8840549671482199,0.0373080191514498,209,4635,fhi:git
county,Nordland,2021-01-27,624,529,5169,619,2.1427238999316,0.256596265052749,1153,5788,fhi:git
county,Nordland,2021-01-28,471,365,5640,984,2.33796920015752,0.407901009389185,836,6624,fhi:git
county,Nordland,2021-01-29,212,145,5852,1129,2.42585031193649,0.46800837357763203,357,6981,fhi:git
county,Nordland,2021-01-30,0,0,5852,1129,2.42585031193649,0.46800837357763203,0,6981,fhi:git
county,Nordland,2021-01-31,0,0,5852,1129,2.42585031193649,0.46800837357763203,0,6981,fhi:git
county,Nordland,2021-02-01,9,4,5861,1133,2.4295811138516403,0.46966650776214103,13,6994,fhi:git
county,Nordland,2021-02-02,103,199,5964,1332,2.47227806910274,0.552158683441458,302,7296,fhi:git
county,Nordland,2021-02-03,1385,446,7349,1778,3.0464070304889397,0.737040645014198,1831,9127,fhi:git
county,Nordland,2021-02-04,1664,347,9013,2125,3.7361908512446402,0.8808837855203431,2011,11138,fhi:git
county,Nordland,2021-02-05,328,125,9341,2250,3.87215785437437,0.9327004787862461,453,11591,fhi:git
county,Nordland,2021-02-06,0,0,9341,2250,3.87215785437437,0.9327004787862461,0,11591,fhi:git
county,Nordland,2021-02-07,1,0,9342,2250,3.8725723879204903,0.9327004787862461,1,11592,fhi:git
county,Nordland,2021-02-08,6,1,9348,2251,3.8750595891972597,0.9331150123323729,7,11599,fhi:git
county,Nordland,2021-02-09,69,262,9417,2513,3.90366240388003,1.0417228014176998,331,11930,fhi:git
county,Nordland,2021-02-10,1991,589,11408,3102,4.72899869421933,1.2858830600866398,2580,14510,fhi:git
county,Nordland,2021-02-11,1195,560,12603,3662,5.224366281841361,1.51802184591788,1755,16265,fhi:git
county,Nordland,2021-02-12,277,229,12880,3891,5.3391920741186,1.61295002798101,506,16771,fhi:git
county,Nordland,2021-02-13,52,3,12932,3894,5.3607478185172095,1.6141936286193999,55,16826,fhi:git
county,Nordland,2021-02-14,0,0,12932,3894,5.3607478185172095,1.6141936286193999,0,16826,fhi:git
county,Nordland,2021-02-15,0,1,12932,3895,5.3607478185172095,1.61460816216552,1,16827,fhi:git
county,Nordland,2021-02-16,219,70,13151,3965,5.45153066511907,1.64362551039443,289,17116,fhi:git
county,Nordland,2021-02-17,1462,501,14613,4466,6.05757870955707,1.8513068170041698,1963,19079,fhi:git
county,Nordland,2021-02-18,836,594,15449,5060,6.404128754119429,2.0975397434037397,1430,20509,fhi:git
county,Nordland,2021-02-19,302,202,15751,5262,6.52931788504985,2.1812755197214297,504,21013,fhi:git
county,Nordland,2021-02-20,0,0,15751,5262,6.52931788504985,2.1812755197214297,0,21013,fhi:git
county,Nordland,2021-02-21,0,0,15751,5262,6.52931788504985,2.1812755197214297,0,21013,fhi:git
county,Viken,2020-12-27,0,0,0,0,0.0,0.0,0,0,fhi:git
county,Viken,2020-12-28,65,0,65,0,0.00523701522360041,0.0,65,65,fhi:git
county,Viken,2020-12-29,689,0,754,0,0.0607493765937647,0.0,689,754,fhi:git
county,Viken,2020-12-30,216,0,970,0,0.0781523810291138,0.0,216,970,fhi:git
county,Viken,2020-12-31,67,0,1037,0,0.0835505351826711,0.0,67,1037,fhi:git
county,Viken,2021-01-01,0,0,1037,0,0.0835505351826711,0.0,0,1037,fhi:git
county,Viken,2021-01-02,0,0,1037,0,0.0835505351826711,0.0,0,1037,fhi:git
county,Viken,2021-01-03,0,0,1037,0,0.0835505351826711,0.0,0,1037,fhi:git
county,Viken,2021-01-04,0,0,1037,0,0.0835505351826711,0.0,0,1037,fhi:git
county,Viken,2021-01-05,524,0,1561,0,0.12576893483138799,0.0,524,1561,fhi:git
county,Viken,2021-01-06,1645,0,3206,0,0.25830570472096803,0.0,1645,3206,fhi:git
county,Viken,2021-01-07,1916,0,5122,0,0.412676799619712,0.0,1916,5122,fhi:git
county,Viken,2021-01-08,280,0,5402,0,0.435236249813683,0.0,280,5402,fhi:git
county,Viken,2021-01-09,6,0,5408,0,0.435719666603554,0.0,6,5408,fhi:git
county,Viken,2021-01-10,5,0,5413,0,0.43612251392844603,0.0,5,5413,fhi:git
county,Viken,2021-01-11,56,0,5469,0,0.44063440396724,0.0,56,5469,fhi:git
county,Viken,2021-01-12,787,0,6256,0,0.504042572905295,0.0,787,6256,fhi:git
county,Viken,2021-01-13,1940,0,8196,0,0.6603473349635219,0.0,1940,8196,fhi:git
county,Viken,2021-01-14,1952,0,10148,0,0.817618930601491,0.0,1952,10148,fhi:git
county,Viken,2021-01-15,1042,0,11190,0,0.9015723131090551,0.0,1042,11190,fhi:git
county,Viken,2021-01-16,87,0,11277,0,0.908581856562182,0.0,87,11277,fhi:git
county,Viken,2021-01-17,22,0,11299,0,0.9103543847917079,0.0,22,11299,fhi:git
county,Viken,2021-01-18,141,51,11440,51,0.921714679353672,0.00410904271390186,192,11491,fhi:git
county,Viken,2021-01-19,643,384,12083,435,0.973520845334827,0.0350477172656335,1027,12518,fhi:git
county,Viken,2021-01-20,1489,342,13572,777,1.09348877868777,0.0626024742882695,1831,14349,fhi:git
county,Viken,2021-01-21,1997,99,15569,876,1.25438600024977,0.0705788513211378,2096,16445,fhi:git
county,Viken,2021-01-22,814,1,16383,877,1.31996954474224,0.0706594207861163,815,17260,fhi:git
county,Viken,2021-01-23,97,0,16480,877,1.32778478284515,0.0706594207861163,97,17357,fhi:git
county,Viken,2021-01-24,0,0,16480,877,1.32778478284515,0.0706594207861163,0,17357,fhi:git
county,Viken,2021-01-25,59,0,16539,877,1.33253838127888,0.0706594207861163,59,17416,fhi:git
county,Viken,2021-01-26,559,391,17098,1268,1.37757671220184,0.102162081592697,950,18366,fhi:git
county,Viken,2021-01-27,1932,1145,19030,2413,1.53323691854024,0.194414118993043,3077,21443,fhi:git
county,Viken,2021-01-28,3100,1704,22130,4117,1.78300225997349,0.331704487316352,4804,26247,fhi:git
county,Viken,2021-01-29,1029,420,23159,4537,1.86590823943634,0.3655436626073089,1449,27696,fhi:git
county,Viken,2021-01-30,4,17,23163,4554,1.86623051729625,0.36691334351194205,21,27717,fhi:git
county,Viken,2021-01-31,0,3,23163,4557,1.86623051729625,0.36715505190687797,3,27720,fhi:git
county,Viken,2021-02-01,24,45,23187,4602,1.86816418445573,0.37078067783090896,69,27789,fhi:git
county,Viken,2021-02-02,1014,685,24201,5287,1.9498616219439,0.42597076134115897,1699,29488,fhi:git
county,Viken,2021-02-03,4717,1708,28918,6995,2.32990778824733,0.5635834075243821,6425,35913,fhi:git
county,Viken,2021-02-04,6621,1751,35539,8746,2.86335821586977,0.70466054070168,8372,44285,fhi:git
county,Viken,2021-02-05,3127,1090,38666,9836,3.1152989328574403,0.7924812575282091,4217,48502,fhi:git
county,Viken,2021-02-06,37,87,38703,9923,3.11828000306164,0.799490800981336,124,48626,fhi:git
county,Viken,2021-02-07,15,19,38718,9942,3.11948854503632,0.801021620815927,34,48660,fhi:git
county,Viken,2021-02-08,17,95,38735,10037,3.12085822594095,0.8086757199888821,112,48772,fhi:git
county,Viken,2021-02-09,784,564,39519,10601,3.18402468648407,0.8541168982367371,1348,50120,fhi:git
county,Viken,2021-02-10,3420,1326,42939,11927,3.4595722567104303,0.9609520087981859,4746,54866,fhi:git
county,Viken,2021-02-11,4808,1893,47747,13820,3.8469502443268997,1.1134700060024298,6701,61567,fhi:git
county,Viken,2021-02-12,2409,958,50156,14778,4.04104208546003,1.1906555534518,3367,64934,fhi:git
county,Viken,2021-02-13,21,96,50177,14874,4.04273404422458,1.19839022208973,117,65051,fhi:git
county,Viken,2021-02-14,6,0,50183,14874,4.04321746101445,1.19839022208973,6,65057,fhi:git
county,Viken,2021-02-15,354,123,50537,14997,4.07173905161683,1.20830026628208,477,65534,fhi:git
county,Viken,2021-02-16,1355,315,51892,15312,4.18091067666265,1.2336796477503,1670,67204,fhi:git
county,Viken,2021-02-17,4278,1642,56170,16954,4.52558684784054,1.36597470924494,5920,73124,fhi:git
county,Viken,2021-02-18,4748,2675,60918,19629,4.9081306675583,1.58149802806234,7423,80547,fhi:git
county,Viken,2021-02-19,3626,1114,64544,20743,5.2002755475702305,1.67125241204836,4740,85287,fhi:git
county,Viken,2021-02-20,22,0,64566,20743,5.20204807579975,1.67125241204836,22,85309,fhi:git
county,Viken,2021-02-21,0,0,64566,20743,5.20204807579975,1.67125241204836,0,85309,fhi:git
county,Innlandet,2020-12-27,0,0,0,0,0.0,0.0,0,0,fhi:git
county,Innlandet,2020-12-28,271,0,271,0,0.07297009841539098,0.0,271,271,fhi:git
county,Innlandet,2020-12-29,260,0,531,0,0.142978310917242,0.0,260,531,fhi:git
county,Innlandet,2020-12-30,149,0,680,0,0.18309840192791801,0.0,149,680,fhi:git
county,Innlandet,2020-12-31,0,0,680,0,0.18309840192791801,0.0,0,680,fhi:git
county,Innlandet,2021-01-01,0,0,680,0,0.18309840192791801,0.0,0,680,fhi:git
county,Innlandet,2021-01-02,0,0,680,0,0.18309840192791801,0.0,0,680,fhi:git
county,Innlandet,2021-01-03,0,0,680,0,0.18309840192791801,0.0,0,680,fhi:git
county,Innlandet,2021-01-04,0,0,680,0,0.18309840192791801,0.0,0,680,fhi:git
county,Innlandet,2021-01-05,271,0,951,0,0.25606850034331,0.0,271,951,fhi:git
county,Innlandet,2021-01-06,703,0,1654,0,0.445359936454084,0.0,703,1654,fhi:git
county,Innlandet,2021-01-07,719,0,2373,0,0.63895957025728,0.0,719,2373,fhi:git
county,Innlandet,2021-01-08,76,0,2449,0,0.659423509296283,0.0,76,2449,fhi:git
county,Innlandet,2021-01-09,0,0,2449,0,0.659423509296283,0.0,0,2449,fhi:git
county,Innlandet,2021-01-10,0,0,2449,0,0.659423509296283,0.0,0,2449,fhi:git
county,Innlandet,2021-01-11,50,0,2499,0,0.6728866270850999,0.0,50,2499,fhi:git
county,Innlandet,2021-01-12,403,0,2902,0,0.7813993564629699,0.0,403,2902,fhi:git
county,Innlandet,2021-01-13,994,0,3896,0,1.04904613810466,0.0,994,3896,fhi:git
county,Innlandet,2021-01-14,958,0,4854,0,1.30699947493841,0.0,958,4854,fhi:git
county,Innlandet,2021-01-15,279,0,5133,0,1.38212367220001,0.0,279,5133,fhi:git
county,Innlandet,2021-01-16,4,0,5137,0,1.3832007216231101,0.0,4,5137,fhi:git
county,Innlandet,2021-01-17,0,0,5137,0,1.3832007216231101,0.0,0,5137,fhi:git
county,Innlandet,2021-01-18,62,0,5199,0,1.3998949876812499,0.0,62,5199,fhi:git
county,Innlandet,2021-01-19,332,318,5531,318,1.489290089799,0.0856254291368795,650,5849,fhi:git
county,Innlandet,2021-01-20,666,252,6197,570,1.66861881874605,0.15347954279252,918,6767,fhi:git
county,Innlandet,2021-01-21,832,48,7029,618,1.8926450987519698,0.166404135869785,880,7647,fhi:git
county,Innlandet,2021-01-22,238,0,7267,618,1.95672953942674,0.166404135869785,238,7885,fhi:git
county,Innlandet,2021-01-23,5,0,7272,618,1.9580758512056202,0.166404135869785,5,7890,fhi:git
county,Innlandet,2021-01-24,0,0,7272,618,1.9580758512056202,0.166404135869785,0,7890,fhi:git
county,Innlandet,2021-01-25,1,0,7273,618,1.9583451135613998,0.166404135869785,1,7891,fhi:git
county,Innlandet,2021-01-26,148,131,7421,749,1.9981959422163,0.201677504476487,279,8170,fhi:git
county,Innlandet,2021-01-27,932,603,8353,1352,2.2491484577998597,0.364042705009626,1535,9705,fhi:git
county,Innlandet,2021-01-28,899,707,9252,2059,2.4912153156428,0.554411190543506,1606,11311,fhi:git
county,Innlandet,2021-01-29,319,132,9571,2191,2.5771100071354502,0.589953821505984,451,11762,fhi:git
county,Innlandet,2021-01-30,1,0,9572,2191,2.57737926949123,0.589953821505984,1,11763,fhi:git
county,Innlandet,2021-01-31,0,0,9572,2191,2.57737926949123,0.589953821505984,0,11763,fhi:git
county,Innlandet,2021-02-01,9,49,9581,2240,2.5798026306932202,0.6031476769390259,58,11821,fhi:git
county,Innlandet,2021-02-02,606,341,10187,2581,2.7429756182936798,0.694966140258761,947,12768,fhi:git
county,Innlandet,2021-02-03,2293,872,12480,3453,3.3603942000888596,0.929762914495739,3165,15933,fhi:git
county,Innlandet,2021-02-04,2639,994,15119,4447,4.07097755698265,1.1974096961374299,3633,19566,fhi:git
county,Innlandet,2021-02-05,807,269,15926,4716,4.28827227809416,1.26984126984127,1076,20642,fhi:git
county,Innlandet,2021-02-06,7,4,15933,4720,4.2901571145846,1.2709183192643798,11,20653,fhi:git
county,Innlandet,2021-02-07,0,0,15933,4720,4.2901571145846,1.2709183192643798,0,20653,fhi:git
county,Innlandet,2021-02-08,2,62,15935,4782,4.29069563929615,1.28761258532251,64,20717,fhi:git
county,Innlandet,2021-02-09,256,268,16191,5050,4.35962680237489,1.35977489667057,524,21241,fhi:git
county,Innlandet,2021-02-10,2068,573,18259,5623,4.91646135412039,1.51406222653042,2641,23882,fhi:git
county,Innlandet,2021-02-11,2214,844,20473,6467,5.512608209809231,1.74131965480566,3058,26940,fhi:git
county,Innlandet,2021-02-12,430,279,20903,6746,5.62839102279306,1.8164438520672601,709,27649,fhi:git
county,Innlandet,2021-02-13,0,5,20903,6751,5.62839102279306,1.81779016384614,5,27654,fhi:git
county,Innlandet,2021-02-14,1,0,20904,6751,5.62866028514884,1.81779016384614,1,27655,fhi:git
county,Innlandet,2021-02-15,87,14,20991,6765,5.65208611010138,1.8215598368270098,101,27756,fhi:git
county,Innlandet,2021-02-16,518,91,21509,6856,5.79156401039353,1.84606271120266,609,28365,fhi:git
county,Innlandet,2021-02-17,1500,759,23009,7615,6.1954575440580495,2.05043283923691,2259,30624,fhi:git
county,Innlandet,2021-02-18,1420,829,24429,8444,6.57781008926047,2.2736513321755094,2249,32873,fhi:git
county,Innlandet,2021-02-19,533,291,24962,8735,6.72132692488927,2.3520066777064197,824,33697,fhi:git
county,Innlandet,2021-02-20,0,0,24962,8735,6.72132692488927,2.3520066777064197,0,33697,fhi:git
county,Innlandet,2021-02-21,0,0,24962,8735,6.72132692488927,2.3520066777064197,0,33697,fhi:git
county,Vestfold og Telemark,2020-12-27,0,0,0,0,0.0,0.0,0,0,fhi:git
county,Vestfold og Telemark,2020-12-28,0,0,0,0,0.0,0.0,0,0,fhi:git
county,Vestfold og Telemark,2020-12-29,0,0,0,0,0.0,0.0,0,0,fhi:git
county,Vestfold og Telemark,2020-12-30,0,0,0,0,0.0,0.0,0,0,fhi:git
county,Vestfold og Telemark,2020-12-31,0,0,0,0,0.0,0.0,0,0,fhi:git
county,Vestfold og Telemark,2021-01-01,0,0,0,0,0.0,0.0,0,0,fhi:git
county,Vestfold og Telemark,2021-01-02,0,0,0,0,0.0,0.0,0,0,fhi:git
county,Vestfold og Telemark,2021-01-03,0,0,0,0,0.0,0.0,0,0,fhi:git
county,Vestfold og Telemark,2021-01-04,1,0,1,0,0.00023843813484153399,0.0,1,1,fhi:git
county,Vestfold og Telemark,2021-01-05,218,0,219,0,0.052217951530296,0.0,218,219,fhi:git
county,Vestfold og Telemark,2021-01-06,1026,0,1245,0,0.29685547787771,0.0,1026,1245,fhi:git
county,Vestfold og Telemark,2021-01-07,442,0,1687,0,0.40224513347766794,0.0,442,1687,fhi:git
county,Vestfold og Telemark,2021-01-08,64,0,1751,0,0.417505174107526,0.0,64,1751,fhi:git
county,Vestfold og Telemark,2021-01-09,0,0,1751,0,0.417505174107526,0.0,0,1751,fhi:git
county,Vestfold og Telemark,2021-01-10,2,0,1753,0,0.417982050377209,0.0,2,1753,fhi:git
county,Vestfold og Telemark,2021-01-11,2,0,1755,0,0.41845892664689205,0.0,2,1755,fhi:git
county,Vestfold og Telemark,2021-01-12,418,0,2173,0,0.518126067010654,0.0,418,2173,fhi:git
county,Vestfold og Telemark,2021-01-13,1166,0,3339,0,0.7961449322358821,0.0,1166,3339,fhi:git
county,Vestfold og Telemark,2021-01-14,582,0,3921,0,0.934915926713655,0.0,582,3921,fhi:git
county,Vestfold og Telemark,2021-01-15,157,0,4078,0,0.9723507138837759,0.0,157,4078,fhi:git
county,Vestfold og Telemark,2021-01-16,3,0,4081,0,0.9730660282883,0.0,3,4081,fhi:git
county,Vestfold og Telemark,2021-01-17,41,0,4122,0,0.9828419918168029,0.0,41,4122,fhi:git
county,Vestfold og Telemark,2021-01-18,7,0,4129,0,0.9845110587606941,0.0,7,4129,fhi:git
county,Vestfold og Telemark,2021-01-19,232,0,4361,0,1.03982870604393,0.0,232,4361,fhi:git
county,Vestfold og Telemark,2021-01-20,1606,0,5967,0,1.42276035059943,0.0,1606,5967,fhi:git
county,Vestfold og Telemark,2021-01-21,829,0,6796,0,1.62042556438307,0.0,829,6796,fhi:git
county,Vestfold og Telemark,2021-01-22,179,0,6975,0,1.6631059905197,0.0,179,6975,fhi:git
county,Vestfold og Telemark,2021-01-23,3,0,6978,0,1.6638213049242199,0.0,3,6978,fhi:git
county,Vestfold og Telemark,2021-01-24,0,0,6978,0,1.6638213049242199,0.0,0,6978,fhi:git
county,Vestfold og Telemark,2021-01-25,44,0,7022,0,1.67431258285725,0.0,44,7022,fhi:git
county,Vestfold og Telemark,2021-01-26,103,178,7125,178,1.6988717107459301,0.0424419880017931,281,7303,fhi:git
county,Vestfold og Telemark,2021-01-27,1623,898,8748,1076,2.0858568035937397,0.25655943308949103,2521,9824,fhi:git
county,Vestfold og Telemark,2021-01-28,652,449,9400,1525,2.24131846751042,0.363618155633339,1101,10925,fhi:git
county,Vestfold og Telemark,2021-01-29,87,91,9487,1616,2.2620625852416296,0.38531602590391906,178,11103,fhi:git
county,Vestfold og Telemark,2021-01-30,0,0,9487,1616,2.2620625852416296,0.38531602590391906,0,11103,fhi:git
county,Vestfold og Telemark,2021-01-31,0,1,9487,1617,2.2620625852416296,0.385554464038761,1,11104,fhi:git
county,Vestfold og Telemark,2021-02-01,49,0,9536,1617,2.2737460538488703,0.385554464038761,49,11153,fhi:git
county,Vestfold og Telemark,2021-02-02,462,327,9998,1944,2.38390447214566,0.46352373413194203,789,11942,fhi:git
county,Vestfold og Telemark,2021-02-03,3208,847,13206,2791,3.1488140087172996,0.6654808343427221,4055,15997,fhi:git
county,Vestfold og Telemark,2021-02-04,1895,708,15101,3499,3.6006542742420096,0.8342950338105279,2603,18600,fhi:git
county,Vestfold og Telemark,2021-02-05,951,244,16052,3743,3.8274089404762996,0.8924739387118621,1195,19795,fhi:git
county,Vestfold og Telemark,2021-02-06,0,4,16052,3747,3.8274089404762996,0.893427691251228,4,19799,fhi:git
county,Vestfold og Telemark,2021-02-07,2,1,16054,3748,3.8278858167459906,0.8936661293860699,3,19802,fhi:git
county,Vestfold og Telemark,2021-02-08,17,46,16071,3794,3.83193926503829,0.9046342835887801,63,19865,fhi:git
county,Vestfold og Telemark,2021-02-09,352,207,16423,4001,3.9158694885025094,0.9539909775009779,559,20424,fhi:git
county,Vestfold og Telemark,2021-02-10,2877,1395,19300,5396,4.60185600244161,1.28661217560492,4272,24696,fhi:git
county,Vestfold og Telemark,2021-02-11,1524,874,20824,6270,4.96523571994011,1.4950071054564198,2398,27094,fhi:git
county,Vestfold og Telemark,2021-02-12,603,213,21427,6483,5.10901391524955,1.5457944281776699,816,27910,fhi:git
county,Vestfold og Telemark,2021-02-13,2,2,21429,6485,5.109490791519231,1.5462713044473502,4,27914,fhi:git
county,Vestfold og Telemark,2021-02-14,0,0,21429,6485,5.109490791519231,1.5462713044473502,0,27914,fhi:git
county,Vestfold og Telemark,2021-02-15,4,2,21433,6487,5.110444544058599,1.5467481807170302,6,27920,fhi:git
county,Vestfold og Telemark,2021-02-16,571,70,22004,6557,5.24659271905312,1.56343885015594,641,28561,fhi:git
county,Vestfold og Telemark,2021-02-17,2997,1505,25001,8062,5.961191809173191,1.92228824309245,4502,33063,fhi:git
county,Vestfold og Telemark,2021-02-18,1712,590,26713,8652,6.3693978960219,2.0629667426489497,2302,35365,fhi:git
county,Vestfold og Telemark,2021-02-19,266,73,26979,8725,6.43282243988975,2.0803727264923797,339,35704,fhi:git
county,Vestfold og Telemark,2021-02-20,0,1,26979,8726,6.43282243988975,2.08061116462723,1,35705,fhi:git
county,Vestfold og Telemark,2021-02-21,0,0,26979,8726,6.43282243988975,2.08061116462723,0,35705,fhi:git
county,Agder,2020-12-27,0,0,0,0,0.0,0.0,0,0,fhi:git
county,Agder,2020-12-28,0,0,0,0,0.0,0.0,0,0,fhi:git
county,Agder,2020-12-29,0,0,0,0,0.0,0.0,0,0,fhi:git
county,Agder,2020-12-30,0,0,0,0,0.0,0.0,0,0,fhi:git
county,Agder,2020-12-31,0,0,0,0,0.0,0.0,0,0,fhi:git
county,Agder,2021-01-01,0,0,0,0,0.0,0.0,0,0,fhi:git
county,Agder,2021-01-02,0,0,0,0,0.0,0.0,0,0,fhi:git
county,Agder,2021-01-03,3,0,3,0,0.000976463963597423,0.0,3,3,fhi:git
county,Agder,2021-01-04,0,0,3,0,0.000976463963597423,0.0,0,3,fhi:git
county,Agder,2021-01-05,79,0,82,0,0.0266900150049962,0.0,79,82,fhi:git
county,Agder,2021-01-06,791,0,873,0,0.28415101340685,0.0,791,873,fhi:git
county,Agder,2021-01-07,230,0,1103,0,0.359013250615986,0.0,230,1103,fhi:git
county,Agder,2021-01-08,49,0,1152,0,0.37496216202141097,0.0,49,1152,fhi:git
county,Agder,2021-01-09,0,0,1152,0,0.37496216202141097,0.0,0,1152,fhi:git
county,Agder,2021-01-10,0,0,1152,0,0.37496216202141097,0.0,0,1152,fhi:git
county,Agder,2021-01-11,0,0,1152,0,0.37496216202141097,0.0,0,1152,fhi:git
county,Agder,2021-01-12,225,0,1377,0,0.44819695929121706,0.0,225,1377,fhi:git
county,Agder,2021-01-13,851,0,2228,0,0.72518723696502,0.0,851,2228,fhi:git
county,Agder,2021-01-14,515,0,2743,0,0.892813550715911,0.0,515,2743,fhi:git
county,Agder,2021-01-15,118,0,2861,0,0.9312211332840759,0.0,118,2861,fhi:git
county,Agder,2021-01-16,0,0,2861,0,0.9312211332840759,0.0,0,2861,fhi:git
county,Agder,2021-01-17,2,0,2863,0,0.9318721092598079,0.0,2,2863,fhi:git
county,Agder,2021-01-18,15,0,2878,0,0.936754429077795,0.0,15,2878,fhi:git
county,Agder,2021-01-19,347,0,3225,0,1.04969876086723,0.0,347,3225,fhi:git
county,Agder,2021-01-20,459,0,3684,0,1.1990977472976398,0.0,459,3684,fhi:git
county,Agder,2021-01-21,342,0,4026,0,1.31041463914774,0.0,342,4026,fhi:git
county,Agder,2021-01-22,61,0,4087,0,1.3302694064075602,0.0,61,4087,fhi:git
county,Agder,2021-01-23,1,0,4088,0,1.33059489439542,0.0,1,4088,fhi:git
county,Agder,2021-01-24,0,0,4088,0,1.33059489439542,0.0,0,4088,fhi:git
county,Agder,2021-01-25,1,0,4089,0,1.33092038238329,0.0,1,4089,fhi:git
county,Agder,2021-01-26,62,66,4151,66,1.35110063763097,0.0214822071991433,128,4217,fhi:git
county,Agder,2021-01-27,563,681,4714,747,1.53435037479942,0.243139526935758,1244,5461,fhi:git
county,Agder,2021-01-28,961,248,5675,995,1.84714433113846,0.323860547926479,1209,6670,fhi:git
county,Agder,2021-01-29,205,61,5880,1056,1.9138693686509498,0.34371531518629306,266,6936,fhi:git
county,Agder,2021-01-30,29,0,5909,1056,1.92330852029906,0.34371531518629306,29,6965,fhi:git
county,Agder,2021-01-31,20,0,5929,1056,1.9298182800563701,0.34371531518629306,20,6985,fhi:git
county,Agder,2021-02-01,0,1,5929,1057,1.9298182800563701,0.344040803174159,1,6986,fhi:git
county,Agder,2021-02-02,202,170,6131,1227,1.9955668536052702,0.39937376111134604,372,7358,fhi:git
county,Agder,2021-02-03,1323,592,7454,1819,2.42618746155173,0.592062649927905,1915,9273,fhi:git
county,Agder,2021-02-04,1702,499,9156,2318,2.9801680168993396,0.754481155872943,2201,11474,fhi:git
county,Agder,2021-02-05,617,133,9773,2451,3.1809941054125397,0.797771058259095,750,12224,fhi:git
county,Agder,2021-02-06,507,1,10280,2452,3.3460165152604997,0.7980965462469609,508,12732,fhi:git
county,Agder,2021-02-07,83,2,10363,2454,3.3730320182533697,0.7987475222226921,85,12817,fhi:git
county,Agder,2021-02-08,13,2,10376,2456,3.37726336209562,0.7993984981984241,15,12832,fhi:git
county,Agder,2021-02-09,188,254,10564,2710,3.4384551038143902,0.882072447116339,442,13274,fhi:git
county,Agder,2021-02-10,1148,371,11712,3081,3.8121153138843398,1.0028284906145501,1519,14793,fhi:git
county,Agder,2021-02-11,999,413,12711,3494,4.13727781376228,1.1372550296031299,1412,16205,fhi:git
county,Agder,2021-02-12,352,69,13063,3563,4.25184958549105,1.15971370076587,421,16626,fhi:git
county,Agder,2021-02-13,424,1,13487,3564,4.38985649234615,1.16003918875374,425,17051,fhi:git
county,Agder,2021-02-14,0,0,13487,3564,4.38985649234615,1.16003918875374,0,17051,fhi:git
county,Agder,2021-02-15,1,2,13488,3566,4.39018198033402,1.16069016472947,3,17054,fhi:git
county,Agder,2021-02-16,139,112,13627,3678,4.43542481064736,1.19714481937044,251,17305,fhi:git
county,Agder,2021-02-17,1172,434,14799,4112,4.816896732426089,1.3384066061042,1606,18911,fhi:git
county,Agder,2021-02-18,1044,768,15843,4880,5.15670619175799,1.58838138078514,1812,20723,fhi:git
county,Agder,2021-02-19,675,323,16518,5203,5.37641058356741,1.6935140008658,998,21721,fhi:git
county,Agder,2021-02-20,9,22,16527,5225,5.379339975458209,1.7006747365988502,31,21752,fhi:git
county,Agder,2021-02-21,51,20,16578,5245,5.39593986283936,1.70718449635616,71,21823,fhi:git
county,Vestland,2020-12-27,0,0,0,0,0.0,0.0,0,0,fhi:git
county,Vestland,2020-12-28,0,0,0,0,0.0,0.0,0,0,fhi:git
county,Vestland,2020-12-29,0,0,0,0,0.0,0.0,0,0,fhi:git
county,Vestland,2020-12-30,0,0,0,0,0.0,0.0,0,0,fhi:git
county,Vestland,2020-12-31,0,0,0,0,0.0,0.0,0,0,fhi:git
county,Vestland,2021-01-01,0,0,0,0,0.0,0.0,0,0,fhi:git
county,Vestland,2021-01-02,0,0,0,0,0.0,0.0,0,0,fhi:git
county,Vestland,2021-01-03,0,0,0,0,0.0,0.0,0,0,fhi:git
county,Vestland,2021-01-04,2,0,2,0,0.00031420307887597003,0.0,2,2,fhi:git
county,Vestland,2021-01-05,416,0,418,0,0.0656684434850777,0.0,416,418,fhi:git
county,Vestland,2021-01-06,1253,0,1671,0,0.262516672400873,0.0,1253,1671,fhi:git
county,Vestland,2021-01-07,719,0,2390,0,0.375472679256784,0.0,719,2390,fhi:git
county,Vestland,2021-01-08,139,0,2529,0,0.39730979323866394,0.0,139,2529,fhi:git
county,Vestland,2021-01-09,0,0,2529,0,0.39730979323866394,0.0,0,2529,fhi:git
county,Vestland,2021-01-10,0,0,2529,0,0.39730979323866394,0.0,0,2529,fhi:git
county,Vestland,2021-01-11,65,0,2594,0,0.407521393302133,0.0,65,2594,fhi:git
county,Vestland,2021-01-12,855,0,3449,0,0.54184320952161,0.0,855,3449,fhi:git
county,Vestland,2021-01-13,1125,0,4574,0,0.718582441389343,0.0,1125,4574,fhi:git
county,Vestland,2021-01-14,996,0,5570,0,0.875055574669576,0.0,996,5570,fhi:git
county,Vestland,2021-01-15,424,0,5994,0,0.941666627391282,0.0,424,5994,fhi:git
county,Vestland,2021-01-16,2,0,5996,0,0.941980830470158,0.0,2,5996,fhi:git
county,Vestland,2021-01-17,1,0,5997,0,0.942137932009596,0.0,1,5997,fhi:git
county,Vestland,2021-01-18,62,0,6059,0,0.951878227454751,0.0,62,6059,fhi:git
county,Vestland,2021-01-19,368,0,6427,0,1.00969159396793,0.0,368,6427,fhi:git
county,Vestland,2021-01-20,1234,0,7661,0,1.2035548936343998,0.0,1234,7661,fhi:git
county,Vestland,2021-01-21,782,0,8443,0,1.3264082974749098,0.0,782,8443,fhi:git
county,Vestland,2021-01-22,312,0,8755,0,1.37542397777956,0.0,312,8755,fhi:git
county,Vestland,2021-01-23,0,0,8755,0,1.37542397777956,0.0,0,8755,fhi:git
county,Vestland,2021-01-24,0,0,8755,0,1.37542397777956,0.0,0,8755,fhi:git
county,Vestland,2021-01-25,1,0,8756,0,1.375581079319,0.0,1,8756,fhi:git
county,Vestland,2021-01-26,151,174,8907,174,1.3993034117741299,0.0273356678622094,325,9081,fhi:git
county,Vestland,2021-01-27,1590,1207,10497,1381,1.64909485948053,0.216957225963857,2797,11878,fhi:git
county,Vestland,2021-01-28,1930,677,12427,2058,1.9523008305958403,0.32331496816337296,2607,14485,fhi:git
county,Vestland,2021-01-29,481,165,12908,2223,2.0278666710655098,0.349236722170641,646,15131,fhi:git
county,Vestland,2021-01-30,1,0,12909,2223,2.02802377260495,0.349236722170641,1,15132,fhi:git
county,Vestland,2021-01-31,0,0,12909,2223,2.02802377260495,0.349236722170641,0,15132,fhi:git
county,Vestland,2021-02-01,12,59,12921,2282,2.0299089910782,0.3585057129974821,71,15203,fhi:git
county,Vestland,2021-02-02,708,580,13629,2862,2.1411368810003,0.449624605871513,1288,16491,fhi:git
county,Vestland,2021-02-03,2802,1038,16431,3900,2.5813353945055297,0.6126960038081409,3840,20331,fhi:git
county,Vestland,2021-02-04,2539,1056,18970,4956,2.9802162031385695,0.778595229454654,3595,23926,fhi:git
county,Vestland,2021-02-05,879,485,19849,5441,3.11830845630456,0.854789476082076,1364,25290,fhi:git
county,Vestland,2021-02-06,0,2,19849,5443,3.11830845630456,0.855103679160952,2,25292,fhi:git
county,Vestland,2021-02-07,2,1,19851,5444,3.11862265938344,0.85526078070039,3,25295,fhi:git
county,Vestland,2021-02-08,8,49,19859,5493,3.11987947169894,0.862958756132852,57,25352,fhi:git
county,Vestland,2021-02-09,869,305,20728,5798,3.2564007094705496,0.910874725661437,1174,26526,fhi:git
county,Vestland,2021-02-10,2740,966,23468,6764,3.6868589275306296,1.0626348127585301,3706,30232,fhi:git
county,Vestland,2021-02-11,2678,832,26146,7596,4.107576850145549,1.1933432935709298,3510,33742,fhi:git
county,Vestland,2021-02-12,606,457,26752,8053,4.20278038304497,1.26513869709409,1063,34805,fhi:git
county,Vestland,2021-02-13,0,0,26752,8053,4.20278038304497,1.26513869709409,0,34805,fhi:git
county,Vestland,2021-02-14,0,2,26752,8055,4.20278038304497,1.26545290017297,2,34807,fhi:git
county,Vestland,2021-02-15,92,1,26844,8056,4.21723372467327,1.26561000171241,93,34900,fhi:git
county,Vestland,2021-02-16,1022,56,27866,8112,4.37779149797889,1.2744076879209298,1078,35978,fhi:git
county,Vestland,2021-02-17,2643,1265,30509,9377,4.79301086671348,1.4731411353099901,3908,39886,fhi:git
county,Vestland,2021-02-18,1878,1899,32387,11276,5.088047557778019,1.7714769587027202,3777,43663,fhi:git
county,Vestland,2021-02-19,1057,484,33444,11760,5.254103884963969,1.8475141037907,1541,45204,fhi:git
county,Vestland,2021-02-20,0,3,33444,11763,5.254103884963969,1.84798540840902,3,45207,fhi:git
county,Vestland,2021-02-21,0,0,33444,11763,5.254103884963969,1.84798540840902,0,45207,fhi:git
county,Trøndelag,2020-12-27,0,0,0,0,0.0,0.0,0,0,fhi:git
county,Trøndelag,2020-12-28,0,0,0,0,0.0,0.0,0,0,fhi:git
county,Trøndelag,2020-12-29,0,0,0,0,0.0,0.0,0,0,fhi:git
county,Trøndelag,2020-12-30,0,0,0,0,0.0,0.0,0,0,fhi:git
county,Trøndelag,2020-12-31,0,0,0,0,0.0,0.0,0,0,fhi:git
county,Trøndelag,2021-01-01,0,0,0,0,0.0,0.0,0,0,fhi:git
county,Trøndelag,2021-01-02,0,0,0,0,0.0,0.0,0,0,fhi:git
county,Trøndelag,2021-01-03,0,0,0,0,0.0,0.0,0,0,fhi:git
county,Trøndelag,2021-01-04,3,0,3,0,0.000640065542711574,0.0,3,3,fhi:git
county,Trøndelag,2021-01-05,407,0,410,0,0.0874756241705817,0.0,407,410,fhi:git
county,Trøndelag,2021-01-06,674,0,1084,0,0.231277016099782,0.0,674,1084,fhi:git
county,Trøndelag,2021-01-07,484,0,1568,0,0.33454092365724897,0.0,484,1568,fhi:git
county,Trøndelag,2021-01-08,141,0,1709,0,0.364624004164693,0.0,141,1709,fhi:git
county,Trøndelag,2021-01-09,0,0,1709,0,0.364624004164693,0.0,0,1709,fhi:git
county,Trøndelag,2021-01-10,0,0,1709,0,0.364624004164693,0.0,0,1709,fhi:git
county,Trøndelag,2021-01-11,95,0,1804,0,0.38489274635056,0.0,95,1804,fhi:git
county,Trøndelag,2021-01-12,500,0,2304,0,0.491570336802489,0.0,500,2304,fhi:git
county,Trøndelag,2021-01-13,859,0,3163,0,0.6748424371989019,0.0,859,3163,fhi:git
county,Trøndelag,2021-01-14,669,0,3832,0,0.817577053223583,0.0,669,3832,fhi:git
county,Trøndelag,2021-01-15,253,0,4085,0,0.87155591399226,0.0,253,4085,fhi:git
county,Trøndelag,2021-01-16,0,0,4085,0,0.87155591399226,0.0,0,4085,fhi:git
county,Trøndelag,2021-01-17,0,0,4085,0,0.87155591399226,0.0,0,4085,fhi:git
county,Trøndelag,2021-01-18,152,0,4237,0,0.903985901489646,0.0,152,4237,fhi:git
county,Trøndelag,2021-01-19,568,0,4805,0,1.02517164424304,0.0,568,4805,fhi:git
county,Trøndelag,2021-01-20,729,0,5534,0,1.18070757112195,0.0,729,5534,fhi:git
county,Trøndelag,2021-01-21,523,0,6057,0,1.2922923307346699,0.0,523,6057,fhi:git
county,Trøndelag,2021-01-22,282,0,6339,0,1.35245849174956,0.0,282,6339,fhi:git
county,Trøndelag,2021-01-23,1,0,6340,0,1.35267184693046,0.0,1,6340,fhi:git
county,Trøndelag,2021-01-24,0,0,6340,0,1.35267184693046,0.0,0,6340,fhi:git
county,Trøndelag,2021-01-25,1,0,6341,0,1.3528852021113602,0.0,1,6341,fhi:git
county,Trøndelag,2021-01-26,313,184,6654,184,1.41966537373427,0.0392573532863098,497,6838,fhi:git
county,Trøndelag,2021-01-27,971,590,7625,774,1.62683325439192,0.165136910019586,1561,8399,fhi:git
county,Trøndelag,2021-01-28,720,474,8345,1248,1.7804489846426899,0.266267265768015,1194,9593,fhi:git
county,Trøndelag,2021-01-29,417,228,8762,1476,1.8694180950796002,0.314912247014094,645,10238,fhi:git
county,Trøndelag,2021-01-30,1,0,8763,1476,1.8696314502605103,0.314912247014094,1,10239,fhi:git
county,Trøndelag,2021-01-31,0,1,8763,1477,1.8696314502605103,0.315125602194998,1,10240,fhi:git
county,Trøndelag,2021-02-01,13,86,8776,1563,1.8724050676122599,0.33347414775273,99,10339,fhi:git
county,Trøndelag,2021-02-02,833,392,9609,1955,2.05012993330517,0.417109378667042,1225,11564,fhi:git
county,Trøndelag,2021-02-03,2015,807,11624,2762,2.48004062282644,0.589287009656455,2822,14386,fhi:git
county,Trøndelag,2021-02-04,2099,594,13723,3356,2.92787314754364,0.716019987113347,2693,17079,fhi:git
county,Trøndelag,2021-02-05,1281,319,15004,3675,3.2011811342814798,0.784080289821678,1600,18679,fhi:git
county,Trøndelag,2021-02-06,7,0,15011,3675,3.20267462054781,0.784080289821678,7,18686,fhi:git
county,Trøndelag,2021-02-07,1,0,15012,3675,3.2028879757287205,0.784080289821678,1,18687,fhi:git
county,Trøndelag,2021-02-08,3,150,15015,3825,3.20352804127143,0.816083566957256,153,18840,fhi:git
county,Trøndelag,2021-02-09,833,523,15848,4348,3.3812529069643396,0.9276683265699741,1356,20196,fhi:git
county,Trøndelag,2021-02-10,2091,612,17939,4960,3.82737859023431,1.0582416972831399,2703,22899,fhi:git
county,Trøndelag,2021-02-11,2282,574,20221,5534,4.31425511305691,1.18070757112195,2856,25755,fhi:git
county,Trøndelag,2021-02-12,795,342,21016,5876,4.483872481875481,1.25367504299107,1137,26892,fhi:git
county,Trøndelag,2021-02-13,0,0,21016,5876,4.483872481875481,1.25367504299107,0,26892,fhi:git
county,Trøndelag,2021-02-14,0,0,21016,5876,4.483872481875481,1.25367504299107,0,26892,fhi:git
county,Trøndelag,2021-02-15,0,2,21016,5878,4.483872481875481,1.25410175335288,2,26894,fhi:git
county,Trøndelag,2021-02-16,338,210,21354,6088,4.55598653302098,1.29890634134269,548,27442,fhi:git
county,Trøndelag,2021-02-17,2060,872,23414,6960,4.99549820568293,1.48495205909085,2932,30374,fhi:git
county,Trøndelag,2021-02-18,1783,739,25197,7699,5.375910493234509,1.6426215377788,2522,32896,fhi:git
county,Trøndelag,2021-02-19,940,398,26137,8097,5.57646436328413,1.72753689977854,1338,34234,fhi:git
county,Trøndelag,2021-02-20,0,1,26137,8098,5.57646436328413,1.72775025495944,1,34235,fhi:git
county,Trøndelag,2021-02-21,0,0,26137,8098,5.57646436328413,1.72775025495944,0,34235,fhi:git
county,Troms og Finnmark,2020-12-27,0,0,0,0,0.0,0.0,0,0,fhi:git
county,Troms og Finnmark,2020-12-28,1,0,1,0,0.00041099662571770297,0.0,1,1,fhi:git
county,Troms og Finnmark,2020-12-29,0,0,1,0,0.00041099662571770297,0.0,0,1,fhi:git
county,Troms og Finnmark,2020-12-30,0,0,1,0,0.00041099662571770297,0.0,0,1,fhi:git
county,Troms og Finnmark,2020-12-31,0,0,1,0,0.00041099662571770297,0.0,0,1,fhi:git
county,Troms og Finnmark,2021-01-01,0,0,1,0,0.00041099662571770297,0.0,0,1,fhi:git
county,Troms og Finnmark,2021-01-02,0,0,1,0,0.00041099662571770297,0.0,0,1,fhi:git
county,Troms og Finnmark,2021-01-03,0,0,1,0,0.00041099662571770297,0.0,0,1,fhi:git
county,Troms og Finnmark,2021-01-04,0,0,1,0,0.00041099662571770297,0.0,0,1,fhi:git
county,Troms og Finnmark,2021-01-05,53,0,54,0,0.022193817788756,0.0,53,54,fhi:git
county,Troms og Finnmark,2021-01-06,530,0,584,0,0.24002202941913797,0.0,530,584,fhi:git
county,Troms og Finnmark,2021-01-07,188,0,772,0,0.317289395054067,0.0,188,772,fhi:git
county,Troms og Finnmark,2021-01-08,247,0,1019,0,0.41880556160633897,0.0,247,1019,fhi:git
county,Troms og Finnmark,2021-01-09,0,0,1019,0,0.41880556160633897,0.0,0,1019,fhi:git
county,Troms og Finnmark,2021-01-10,0,0,1019,0,0.41880556160633897,0.0,0,1019,fhi:git
county,Troms og Finnmark,2021-01-11,1,0,1020,0,0.419216558232057,0.0,1,1020,fhi:git
county,Troms og Finnmark,2021-01-12,188,0,1208,0,0.496483923866985,0.0,188,1208,fhi:git
county,Troms og Finnmark,2021-01-13,569,0,1777,0,0.7303410039003579,0.0,569,1777,fhi:git
county,Troms og Finnmark,2021-01-14,329,0,2106,0,0.8655588937614821,0.0,329,2106,fhi:git
county,Troms og Finnmark,2021-01-15,37,0,2143,0,0.880765768913037,0.0,37,2143,fhi:git
county,Troms og Finnmark,2021-01-16,2,0,2145,0,0.8815877621644731,0.0,2,2145,fhi:git
county,Troms og Finnmark,2021-01-17,1,0,2146,0,0.88199875879019,0.0,1,2146,fhi:git
county,Troms og Finnmark,2021-01-18,0,1,2146,1,0.88199875879019,0.00041099662571770297,1,2147,fhi:git
county,Troms og Finnmark,2021-01-19,249,0,2395,1,0.9843369185938979,0.00041099662571770297,249,2396,fhi:git
county,Troms og Finnmark,2021-01-20,914,0,3309,1,1.3599878344998797,0.00041099662571770297,914,3310,fhi:git
county,Troms og Finnmark,2021-01-21,249,0,3558,1,1.46232599430359,0.00041099662571770297,249,3559,fhi:git
county,Troms og Finnmark,2021-01-22,81,0,3639,1,1.49561672098672,0.00041099662571770297,81,3640,fhi:git
county,Troms og Finnmark,2021-01-23,12,0,3651,1,1.50054868049533,0.00041099662571770297,12,3652,fhi:git
county,Troms og Finnmark,2021-01-24,0,0,3651,1,1.50054868049533,0.00041099662571770297,0,3652,fhi:git
county,Troms og Finnmark,2021-01-25,6,0,3657,1,1.5030146602496397,0.00041099662571770297,6,3658,fhi:git
county,Troms og Finnmark,2021-01-26,84,0,3741,1,1.53753837680993,0.00041099662571770297,84,3742,fhi:git
county,Troms og Finnmark,2021-01-27,668,357,4409,358,1.81208412278935,0.14713679200693802,1025,4767,fhi:git
county,Troms og Finnmark,2021-01-28,234,276,4643,634,1.90825733320729,0.260571860705024,510,5277,fhi:git
county,Troms og Finnmark,2021-01-29,103,243,4746,877,1.95058998565622,0.360444040754425,346,5623,fhi:git
county,Troms og Finnmark,2021-01-30,0,0,4746,877,1.95058998565622,0.360444040754425,0,5623,fhi:git
county,Troms og Finnmark,2021-01-31,0,0,4746,877,1.95058998565622,0.360444040754425,0,5623,fhi:git
county,Troms og Finnmark,2021-02-01,0,2,4746,879,1.95058998565622,0.36126603400586105,2,5625,fhi:git
county,Troms og Finnmark,2021-02-02,120,21,4866,900,1.9999095807423402,0.369896963145933,141,5766,fhi:git
county,Troms og Finnmark,2021-02-03,1156,564,6022,1464,2.4750216800720097,0.601699060050717,1720,7486,fhi:git
county,Troms og Finnmark,2021-02-04,1142,378,7164,1842,2.9443798266416206,0.757055784572009,1520,9006,fhi:git
county,Troms og Finnmark,2021-02-05,280,140,7444,1982,3.0594588818425796,0.814595312172487,420,9426,fhi:git
county,Troms og Finnmark,2021-02-06,1,1,7445,1983,3.0598698784682994,0.8150063087982049,2,9428,fhi:git
county,Troms og Finnmark,2021-02-07,0,1,7445,1984,3.0598698784682994,0.815417305423923,1,9429,fhi:git
county,Troms og Finnmark,2021-02-08,0,0,7445,1984,3.0598698784682994,0.815417305423923,0,9429,fhi:git
county,Troms og Finnmark,2021-02-09,71,26,7516,2010,3.08905063889425,0.8261032176925831,97,9526,fhi:git
county,Troms og Finnmark,2021-02-10,1402,804,8918,2814,3.6652679081504704,1.1565445047696201,2206,11732,fhi:git
county,Troms og Finnmark,2021-02-11,985,466,9903,3280,4.07009958448241,1.34806893235407,1451,13183,fhi:git
county,Troms og Finnmark,2021-02-12,265,113,10168,3393,4.1790136902976,1.39451155106017,378,13561,fhi:git
county,Troms og Finnmark,2021-02-13,5,2,10173,3395,4.18106867342619,1.3953335443116,7,13568,fhi:git
county,Troms og Finnmark,2021-02-14,0,0,10173,3395,4.18106867342619,1.3953335443116,0,13568,fhi:git
county,Troms og Finnmark,2021-02-15,0,6,10173,3401,4.18106867342619,1.39779952406591,6,13574,fhi:git
county,Troms og Finnmark,2021-02-16,131,52,10304,3453,4.23490923139521,1.41917134860323,183,13757,fhi:git
county,Troms og Finnmark,2021-02-17,931,580,11235,4033,4.617547089938389,1.6575493915195,1511,15268,fhi:git
county,Troms og Finnmark,2021-02-18,1240,252,12475,4285,5.12718290582834,1.76112054120036,1492,16760,fhi:git
county,Troms og Finnmark,2021-02-19,170,103,12645,4388,5.197052332200349,1.8034531936492801,273,17033,fhi:git
county,Troms og Finnmark,2021-02-20,0,0,12645,4388,5.197052332200349,1.8034531936492801,0,17033,fhi:git
county,Troms og Finnmark,2021-02-21,0,0,12645,4388,5.197052332200349,1.8034531936492801,0,17033,fhi:git
nation,Norge,2020-12-27,5,0,5,0,9.31518486915891e-05,0.0,5,5,fhi:git
nation,Norge,2020-12-28,602,0,607,0,0.0113086344311589,0.0,602,607,fhi:git
nation,Norge,2020-12-29,1067,0,1674,0,0.031187238941944,0.0,1067,1674,fhi:git
nation,Norge,2020-12-30,424,0,2098,0,0.0390865157109908,0.0,424,2098,fhi:git
nation,Norge,2020-12-31,72,0,2170,0,0.0404279023321497,0.0,72,2170,fhi:git
nation,Norge,2021-01-01,6,0,2176,0,0.0405396845505796,0.0,6,2176,fhi:git
nation,Norge,2021-01-02,0,0,2176,0,0.0405396845505796,0.0,0,2176,fhi:git
nation,Norge,2021-01-03,3,0,2179,0,0.0405955756597945,0.0,3,2179,fhi:git
nation,Norge,2021-01-04,6,0,2185,0,0.0407073578782245,0.0,6,2185,fhi:git
nation,Norge,2021-01-05,3384,0,5569,0,0.10375252907269199,0.0,3384,5569,fhi:git
nation,Norge,2021-01-06,9061,0,14630,0,0.27256230927159,0.0,9061,14630,fhi:git
nation,Norge,2021-01-07,6573,0,21203,0,0.395019729561553,0.0,6573,21203,fhi:git
nation,Norge,2021-01-08,1615,0,22818,0,0.42510777668893607,0.0,1615,22818,fhi:git
nation,Norge,2021-01-09,134,0,22952,0,0.42760424623387105,0.0,134,22952,fhi:git
nation,Norge,2021-01-10,107,0,23059,0,0.42959769579587104,0.0,107,23059,fhi:git
nation,Norge,2021-01-11,348,0,23407,0,0.436081064464805,0.0,348,23407,fhi:git
nation,Norge,2021-01-12,4264,0,27671,0,0.515520961028993,0.0,4264,27671,fhi:git
nation,Norge,2021-01-13,9772,0,37443,0,0.697576934111834,0.0,9772,37443,fhi:git
nation,Norge,2021-01-14,8456,0,45899,0,0.8551153406190501,0.0,8456,45899,fhi:git
nation,Norge,2021-01-15,4470,0,50369,0,0.9383930933493309,0.0,4470,50369,fhi:git
nation,Norge,2021-01-16,742,0,51111,0,0.952216827695162,0.0,742,51111,fhi:git
nation,Norge,2021-01-17,343,5,51454,5,0.9586070445154059,9.31518486915891e-05,348,51459,fhi:git
nation,Norge,2021-01-18,1282,283,52736,288,0.9824911785199291,0.005365546484635529,1565,53024,fhi:git
nation,Norge,2021-01-19,4582,771,57318,1059,1.0678555326609,0.0197295615528786,5353,58377,fhi:git
nation,Norge,2021-01-20,10038,693,67356,1752,1.2548671840941399,0.0326404077815328,10731,69108,fhi:git
nation,Norge,2021-01-21,8421,168,75777,1920,1.41175352766051,0.0357703098975702,8589,77697,fhi:git
nation,Norge,2021-01-22,3295,7,79072,1927,1.47314059594827,0.0359007224857385,3302,80999,fhi:git
nation,Norge,2021-01-23,353,0,79425,1927,1.4797171164658898,0.0359007224857385,353,81352,fhi:git
nation,Norge,2021-01-24,67,0,79492,1927,1.48096535123836,0.0359007224857385,67,81419,fhi:git
nation,Norge,2021-01-25,574,0,80066,1927,1.49165918346816,0.0359007224857385,574,81993,fhi:git
nation,Norge,2021-01-26,2270,2129,82336,4056,1.53395012277414,0.0755647796586171,4399,86392,fhi:git
nation,Norge,2021-01-27,11341,7506,93677,11562,1.7452371459763998,0.215404334914431,18847,105239,fhi:git
nation,Norge,2021-01-28,10853,6537,104530,18099,1.9474325487463602,0.337191061893814,17390,122629,fhi:git
nation,Norge,2021-01-29,3787,2086,108317,20185,2.01798575894537,0.376054013167945,5873,128502,fhi:git
nation,Norge,2021-01-30,130,170,108447,20355,2.02040770701135,0.379221176023459,300,128802,fhi:git
nation,Norge,2021-01-31,80,50,108527,20405,2.02189813659042,0.380152694510375,130,128932,fhi:git
nation,Norge,2021-02-01,180,298,108707,20703,2.02525160314332,0.385704544692394,478,129410,fhi:git
nation,Norge,2021-02-02,6302,3135,115009,23838,2.1426601932342,0.44411075382202,9437,138847,fhi:git
nation,Norge,2021-02-03,24797,8293,139806,32131,2.6046374716352596,0.59861241006189,33090,171937,fhi:git
nation,Norge,2021-02-04,25757,8575,165563,40706,3.0844999049851096,0.7583678305679649,34332,206269,fhi:git
nation,Norge,2021-02-05,10514,4820,176077,45526,3.2803796124137903,0.848166212706657,15334,221603,fhi:git
nation,Norge,2021-02-06,801,733,176878,46259,3.29530253857418,0.8618222737248442,1534,223137,fhi:git
nation,Norge,2021-02-07,320,294,177198,46553,3.30126425689044,0.8672996024279099,614,223751,fhi:git
nation,Norge,2021-02-08,119,922,177317,47475,3.3034812708892995,0.8844768033266391,1041,224792,fhi:git
nation,Norge,2021-02-09,5489,3230,182806,50705,3.40574337038293,0.944652897581405,8719,233511,fhi:git
nation,Norge,2021-02-10,22655,8568,205461,59273,3.82781439680452,1.1042779054993102,31223,264734,fhi:git
nation,Norge,2021-02-11,20640,8479,226101,67752,4.2123452282034,1.26224481051051,29119,293853,fhi:git
nation,Norge,2021-02-12,7871,3567,233972,71319,4.3589848684137005,1.32869933936709,11438,305291,fhi:git
nation,Norge,2021-02-13,800,303,234772,71622,4.37388916420435,1.3343443413978,1103,306394,fhi:git
nation,Norge,2021-02-14,110,2,234882,71624,4.37593850487557,1.3343816021372799,112,306506,fhi:git
nation,Norge,2021-02-15,801,746,235683,72370,4.39086143103596,1.34827985796206,1547,308053,fhi:git
nation,Norge,2021-02-16,5807,2095,241490,74465,4.49904798810637,1.38731048256384,7902,315955,fhi:git
nation,Norge,2021-02-17,21008,9781,262498,84246,4.89043479556895,1.56953412897432,30789,346744,fhi:git
nation,Norge,2021-02-18,17888,10138,280386,94384,5.2236948494479805,1.75840881738139,28026,374770,fhi:git
nation,Norge,2021-02-19,9742,4296,290128,98680,5.4051919114386795,1.8384448857771998,14038,388808,fhi:git
nation,Norge,2021-02-20,138,123,290266,98803,5.40776290246256,1.84073642125502,261,389069,fhi:git
nation,Norge,2021-02-21,55,80,290321,98883,5.40878757279817,1.84222685083408,135,389204,fhi:git
