granularity_geo,location_name,date,new_dose_1,new_dose_2,total_dose_1,total_dose_2,total_pr100_dose_1,total_pr100_dose_2,new_doses,total_doses,source
county,Oslo,2020-12-27,5,0,5,0,0.00072098677133472,0.0,5,5,fhi:git
county,Oslo,2020-12-28,264,0,269,0,0.0387890882978079,0.0,264,269,fhi:git
county,Oslo,2020-12-29,118,0,387,0,0.0558043761013073,0.0,118,387,fhi:git
county,Oslo,2020-12-30,58,0,445,0,0.06416782264879001,0.0,58,445,fhi:git
county,Oslo,2020-12-31,5,0,450,0,0.0648888094201248,0.0,5,450,fhi:git
county,Oslo,2021-01-01,6,0,456,0,0.0657539935457264,0.0,6,456,fhi:git
county,Oslo,2021-01-02,0,0,456,0,0.0657539935457264,0.0,0,456,fhi:git
county,Oslo,2021-01-03,0,0,456,0,0.0657539935457264,0.0,0,456,fhi:git
county,Oslo,2021-01-04,0,0,456,0,0.0657539935457264,0.0,0,456,fhi:git
county,Oslo,2021-01-05,480,0,936,0,0.13496872359386,0.0,480,936,fhi:git
county,Oslo,2021-01-06,605,0,1541,0,0.22220812292536102,0.0,605,1541,fhi:git
county,Oslo,2021-01-07,967,0,2508,0,0.36164696450149497,0.0,967,2508,fhi:git
county,Oslo,2021-01-08,449,0,2957,0,0.42639157656735294,0.0,449,2957,fhi:git
county,Oslo,2021-01-09,126,0,3083,0,0.44456044320498794,0.0,126,3083,fhi:git
county,Oslo,2021-01-10,100,0,3183,0,0.458980178631683,0.0,100,3183,fhi:git
county,Oslo,2021-01-11,76,0,3259,0,0.46993917755597,0.0,76,3259,fhi:git
county,Oslo,2021-01-12,240,0,3499,0,0.5045465425800371,0.0,240,3499,fhi:git
county,Oslo,2021-01-13,487,0,3986,0,0.574770654108038,0.0,487,3986,fhi:git
county,Oslo,2021-01-14,1234,0,5220,0,0.7527101892734469,0.0,1234,5220,fhi:git
county,Oslo,2021-01-15,1638,0,6858,0,0.9889054555627009,0.0,1638,6858,fhi:git
county,Oslo,2021-01-16,643,0,7501,0,1.08162435435635,0.0,643,7501,fhi:git
county,Oslo,2021-01-17,274,5,7775,5,1.1211344294254901,0.00072098677133472,279,7780,fhi:git
county,Oslo,2021-01-18,759,231,8534,236,1.2305802213141,0.0340305756069988,990,8770,fhi:git
county,Oslo,2021-01-19,807,69,9341,305,1.3469474862075201,0.0439801930514179,876,9646,fhi:git
county,Oslo,2021-01-20,990,99,10331,404,1.4897028669318,0.0582557311238453,1089,10735,fhi:git
county,Oslo,2021-01-21,1019,21,11350,425,1.63663997092981,0.0612838755634512,1040,11775,fhi:git
county,Oslo,2021-01-22,669,6,12019,431,1.7331080009344,0.0621490596890528,675,12450,fhi:git
county,Oslo,2021-01-23,232,0,12251,431,1.7665617871243302,0.0621490596890528,232,12682,fhi:git
county,Oslo,2021-01-24,66,0,12317,431,1.7760788125059501,0.0621490596890528,66,12748,fhi:git
county,Oslo,2021-01-25,258,0,12575,431,1.81328172990682,0.0621490596890528,258,13006,fhi:git
county,Oslo,2021-01-26,314,403,12889,834,1.85855969914664,0.12026059345863101,717,13723,fhi:git
county,Oslo,2021-01-27,996,528,13885,1362,2.00218026399652,0.19639679651157801,1524,15247,fhi:git
county,Oslo,2021-01-28,836,842,14721,2204,2.12272925216368,0.31781096880434395,1678,16925,fhi:git
county,Oslo,2021-01-29,410,501,15131,2705,2.18185016741313,0.3900538432920829,911,17836,fhi:git
county,Oslo,2021-01-30,92,151,15223,2856,2.19511632400569,0.4118276437863921,243,18079,fhi:git
county,Oslo,2021-01-31,60,45,15283,2901,2.2037681652617,0.41831652472840397,105,18184,fhi:git
county,Oslo,2021-02-01,52,46,15335,2947,2.2112664276835896,0.424949603024684,98,18282,fhi:git
county,Oslo,2021-02-02,1514,149,16849,3096,2.42958122204374,0.44643500881045795,1663,19945,fhi:git
county,Oslo,2021-02-03,2333,456,19182,3552,2.76599364954852,0.512189002356185,2789,22734,fhi:git
county,Oslo,2021-02-04,2011,1225,21193,4777,3.0559745289793394,0.6888307613331911,3236,25970,fhi:git
county,Oslo,2021-02-05,1350,1561,22543,6338,3.25064095723972,0.91392283134389,2911,28881,fhi:git
county,Oslo,2021-02-06,235,631,22778,6969,3.28452733549245,1.00491136188633,866,29747,fhi:git
county,Oslo,2021-02-07,212,269,22990,7238,3.3150971745970397,1.04370045018414,481,30228,fhi:git
county,Oslo,2021-02-08,45,440,23035,7678,3.32158605553905,1.1071472860616,485,30713,fhi:git
county,Oslo,2021-02-09,1088,240,24123,7918,3.4784727769814903,1.1417546510856598,1328,32041,fhi:git
county,Oslo,2021-02-10,1775,768,25898,8686,3.73442308080531,1.25249821916267,2543,34584,fhi:git
county,Oslo,2021-02-11,1513,613,27411,9299,3.9525936778112,1.34089119732831,2126,36710,fhi:git
county,Rogaland,2020-12-27,0,0,0,0,0.0,0.0,0,0,fhi:git
county,Rogaland,2020-12-28,1,0,1,0,0.00020838021888258202,0.0,1,1,fhi:git
county,Rogaland,2020-12-29,0,0,1,0,0.00020838021888258202,0.0,0,1,fhi:git
county,Rogaland,2020-12-30,0,0,1,0,0.00020838021888258202,0.0,0,1,fhi:git
county,Rogaland,2020-12-31,0,0,1,0,0.00020838021888258202,0.0,0,1,fhi:git
county,Rogaland,2021-01-01,0,0,1,0,0.00020838021888258202,0.0,0,1,fhi:git
county,Rogaland,2021-01-02,0,0,1,0,0.00020838021888258202,0.0,0,1,fhi:git
county,Rogaland,2021-01-03,0,0,1,0,0.00020838021888258202,0.0,0,1,fhi:git
county,Rogaland,2021-01-04,0,0,1,0,0.00020838021888258202,0.0,0,1,fhi:git
county,Rogaland,2021-01-05,548,0,549,0,0.11440074016653698,0.0,548,549,fhi:git
county,Rogaland,2021-01-06,641,0,1190,0,0.24797246047027302,0.0,641,1190,fhi:git
county,Rogaland,2021-01-07,211,0,1401,0,0.291940686654497,0.0,211,1401,fhi:git
county,Rogaland,2021-01-08,20,0,1421,0,0.296108291032149,0.0,20,1421,fhi:git
county,Rogaland,2021-01-09,1,0,1422,0,0.296316671251032,0.0,1,1422,fhi:git
county,Rogaland,2021-01-10,0,0,1422,0,0.296316671251032,0.0,0,1422,fhi:git
county,Rogaland,2021-01-11,1,0,1423,0,0.29652505146991404,0.0,1,1423,fhi:git
county,Rogaland,2021-01-12,128,0,1551,0,0.32319771948688497,0.0,128,1551,fhi:git
county,Rogaland,2021-01-13,761,0,2312,0,0.481775066056529,0.0,761,2312,fhi:git
county,Rogaland,2021-01-14,525,0,2837,0,0.591174680969885,0.0,525,2837,fhi:git
county,Rogaland,2021-01-15,289,0,3126,0,0.651396564226951,0.0,289,3126,fhi:git
county,Rogaland,2021-01-16,0,0,3126,0,0.651396564226951,0.0,0,3126,fhi:git
county,Rogaland,2021-01-17,0,0,3126,0,0.651396564226951,0.0,0,3126,fhi:git
county,Rogaland,2021-01-18,71,0,3197,0,0.666191559767614,0.0,71,3197,fhi:git
county,Rogaland,2021-01-19,511,0,3708,0,0.7726738516166141,0.0,511,3708,fhi:git
county,Rogaland,2021-01-20,641,0,4349,0,0.9062455719203492,0.0,641,4349,fhi:git
county,Rogaland,2021-01-21,425,0,4774,0,0.994807164945446,0.0,425,4774,fhi:git
county,Rogaland,2021-01-22,266,0,5040,0,1.05023630316821,0.0,266,5040,fhi:git
county,Rogaland,2021-01-23,0,0,5040,0,1.05023630316821,0.0,0,5040,fhi:git
county,Rogaland,2021-01-24,0,0,5040,0,1.05023630316821,0.0,0,5040,fhi:git
county,Rogaland,2021-01-25,149,0,5189,0,1.08128495578172,0.0,149,5189,fhi:git
county,Rogaland,2021-01-26,338,381,5527,381,1.15171746976403,0.0793928633942637,719,5908,fhi:git
county,Rogaland,2021-01-27,835,603,6362,984,1.32571495253099,0.20504613538046104,1438,7346,fhi:git
county,Rogaland,2021-01-28,521,282,6883,1266,1.43428104656881,0.26380935710534903,803,8149,fhi:git
county,Rogaland,2021-01-29,408,22,7291,1288,1.5193001758729,0.268393721920766,430,8579,fhi:git
county,Rogaland,2021-01-30,2,1,7293,1289,1.5197169363106697,0.268602102139648,3,8582,fhi:git
county,Rogaland,2021-01-31,0,0,7293,1289,1.5197169363106697,0.268602102139648,0,8582,fhi:git
county,Rogaland,2021-02-01,12,5,7305,1294,1.5222174989372599,0.269644003234061,17,8599,fhi:git
county,Rogaland,2021-02-02,442,75,7747,1369,1.61432155568336,0.285272519650255,517,9116,fhi:git
county,Rogaland,2021-02-03,2385,646,10132,2015,2.1113083777183204,0.41988614104840205,3031,12147,fhi:git
county,Rogaland,2021-02-04,1860,544,11992,2559,2.4988955848399197,0.5332449801205271,2404,14551,fhi:git
county,Rogaland,2021-02-05,651,278,12643,2837,2.63455110733248,0.591174680969885,929,15480,fhi:git
county,Rogaland,2021-02-06,0,0,12643,2837,2.63455110733248,0.591174680969885,0,15480,fhi:git
county,Rogaland,2021-02-07,0,0,12643,2837,2.63455110733248,0.591174680969885,0,15480,fhi:git
county,Rogaland,2021-02-08,7,71,12650,2908,2.6360097688646604,0.605969676510548,78,15558,fhi:git
county,Rogaland,2021-02-09,562,387,13212,3295,2.75311945187667,0.6866128212181071,949,16507,fhi:git
county,Rogaland,2021-02-10,1901,641,15113,3936,3.14925024797246,0.8201845415218431,2542,19049,fhi:git
county,Rogaland,2021-02-11,1101,465,16214,4401,3.37867686896218,0.9170813433022429,1566,20615,fhi:git
county,Møre og Romsdal,2020-12-27,0,0,0,0,0.0,0.0,0,0,fhi:git
county,Møre og Romsdal,2020-12-28,0,0,0,0,0.0,0.0,0,0,fhi:git
county,Møre og Romsdal,2020-12-29,0,0,0,0,0.0,0.0,0,0,fhi:git
county,Møre og Romsdal,2020-12-30,0,0,0,0,0.0,0.0,0,0,fhi:git
county,Møre og Romsdal,2020-12-31,0,0,0,0,0.0,0.0,0,0,fhi:git
county,Møre og Romsdal,2021-01-01,0,0,0,0,0.0,0.0,0,0,fhi:git
county,Møre og Romsdal,2021-01-02,0,0,0,0,0.0,0.0,0,0,fhi:git
county,Møre og Romsdal,2021-01-03,0,0,0,0,0.0,0.0,0,0,fhi:git
county,Møre og Romsdal,2021-01-04,0,0,0,0,0.0,0.0,0,0,fhi:git
county,Møre og Romsdal,2021-01-05,186,0,186,0,0.0701256984293352,0.0,186,186,fhi:git
county,Møre og Romsdal,2021-01-06,497,0,683,0,0.257504580791591,0.0,497,683,fhi:git
county,Møre og Romsdal,2021-01-07,457,0,1140,0,0.429802667792699,0.0,457,1140,fhi:git
county,Møre og Romsdal,2021-01-08,35,0,1175,0,0.442998363733703,0.0,35,1175,fhi:git
county,Møre og Romsdal,2021-01-09,1,0,1176,0,0.4433753836177321,0.0,1,1176,fhi:git
county,Møre og Romsdal,2021-01-10,0,0,1176,0,0.4433753836177321,0.0,0,1176,fhi:git
county,Møre og Romsdal,2021-01-11,1,0,1177,0,0.443752403501761,0.0,1,1177,fhi:git
county,Møre og Romsdal,2021-01-12,227,0,1404,0,0.529335917176272,0.0,227,1404,fhi:git
county,Møre og Romsdal,2021-01-13,387,0,1791,0,0.6752426122953721,0.0,387,1791,fhi:git
county,Møre og Romsdal,2021-01-14,410,0,2201,0,0.829820764747133,0.0,410,2201,fhi:git
county,Møre og Romsdal,2021-01-15,152,0,2353,0,0.8871277871194929,0.0,152,2353,fhi:git
county,Møre og Romsdal,2021-01-16,1,0,2354,0,0.887504807003522,0.0,1,2354,fhi:git
county,Møre og Romsdal,2021-01-17,1,0,2355,0,0.88788182688755,0.0,1,2355,fhi:git
county,Møre og Romsdal,2021-01-18,11,0,2366,0,0.892029045611866,0.0,11,2366,fhi:git
county,Møre og Romsdal,2021-01-19,180,0,2546,0,0.9598926247370291,0.0,180,2546,fhi:git
county,Møre og Romsdal,2021-01-20,494,0,3040,0,1.1461404474472,0.0,494,3040,fhi:git
county,Møre og Romsdal,2021-01-21,768,0,3808,0,1.4356917183812299,0.0,768,3808,fhi:git
county,Møre og Romsdal,2021-01-22,211,0,4019,0,1.51524291391128,0.0,211,4019,fhi:git
county,Møre og Romsdal,2021-01-23,0,0,4019,0,1.51524291391128,0.0,0,4019,fhi:git
county,Møre og Romsdal,2021-01-24,0,0,4019,0,1.51524291391128,0.0,0,4019,fhi:git
county,Møre og Romsdal,2021-01-25,3,0,4022,0,1.5163739735633701,0.0,3,4022,fhi:git
county,Møre og Romsdal,2021-01-26,78,129,4100,129,1.5457815245176003,0.0486355650397002,207,4229,fhi:git
county,Møre og Romsdal,2021-01-27,523,357,4623,486,1.7429629238646,0.18323166363794,880,5109,fhi:git
county,Møre og Romsdal,2021-01-28,475,508,5098,994,1.92204736877823,0.374757764724512,983,6092,fhi:git
county,Møre og Romsdal,2021-01-29,90,77,5188,1071,1.95597915834081,0.40378829579472,167,6259,fhi:git
county,Møre og Romsdal,2021-01-30,0,1,5188,1072,1.95597915834081,0.4041653156787489,1,6260,fhi:git
county,Møre og Romsdal,2021-01-31,0,0,5188,1072,1.95597915834081,0.4041653156787489,0,6260,fhi:git
county,Møre og Romsdal,2021-02-01,0,0,5188,1072,1.95597915834081,0.4041653156787489,0,6260,fhi:git
county,Møre og Romsdal,2021-02-02,279,195,5467,1267,2.06116770598481,0.47768419306434207,474,6734,fhi:git
county,Møre og Romsdal,2021-02-03,1038,312,6505,1579,2.45251434560659,0.5953143968812921,1350,8084,fhi:git
county,Møre og Romsdal,2021-02-04,1439,463,7944,2042,2.9950459587238596,0.7698746031865721,1902,9986,fhi:git
county,Møre og Romsdal,2021-02-05,201,151,8145,2193,3.07082695541363,0.826804605674903,352,10338,fhi:git
county,Møre og Romsdal,2021-02-06,1,2,8146,2195,3.07120397529766,0.827558645442961,3,10341,fhi:git
county,Møre og Romsdal,2021-02-07,0,1,8146,2196,3.07120397529766,0.827935665326989,1,10342,fhi:git
county,Møre og Romsdal,2021-02-08,0,2,8146,2198,3.07120397529766,0.828689705095047,2,10344,fhi:git
county,Møre og Romsdal,2021-02-09,329,155,8475,2353,3.1952435171430897,0.8871277871194929,484,10828,fhi:git
county,Møre og Romsdal,2021-02-10,1024,398,9499,2751,3.5813118783884703,1.03718170096291,1422,12250,fhi:git
county,Møre og Romsdal,2021-02-11,921,659,10420,3410,3.92854719157888,1.28563780453781,1580,13830,fhi:git
county,Nordland,2020-12-27,0,0,0,0,0.0,0.0,0,0,fhi:git
county,Nordland,2020-12-28,0,0,0,0,0.0,0.0,0,0,fhi:git
county,Nordland,2020-12-29,0,0,0,0,0.0,0.0,0,0,fhi:git
county,Nordland,2020-12-30,1,0,1,0,0.00041453354612722,0.0,1,1,fhi:git
county,Nordland,2020-12-31,0,0,1,0,0.00041453354612722,0.0,0,1,fhi:git
county,Nordland,2021-01-01,0,0,1,0,0.00041453354612722,0.0,0,1,fhi:git
county,Nordland,2021-01-02,0,0,1,0,0.00041453354612722,0.0,0,1,fhi:git
county,Nordland,2021-01-03,0,0,1,0,0.00041453354612722,0.0,0,1,fhi:git
county,Nordland,2021-01-04,0,0,1,0,0.00041453354612722,0.0,0,1,fhi:git
county,Nordland,2021-01-05,200,0,201,0,0.0833212427715713,0.0,200,201,fhi:git
county,Nordland,2021-01-06,687,0,888,0,0.36810578896097207,0.0,687,888,fhi:git
county,Nordland,2021-01-07,238,0,1126,0,0.46676477293925,0.0,238,1126,fhi:git
county,Nordland,2021-01-08,115,0,1241,0,0.5144361307438811,0.0,115,1241,fhi:git
county,Nordland,2021-01-09,0,0,1241,0,0.5144361307438811,0.0,0,1241,fhi:git
county,Nordland,2021-01-10,0,0,1241,0,0.5144361307438811,0.0,0,1241,fhi:git
county,Nordland,2021-01-11,0,0,1241,0,0.5144361307438811,0.0,0,1241,fhi:git
county,Nordland,2021-01-12,291,0,1532,0,0.635065392666902,0.0,291,1532,fhi:git
county,Nordland,2021-01-13,626,0,2158,0,0.8945633925425419,0.0,626,2158,fhi:git
county,Nordland,2021-01-14,273,0,2431,0,1.0077310506352701,0.0,273,2431,fhi:git
county,Nordland,2021-01-15,69,0,2500,0,1.03633386531805,0.0,69,2500,fhi:git
county,Nordland,2021-01-16,0,0,2500,0,1.03633386531805,0.0,0,2500,fhi:git
county,Nordland,2021-01-17,0,0,2500,0,1.03633386531805,0.0,0,2500,fhi:git
county,Nordland,2021-01-18,0,0,2500,0,1.03633386531805,0.0,0,2500,fhi:git
county,Nordland,2021-01-19,313,0,2813,0,1.1660828652558701,0.0,313,2813,fhi:git
county,Nordland,2021-01-20,782,0,3595,0,1.49024809832736,0.0,782,3595,fhi:git
county,Nordland,2021-01-21,610,0,4205,0,1.74311356146496,0.0,610,4205,fhi:git
county,Nordland,2021-01-22,167,0,4372,0,1.81234066366821,0.0,167,4372,fhi:git
county,Nordland,2021-01-23,1,0,4373,0,1.81275519721433,0.0,1,4373,fhi:git
county,Nordland,2021-01-24,0,0,4373,0,1.81275519721433,0.0,0,4373,fhi:git
county,Nordland,2021-01-25,51,0,4424,0,1.8338964080668203,0.0,51,4424,fhi:git
county,Nordland,2021-01-26,96,90,4520,90,1.87369162849504,0.0373080191514498,186,4610,fhi:git
county,Nordland,2021-01-27,625,529,5145,619,2.13277509482455,0.256596265052749,1154,5764,fhi:git
county,Nordland,2021-01-28,469,365,5614,984,2.32719132795822,0.407901009389185,834,6598,fhi:git
county,Nordland,2021-01-29,207,145,5821,1129,2.41299977200655,0.46800837357763203,352,6950,fhi:git
county,Nordland,2021-01-30,0,0,5821,1129,2.41299977200655,0.46800837357763203,0,6950,fhi:git
county,Nordland,2021-01-31,0,0,5821,1129,2.41299977200655,0.46800837357763203,0,6950,fhi:git
county,Nordland,2021-02-01,9,4,5830,1133,2.41673057392169,0.46966650776214103,13,6963,fhi:git
county,Nordland,2021-02-02,103,199,5933,1332,2.4594275291728,0.552158683441458,302,7265,fhi:git
county,Nordland,2021-02-03,1362,432,7295,1764,3.02402221899807,0.731237175368417,1794,9059,fhi:git
county,Nordland,2021-02-04,1564,321,8859,2085,3.6723526851410497,0.864302443675254,1885,10944,fhi:git
county,Nordland,2021-02-05,325,125,9184,2210,3.80707608763239,0.916119136941157,450,11394,fhi:git
county,Nordland,2021-02-06,0,0,9184,2210,3.80707608763239,0.916119136941157,0,11394,fhi:git
county,Nordland,2021-02-07,1,0,9185,2210,3.8074906211785198,0.916119136941157,1,11395,fhi:git
county,Nordland,2021-02-08,6,1,9191,2211,3.80997782245528,0.9165336704872841,7,11402,fhi:git
county,Nordland,2021-02-09,61,225,9252,2436,3.83526436876904,1.00980371836591,286,11688,fhi:git
county,Nordland,2021-02-10,1906,564,11158,3000,4.625365307687531,1.24360063838166,2470,14158,fhi:git
county,Nordland,2021-02-11,912,507,12070,3507,5.00341990175555,1.4537691462681601,1419,15577,fhi:git
county,Viken,2020-12-27,0,0,0,0,0.0,0.0,0,0,fhi:git
county,Viken,2020-12-28,64,0,64,0,0.0051564457586219395,0.0,64,64,fhi:git
county,Viken,2020-12-29,690,0,754,0,0.0607493765937647,0.0,690,754,fhi:git
county,Viken,2020-12-30,216,0,970,0,0.0781523810291138,0.0,216,970,fhi:git
county,Viken,2020-12-31,67,0,1037,0,0.0835505351826711,0.0,67,1037,fhi:git
county,Viken,2021-01-01,0,0,1037,0,0.0835505351826711,0.0,0,1037,fhi:git
county,Viken,2021-01-02,0,0,1037,0,0.0835505351826711,0.0,0,1037,fhi:git
county,Viken,2021-01-03,0,0,1037,0,0.0835505351826711,0.0,0,1037,fhi:git
county,Viken,2021-01-04,0,0,1037,0,0.0835505351826711,0.0,0,1037,fhi:git
county,Viken,2021-01-05,524,0,1561,0,0.12576893483138799,0.0,524,1561,fhi:git
county,Viken,2021-01-06,1644,0,3205,0,0.258225135255989,0.0,1644,3205,fhi:git
county,Viken,2021-01-07,1916,0,5121,0,0.412596230154734,0.0,1916,5121,fhi:git
county,Viken,2021-01-08,279,0,5400,0,0.435075110883726,0.0,279,5400,fhi:git
county,Viken,2021-01-09,6,0,5406,0,0.43555852767359704,0.0,6,5406,fhi:git
county,Viken,2021-01-10,5,0,5411,0,0.435961374998489,0.0,5,5411,fhi:git
county,Viken,2021-01-11,55,0,5466,0,0.44039269557230504,0.0,55,5466,fhi:git
county,Viken,2021-01-12,785,0,6251,0,0.503639725580402,0.0,785,6251,fhi:git
county,Viken,2021-01-13,1936,0,8187,0,0.659622209778716,0.0,1936,8187,fhi:git
county,Viken,2021-01-14,1951,0,10138,0,0.8168132359517071,0.0,1951,10138,fhi:git
county,Viken,2021-01-15,1042,0,11180,0,0.90076661845927,0.0,1042,11180,fhi:git
county,Viken,2021-01-16,85,0,11265,0,0.90761502298244,0.0,85,11265,fhi:git
county,Viken,2021-01-17,22,0,11287,0,0.909387551211966,0.0,22,11287,fhi:git
county,Viken,2021-01-18,141,51,11428,51,0.9207478457739301,0.00410904271390186,192,11479,fhi:git
county,Viken,2021-01-19,642,380,12070,431,0.972473442290107,0.0347254394057196,1022,12501,fhi:git
county,Viken,2021-01-20,1487,341,13557,772,1.09228023671309,0.0621996269633771,1828,14329,fhi:git
county,Viken,2021-01-21,1991,99,15548,871,1.2526940414852201,0.0701760039962455,2090,16419,fhi:git
county,Viken,2021-01-22,803,1,16351,872,1.3173913218629298,0.0702565734612239,804,17223,fhi:git
county,Viken,2021-01-23,97,0,16448,872,1.32520655996584,0.0702565734612239,97,17320,fhi:git
county,Viken,2021-01-24,0,0,16448,872,1.32520655996584,0.0702565734612239,0,17320,fhi:git
county,Viken,2021-01-25,59,0,16507,872,1.3299601583995702,0.0702565734612239,59,17379,fhi:git
county,Viken,2021-01-26,554,391,17061,1263,1.3745956419976397,0.10175923426780499,945,18324,fhi:git
county,Viken,2021-01-27,1907,1135,18968,2398,1.5282416117115802,0.19320557701836605,3042,21366,fhi:git
county,Viken,2021-01-28,3087,1704,22055,4102,1.77695955010011,0.330495945341675,4791,26157,fhi:git
county,Viken,2021-01-29,1028,417,23083,4519,1.8597849600979701,0.36409341223769603,1445,27602,fhi:git
county,Viken,2021-01-30,4,17,23087,4536,1.86010723795789,0.36546309314233005,21,27623,fhi:git
county,Viken,2021-01-31,0,3,23087,4539,1.86010723795789,0.36570480153726503,3,27626,fhi:git
county,Viken,2021-02-01,25,45,23112,4584,1.86212147458235,0.369330427461296,70,27696,fhi:git
county,Viken,2021-02-02,1013,683,24125,5267,1.9437383426055401,0.42435937204158997,1696,29392,fhi:git
county,Viken,2021-02-03,4704,1703,28829,6970,2.32273710586425,0.561569170899921,6407,35799,fhi:git
county,Viken,2021-02-04,6599,1749,35428,8719,2.85441500525716,0.702485165147261,8348,44147,fhi:git
county,Viken,2021-02-05,3110,1085,38538,9804,3.10498604134019,0.789903034648899,4195,48342,fhi:git
county,Viken,2021-02-06,37,85,38575,9889,3.1079671115444,0.7967514391720679,122,48464,fhi:git
county,Viken,2021-02-07,15,19,38590,9908,3.1091756535190695,0.7982822590066591,34,48498,fhi:git
county,Viken,2021-02-08,17,95,38607,10003,3.11054533442371,0.805936358179613,112,48610,fhi:git
county,Viken,2021-02-09,730,529,39337,10532,3.1693610438579904,0.848557605153223,1259,49869,fhi:git
county,Viken,2021-02-10,3212,1225,42549,11757,3.4281501653688298,0.9472551997518459,4437,54306,fhi:git
county,Viken,2021-02-11,4492,1694,47041,13451,3.7900682020521,1.08373987342537,6186,60492,fhi:git
county,Innlandet,2020-12-27,0,0,0,0,0.0,0.0,0,0,fhi:git
county,Innlandet,2020-12-28,271,0,271,0,0.07297009841539098,0.0,271,271,fhi:git
county,Innlandet,2020-12-29,260,0,531,0,0.142978310917242,0.0,260,531,fhi:git
county,Innlandet,2020-12-30,149,0,680,0,0.18309840192791801,0.0,149,680,fhi:git
county,Innlandet,2020-12-31,0,0,680,0,0.18309840192791801,0.0,0,680,fhi:git
county,Innlandet,2021-01-01,0,0,680,0,0.18309840192791801,0.0,0,680,fhi:git
county,Innlandet,2021-01-02,0,0,680,0,0.18309840192791801,0.0,0,680,fhi:git
county,Innlandet,2021-01-03,0,0,680,0,0.18309840192791801,0.0,0,680,fhi:git
county,Innlandet,2021-01-04,0,0,680,0,0.18309840192791801,0.0,0,680,fhi:git
county,Innlandet,2021-01-05,273,0,953,0,0.256607025054862,0.0,273,953,fhi:git
county,Innlandet,2021-01-06,702,0,1655,0,0.44562919880985996,0.0,702,1655,fhi:git
county,Innlandet,2021-01-07,719,0,2374,0,0.639228832613057,0.0,719,2374,fhi:git
county,Innlandet,2021-01-08,76,0,2450,0,0.659692771652059,0.0,76,2450,fhi:git
county,Innlandet,2021-01-09,0,0,2450,0,0.659692771652059,0.0,0,2450,fhi:git
county,Innlandet,2021-01-10,0,0,2450,0,0.659692771652059,0.0,0,2450,fhi:git
county,Innlandet,2021-01-11,50,0,2500,0,0.6731558894408771,0.0,50,2500,fhi:git
county,Innlandet,2021-01-12,401,0,2901,0,0.781130094107193,0.0,401,2901,fhi:git
county,Innlandet,2021-01-13,995,0,3896,0,1.04904613810466,0.0,995,3896,fhi:git
county,Innlandet,2021-01-14,951,0,4847,0,1.30511463844797,0.0,951,4847,fhi:git
county,Innlandet,2021-01-15,278,0,5125,0,1.3799695733538002,0.0,278,5125,fhi:git
county,Innlandet,2021-01-16,4,0,5129,0,1.3810466227768998,0.0,4,5129,fhi:git
county,Innlandet,2021-01-17,0,0,5129,0,1.3810466227768998,0.0,0,5129,fhi:git
county,Innlandet,2021-01-18,67,0,5196,0,1.39908720061392,0.0,67,5196,fhi:git
county,Innlandet,2021-01-19,333,318,5529,318,1.48875156508744,0.0856254291368795,651,5847,fhi:git
county,Innlandet,2021-01-20,663,252,6192,570,1.66727250696716,0.15347954279252,915,6762,fhi:git
county,Innlandet,2021-01-21,831,48,7023,618,1.89102952461731,0.166404135869785,879,7641,fhi:git
county,Innlandet,2021-01-22,238,0,7261,618,1.9551139652920801,0.166404135869785,238,7879,fhi:git
county,Innlandet,2021-01-23,5,0,7266,618,1.95646027707096,0.166404135869785,5,7884,fhi:git
county,Innlandet,2021-01-24,0,0,7266,618,1.95646027707096,0.166404135869785,0,7884,fhi:git
county,Innlandet,2021-01-25,1,0,7267,618,1.95672953942674,0.166404135869785,1,7885,fhi:git
county,Innlandet,2021-01-26,140,131,7407,749,1.99442626923543,0.201677504476487,271,8156,fhi:git
county,Innlandet,2021-01-27,907,549,8314,1298,2.23864722592458,0.349502537797703,1456,9612,fhi:git
county,Innlandet,2021-01-28,895,705,9209,2003,2.4796370343444103,0.5393324986200301,1600,11212,fhi:git
county,Innlandet,2021-01-29,312,132,9521,2135,2.56364688934664,0.5748751295825091,444,11656,fhi:git
county,Innlandet,2021-01-30,1,0,9522,2135,2.5639161517024105,0.5748751295825091,1,11657,fhi:git
county,Innlandet,2021-01-31,0,0,9522,2135,2.5639161517024105,0.5748751295825091,0,11657,fhi:git
county,Innlandet,2021-02-01,8,49,9530,2184,2.5660702505486204,0.58806898501555,57,11714,fhi:git
county,Innlandet,2021-02-02,605,334,10135,2518,2.72897397579331,0.6780026118448511,939,12653,fhi:git
county,Innlandet,2021-02-03,2281,812,12416,3330,3.34316140931917,0.8966436447352479,3093,15746,fhi:git
county,Innlandet,2021-02-04,2595,985,15011,4315,4.0418972225588,1.1618670651749499,3580,19326,fhi:git
county,Innlandet,2021-02-05,806,269,15817,4584,4.25892268131454,1.23429863887879,1075,20401,fhi:git
county,Innlandet,2021-02-06,7,4,15824,4588,4.26080751780497,1.2353756883018998,11,20412,fhi:git
county,Innlandet,2021-02-07,0,0,15824,4588,4.26080751780497,1.2353756883018998,0,20412,fhi:git
county,Innlandet,2021-02-08,1,63,15825,4651,4.26107678016075,1.25233921671581,64,20476,fhi:git
county,Innlandet,2021-02-09,252,267,16077,4918,4.32893089381639,1.32423226570809,519,20995,fhi:git
county,Innlandet,2021-02-10,2062,558,18139,5476,4.884149871427231,1.4744806602313,2620,23615,fhi:git
county,Innlandet,2021-02-11,2097,775,20236,6251,5.44879303149023,1.68315898595797,2872,26487,fhi:git
county,Vestfold og Telemark,2020-12-27,0,0,0,0,0.0,0.0,0,0,fhi:git
county,Vestfold og Telemark,2020-12-28,0,0,0,0,0.0,0.0,0,0,fhi:git
county,Vestfold og Telemark,2020-12-29,0,0,0,0,0.0,0.0,0,0,fhi:git
county,Vestfold og Telemark,2020-12-30,0,0,0,0,0.0,0.0,0,0,fhi:git
county,Vestfold og Telemark,2020-12-31,0,0,0,0,0.0,0.0,0,0,fhi:git
county,Vestfold og Telemark,2021-01-01,0,0,0,0,0.0,0.0,0,0,fhi:git
county,Vestfold og Telemark,2021-01-02,0,0,0,0,0.0,0.0,0,0,fhi:git
county,Vestfold og Telemark,2021-01-03,0,0,0,0,0.0,0.0,0,0,fhi:git
county,Vestfold og Telemark,2021-01-04,1,0,1,0,0.00023843813484153399,0.0,1,1,fhi:git
county,Vestfold og Telemark,2021-01-05,218,0,219,0,0.052217951530296,0.0,218,219,fhi:git
county,Vestfold og Telemark,2021-01-06,1026,0,1245,0,0.29685547787771,0.0,1026,1245,fhi:git
county,Vestfold og Telemark,2021-01-07,442,0,1687,0,0.40224513347766794,0.0,442,1687,fhi:git
county,Vestfold og Telemark,2021-01-08,64,0,1751,0,0.417505174107526,0.0,64,1751,fhi:git
county,Vestfold og Telemark,2021-01-09,0,0,1751,0,0.417505174107526,0.0,0,1751,fhi:git
county,Vestfold og Telemark,2021-01-10,2,0,1753,0,0.417982050377209,0.0,2,1753,fhi:git
county,Vestfold og Telemark,2021-01-11,2,0,1755,0,0.41845892664689205,0.0,2,1755,fhi:git
county,Vestfold og Telemark,2021-01-12,418,0,2173,0,0.518126067010654,0.0,418,2173,fhi:git
county,Vestfold og Telemark,2021-01-13,1168,0,3341,0,0.796621808505565,0.0,1168,3341,fhi:git
county,Vestfold og Telemark,2021-01-14,586,0,3927,0,0.9363465555227041,0.0,586,3927,fhi:git
county,Vestfold og Telemark,2021-01-15,157,0,4084,0,0.9737813426928249,0.0,157,4084,fhi:git
county,Vestfold og Telemark,2021-01-16,3,0,4087,0,0.9744966570973491,0.0,3,4087,fhi:git
county,Vestfold og Telemark,2021-01-17,39,0,4126,0,0.9837957443561691,0.0,39,4126,fhi:git
county,Vestfold og Telemark,2021-01-18,5,0,4131,0,0.9849879350303771,0.0,5,4131,fhi:git
county,Vestfold og Telemark,2021-01-19,227,0,4358,0,1.0391133916394102,0.0,227,4358,fhi:git
county,Vestfold og Telemark,2021-01-20,1605,0,5963,0,1.42180659806007,0.0,1605,5963,fhi:git
county,Vestfold og Telemark,2021-01-21,827,0,6790,0,1.61899493557402,0.0,827,6790,fhi:git
county,Vestfold og Telemark,2021-01-22,178,0,6968,0,1.6614369235758102,0.0,178,6968,fhi:git
county,Vestfold og Telemark,2021-01-23,3,0,6971,0,1.66215223798033,0.0,3,6971,fhi:git
county,Vestfold og Telemark,2021-01-24,0,0,6971,0,1.66215223798033,0.0,0,6971,fhi:git
county,Vestfold og Telemark,2021-01-25,45,0,7016,0,1.6728819540482,0.0,45,7016,fhi:git
county,Vestfold og Telemark,2021-01-26,103,178,7119,178,1.6974410819368797,0.0424419880017931,281,7297,fhi:git
county,Vestfold og Telemark,2021-01-27,1621,898,8740,1076,2.08394929851501,0.25655943308949103,2519,9816,fhi:git
county,Vestfold og Telemark,2021-01-28,651,448,9391,1524,2.23917252429685,0.36337971749849796,1099,10915,fhi:git
county,Vestfold og Telemark,2021-01-29,86,90,9477,1614,2.25967820389322,0.38483914963423604,176,11091,fhi:git
county,Vestfold og Telemark,2021-01-30,0,0,9477,1614,2.25967820389322,0.38483914963423604,0,11091,fhi:git
county,Vestfold og Telemark,2021-01-31,0,1,9477,1615,2.25967820389322,0.38507758776907797,1,11092,fhi:git
county,Vestfold og Telemark,2021-02-01,49,0,9526,1615,2.27136167250045,0.38507758776907797,49,11141,fhi:git
county,Vestfold og Telemark,2021-02-02,459,327,9985,1942,2.3808047763927203,0.463046857862259,786,11927,fhi:git
county,Vestfold og Telemark,2021-02-03,3204,834,13189,2776,3.14476056042499,0.661904262320098,4038,15965,fhi:git
county,Vestfold og Telemark,2021-02-04,1886,706,15075,3482,3.59445488273613,0.8302415855182209,2592,18557,fhi:git
county,Vestfold og Telemark,2021-02-05,949,244,16024,3726,3.82073267270074,0.888420490419556,1193,19750,fhi:git
county,Vestfold og Telemark,2021-02-06,0,4,16024,3730,3.82073267270074,0.889374242958922,4,19754,fhi:git
county,Vestfold og Telemark,2021-02-07,2,1,16026,3731,3.82120954897042,0.889612681093763,3,19757,fhi:git
county,Vestfold og Telemark,2021-02-08,17,46,16043,3777,3.82526299726273,0.9005808352964741,63,19820,fhi:git
county,Vestfold og Telemark,2021-02-09,345,204,16388,3981,3.9075241537830605,0.949222214804147,549,20369,fhi:git
county,Vestfold og Telemark,2021-02-10,2873,1359,19261,5340,4.59255691518279,1.27325964005379,4232,24601,fhi:git
county,Vestfold og Telemark,2021-02-11,1273,746,20534,6086,4.896088660836059,1.4511344886455801,2019,26620,fhi:git
county,Agder,2020-12-27,0,0,0,0,0.0,0.0,0,0,fhi:git
county,Agder,2020-12-28,0,0,0,0,0.0,0.0,0,0,fhi:git
county,Agder,2020-12-29,0,0,0,0,0.0,0.0,0,0,fhi:git
county,Agder,2020-12-30,0,0,0,0,0.0,0.0,0,0,fhi:git
county,Agder,2020-12-31,0,0,0,0,0.0,0.0,0,0,fhi:git
county,Agder,2021-01-01,0,0,0,0,0.0,0.0,0,0,fhi:git
county,Agder,2021-01-02,0,0,0,0,0.0,0.0,0,0,fhi:git
county,Agder,2021-01-03,3,0,3,0,0.000976463963597423,0.0,3,3,fhi:git
county,Agder,2021-01-04,0,0,3,0,0.000976463963597423,0.0,0,3,fhi:git
county,Agder,2021-01-05,79,0,82,0,0.0266900150049962,0.0,79,82,fhi:git
county,Agder,2021-01-06,791,0,873,0,0.28415101340685,0.0,791,873,fhi:git
county,Agder,2021-01-07,230,0,1103,0,0.359013250615986,0.0,230,1103,fhi:git
county,Agder,2021-01-08,49,0,1152,0,0.37496216202141097,0.0,49,1152,fhi:git
county,Agder,2021-01-09,0,0,1152,0,0.37496216202141097,0.0,0,1152,fhi:git
county,Agder,2021-01-10,0,0,1152,0,0.37496216202141097,0.0,0,1152,fhi:git
county,Agder,2021-01-11,0,0,1152,0,0.37496216202141097,0.0,0,1152,fhi:git
county,Agder,2021-01-12,225,0,1377,0,0.44819695929121706,0.0,225,1377,fhi:git
county,Agder,2021-01-13,851,0,2228,0,0.72518723696502,0.0,851,2228,fhi:git
county,Agder,2021-01-14,507,0,2735,0,0.8902096468129841,0.0,507,2735,fhi:git
county,Agder,2021-01-15,118,0,2853,0,0.92861722938115,0.0,118,2853,fhi:git
county,Agder,2021-01-16,0,0,2853,0,0.92861722938115,0.0,0,2853,fhi:git
county,Agder,2021-01-17,2,0,2855,0,0.929268205356881,0.0,2,2855,fhi:git
county,Agder,2021-01-18,15,0,2870,0,0.934150525174868,0.0,15,2870,fhi:git
county,Agder,2021-01-19,348,0,3218,0,1.0474203449521702,0.0,348,3218,fhi:git
county,Agder,2021-01-20,459,0,3677,0,1.1968193313825801,0.0,459,3677,fhi:git
county,Agder,2021-01-21,340,0,4017,0,1.30748524725695,0.0,340,4017,fhi:git
county,Agder,2021-01-22,62,0,4079,0,1.32766550250463,0.0,62,4079,fhi:git
county,Agder,2021-01-23,1,0,4080,0,1.3279909904925,0.0,1,4080,fhi:git
county,Agder,2021-01-24,0,0,4080,0,1.3279909904925,0.0,0,4080,fhi:git
county,Agder,2021-01-25,1,0,4081,0,1.32831647848036,0.0,1,4081,fhi:git
county,Agder,2021-01-26,62,66,4143,66,1.3484967337280402,0.0214822071991433,128,4209,fhi:git
county,Agder,2021-01-27,552,680,4695,746,1.52816610302997,0.242814038947893,1232,5441,fhi:git
county,Agder,2021-01-28,950,248,5645,994,1.83737969150249,0.32353505993861303,1198,6639,fhi:git
county,Agder,2021-01-29,201,61,5846,1055,1.90280277706351,0.34338982719842703,262,6901,fhi:git
county,Agder,2021-01-30,29,0,5875,1055,1.91224192871162,0.34338982719842703,29,6930,fhi:git
county,Agder,2021-01-31,20,0,5895,1055,1.91875168846894,0.34338982719842703,20,6950,fhi:git
county,Agder,2021-02-01,0,1,5895,1056,1.91875168846894,0.34371531518629306,1,6951,fhi:git
county,Agder,2021-02-02,202,170,6097,1226,1.98450026201783,0.39904827312348,372,7323,fhi:git
county,Agder,2021-02-03,1317,588,7414,1814,2.4131679420371004,0.590435209988575,1905,9228,fhi:git
county,Agder,2021-02-04,1700,501,9114,2315,2.96649752140897,0.753504691909345,2201,11429,fhi:git
county,Agder,2021-02-05,605,133,9719,2448,3.16341775406779,0.796794594295498,738,12167,fhi:git
county,Agder,2021-02-06,484,1,10203,2449,3.32095394019484,0.7971200822833628,485,12652,fhi:git
county,Agder,2021-02-07,83,2,10286,2451,3.3479694431877,0.797771058259095,85,12737,fhi:git
county,Agder,2021-02-08,13,2,10299,2453,3.35220078702996,0.798422034234827,15,12752,fhi:git
county,Agder,2021-02-09,187,239,10486,2692,3.41306704076086,0.876213663334755,426,13178,fhi:git
county,Agder,2021-02-10,1118,370,11604,3062,3.77696261119483,0.996644218845104,1488,14666,fhi:git
county,Agder,2021-02-11,980,395,12584,3457,4.0959408393033305,1.1252119740521,1375,16041,fhi:git
county,Vestland,2020-12-27,0,0,0,0,0.0,0.0,0,0,fhi:git
county,Vestland,2020-12-28,0,0,0,0,0.0,0.0,0,0,fhi:git
county,Vestland,2020-12-29,0,0,0,0,0.0,0.0,0,0,fhi:git
county,Vestland,2020-12-30,0,0,0,0,0.0,0.0,0,0,fhi:git
county,Vestland,2020-12-31,0,0,0,0,0.0,0.0,0,0,fhi:git
county,Vestland,2021-01-01,0,0,0,0,0.0,0.0,0,0,fhi:git
county,Vestland,2021-01-02,0,0,0,0,0.0,0.0,0,0,fhi:git
county,Vestland,2021-01-03,0,0,0,0,0.0,0.0,0,0,fhi:git
county,Vestland,2021-01-04,2,0,2,0,0.00031420307887597003,0.0,2,2,fhi:git
county,Vestland,2021-01-05,416,0,418,0,0.0656684434850777,0.0,416,418,fhi:git
county,Vestland,2021-01-06,1250,0,1668,0,0.262045367782559,0.0,1250,1668,fhi:git
county,Vestland,2021-01-07,714,0,2382,0,0.37421586694128,0.0,714,2382,fhi:git
county,Vestland,2021-01-08,139,0,2521,0,0.39605298092315994,0.0,139,2521,fhi:git
county,Vestland,2021-01-09,0,0,2521,0,0.39605298092315994,0.0,0,2521,fhi:git
county,Vestland,2021-01-10,0,0,2521,0,0.39605298092315994,0.0,0,2521,fhi:git
county,Vestland,2021-01-11,65,0,2586,0,0.406264580986629,0.0,65,2586,fhi:git
county,Vestland,2021-01-12,855,0,3441,0,0.540586397206106,0.0,855,3441,fhi:git
county,Vestland,2021-01-13,1125,0,4566,0,0.717325629073839,0.0,1125,4566,fhi:git
county,Vestland,2021-01-14,995,0,5561,0,0.873641660814634,0.0,995,5561,fhi:git
county,Vestland,2021-01-15,424,0,5985,0,0.94025271353634,0.0,424,5985,fhi:git
county,Vestland,2021-01-16,2,0,5987,0,0.940566916615216,0.0,2,5987,fhi:git
county,Vestland,2021-01-17,1,0,5988,0,0.940724018154654,0.0,1,5988,fhi:git
county,Vestland,2021-01-18,57,0,6045,0,0.9496788059026191,0.0,57,6045,fhi:git
county,Vestland,2021-01-19,368,0,6413,0,1.0074921724158001,0.0,368,6413,fhi:git
county,Vestland,2021-01-20,1234,0,7647,0,1.2013554720822701,0.0,1234,7647,fhi:git
county,Vestland,2021-01-21,782,0,8429,0,1.3242088759227801,0.0,782,8429,fhi:git
county,Vestland,2021-01-22,309,0,8738,0,1.3727532516091103,0.0,309,8738,fhi:git
county,Vestland,2021-01-23,0,0,8738,0,1.3727532516091103,0.0,0,8738,fhi:git
county,Vestland,2021-01-24,0,0,8738,0,1.3727532516091103,0.0,0,8738,fhi:git
county,Vestland,2021-01-25,1,0,8739,0,1.37291035314855,0.0,1,8739,fhi:git
county,Vestland,2021-01-26,151,174,8890,174,1.39663268560369,0.0273356678622094,325,9064,fhi:git
county,Vestland,2021-01-27,1579,1204,10469,1378,1.6446960163762598,0.216485921345543,2783,11847,fhi:git
county,Vestland,2021-01-28,1918,677,12387,2055,1.94601676901832,0.32284366354505895,2595,14442,fhi:git
county,Vestland,2021-01-29,478,165,12865,2220,2.0211113048696796,0.348765417552327,643,15085,fhi:git
county,Vestland,2021-01-30,1,0,12866,2220,2.02126840640911,0.348765417552327,1,15086,fhi:git
county,Vestland,2021-01-31,0,0,12866,2220,2.02126840640911,0.348765417552327,0,15086,fhi:git
county,Vestland,2021-02-01,12,59,12878,2279,2.02315362488237,0.358034408379168,71,15157,fhi:git
county,Vestland,2021-02-02,704,579,13582,2858,2.13375310864671,0.448996199713761,1283,16440,fhi:git
county,Vestland,2021-02-03,2796,1037,16378,3895,2.57300901291532,0.611910496110951,3833,20273,fhi:git
county,Vestland,2021-02-04,2498,1055,18876,4950,2.9654486584314,0.777652620218026,3553,23826,fhi:git
county,Vestland,2021-02-05,825,484,19701,5434,3.0950574284677406,0.8536897653060099,1309,25135,fhi:git
county,Vestland,2021-02-06,0,2,19701,5436,3.0950574284677406,0.8540039683848859,2,25137,fhi:git
county,Vestland,2021-02-07,2,1,19703,5437,3.09537163154662,0.8541610699243242,3,25140,fhi:git
county,Vestland,2021-02-08,12,49,19715,5486,3.0972568500198703,0.8618590453567859,61,25201,fhi:git
county,Vestland,2021-02-09,859,302,20574,5788,3.2322070723971,0.9093037102670569,1161,26362,fhi:git
county,Vestland,2021-02-10,2657,962,23231,6750,3.64962586268383,1.0604353912064002,3619,29981,fhi:git
county,Vestland,2021-02-11,2380,797,25611,7547,4.023527526546229,1.1856453181384699,3177,33158,fhi:git
county,Trøndelag,2020-12-27,0,0,0,0,0.0,0.0,0,0,fhi:git
county,Trøndelag,2020-12-28,0,0,0,0,0.0,0.0,0,0,fhi:git
county,Trøndelag,2020-12-29,0,0,0,0,0.0,0.0,0,0,fhi:git
county,Trøndelag,2020-12-30,0,0,0,0,0.0,0.0,0,0,fhi:git
county,Trøndelag,2020-12-31,0,0,0,0,0.0,0.0,0,0,fhi:git
county,Trøndelag,2021-01-01,0,0,0,0,0.0,0.0,0,0,fhi:git
county,Trøndelag,2021-01-02,0,0,0,0,0.0,0.0,0,0,fhi:git
county,Trøndelag,2021-01-03,0,0,0,0,0.0,0.0,0,0,fhi:git
county,Trøndelag,2021-01-04,3,0,3,0,0.000640065542711574,0.0,3,3,fhi:git
county,Trøndelag,2021-01-05,406,0,409,0,0.0872622689896779,0.0,406,409,fhi:git
county,Trøndelag,2021-01-06,674,0,1083,0,0.231063660918878,0.0,674,1083,fhi:git
county,Trøndelag,2021-01-07,483,0,1566,0,0.33411421329544105,0.0,483,1566,fhi:git
county,Trøndelag,2021-01-08,140,0,1706,0,0.36398393862198203,0.0,140,1706,fhi:git
county,Trøndelag,2021-01-09,0,0,1706,0,0.36398393862198203,0.0,0,1706,fhi:git
county,Trøndelag,2021-01-10,0,0,1706,0,0.36398393862198203,0.0,0,1706,fhi:git
county,Trøndelag,2021-01-11,95,0,1801,0,0.38425268080784797,0.0,95,1801,fhi:git
county,Trøndelag,2021-01-12,502,0,2303,0,0.49135698162158503,0.0,502,2303,fhi:git
county,Trøndelag,2021-01-13,857,0,3160,0,0.674202371656191,0.0,857,3160,fhi:git
county,Trøndelag,2021-01-14,670,0,3830,0,0.8171503428617759,0.0,670,3830,fhi:git
county,Trøndelag,2021-01-15,253,0,4083,0,0.871129203630452,0.0,253,4083,fhi:git
county,Trøndelag,2021-01-16,0,0,4083,0,0.871129203630452,0.0,0,4083,fhi:git
county,Trøndelag,2021-01-17,0,0,4083,0,0.871129203630452,0.0,0,4083,fhi:git
county,Trøndelag,2021-01-18,152,0,4235,0,0.903559191127838,0.0,152,4235,fhi:git
county,Trøndelag,2021-01-19,568,0,4803,0,1.02474493388123,0.0,568,4803,fhi:git
county,Trøndelag,2021-01-20,729,0,5532,0,1.1802808607601398,0.0,729,5532,fhi:git
county,Trøndelag,2021-01-21,521,0,6053,0,1.2914389100110502,0.0,521,6053,fhi:git
county,Trøndelag,2021-01-22,284,0,6337,0,1.3520317813877498,0.0,284,6337,fhi:git
county,Trøndelag,2021-01-23,1,0,6338,0,1.35224513656865,0.0,1,6338,fhi:git
county,Trøndelag,2021-01-24,0,0,6338,0,1.35224513656865,0.0,0,6338,fhi:git
county,Trøndelag,2021-01-25,1,0,6339,0,1.35245849174956,0.0,1,6339,fhi:git
county,Trøndelag,2021-01-26,313,184,6652,184,1.41923866337246,0.0392573532863098,497,6836,fhi:git
county,Trøndelag,2021-01-27,956,590,7608,774,1.6232062163165502,0.165136910019586,1546,8382,fhi:git
county,Trøndelag,2021-01-28,699,473,8307,1247,1.7723414877683503,0.26605391058711103,1172,9554,fhi:git
county,Trøndelag,2021-01-29,386,202,8693,1449,1.8546965875972399,0.30915165712969,588,10142,fhi:git
county,Trøndelag,2021-01-30,0,0,8693,1449,1.8546965875972399,0.30915165712969,0,10142,fhi:git
county,Trøndelag,2021-01-31,0,1,8693,1450,1.8546965875972399,0.309365012310594,1,10143,fhi:git
county,Trøndelag,2021-02-01,13,86,8706,1536,1.85747020494899,0.32771355786832596,99,10242,fhi:git
county,Trøndelag,2021-02-02,826,394,9532,1930,2.03370158437557,0.41177549914444606,1220,11462,fhi:git
county,Trøndelag,2021-02-03,2010,805,11542,2735,2.46254549799233,0.583526419772051,2815,14277,fhi:git
county,Trøndelag,2021-02-04,2064,589,13606,3324,2.90291059137789,0.709192621324424,2653,16930,fhi:git
county,Trøndelag,2021-02-05,1260,319,14866,3643,3.17173811931675,0.777252924032754,1579,18509,fhi:git
county,Trøndelag,2021-02-06,7,0,14873,3643,3.17323160558308,0.777252924032754,7,18516,fhi:git
county,Trøndelag,2021-02-07,1,0,14874,3643,3.1734449607639803,0.777252924032754,1,18517,fhi:git
county,Trøndelag,2021-02-08,3,150,14877,3793,3.17408502630669,0.809256201168333,153,18670,fhi:git
county,Trøndelag,2021-02-09,822,523,15699,4316,3.3494629850096698,0.9208409607810509,1345,20015,fhi:git
county,Trøndelag,2021-02-10,2020,607,17719,4923,3.78044045043546,1.05034755558969,2627,22642,fhi:git
county,Trøndelag,2021-02-11,1982,566,19701,5489,4.20331041898691,1.17110658798128,2548,25190,fhi:git
county,Troms og Finnmark,2020-12-27,0,0,0,0,0.0,0.0,0,0,fhi:git
county,Troms og Finnmark,2020-12-28,1,0,1,0,0.00041099662571770297,0.0,1,1,fhi:git
county,Troms og Finnmark,2020-12-29,0,0,1,0,0.00041099662571770297,0.0,0,1,fhi:git
county,Troms og Finnmark,2020-12-30,0,0,1,0,0.00041099662571770297,0.0,0,1,fhi:git
county,Troms og Finnmark,2020-12-31,0,0,1,0,0.00041099662571770297,0.0,0,1,fhi:git
county,Troms og Finnmark,2021-01-01,0,0,1,0,0.00041099662571770297,0.0,0,1,fhi:git
county,Troms og Finnmark,2021-01-02,0,0,1,0,0.00041099662571770297,0.0,0,1,fhi:git
county,Troms og Finnmark,2021-01-03,0,0,1,0,0.00041099662571770297,0.0,0,1,fhi:git
county,Troms og Finnmark,2021-01-04,0,0,1,0,0.00041099662571770297,0.0,0,1,fhi:git
county,Troms og Finnmark,2021-01-05,53,0,54,0,0.022193817788756,0.0,53,54,fhi:git
county,Troms og Finnmark,2021-01-06,528,0,582,0,0.23920003616770302,0.0,528,582,fhi:git
county,Troms og Finnmark,2021-01-07,188,0,770,0,0.31646740180263105,0.0,188,770,fhi:git
county,Troms og Finnmark,2021-01-08,247,0,1017,0,0.41798356835490397,0.0,247,1017,fhi:git
county,Troms og Finnmark,2021-01-09,0,0,1017,0,0.41798356835490397,0.0,0,1017,fhi:git
county,Troms og Finnmark,2021-01-10,0,0,1017,0,0.41798356835490397,0.0,0,1017,fhi:git
county,Troms og Finnmark,2021-01-11,1,0,1018,0,0.418394564980622,0.0,1,1018,fhi:git
county,Troms og Finnmark,2021-01-12,188,0,1206,0,0.49566193061555,0.0,188,1206,fhi:git
county,Troms og Finnmark,2021-01-13,568,0,1774,0,0.7291080140232049,0.0,568,1774,fhi:git
county,Troms og Finnmark,2021-01-14,329,0,2103,0,0.8643259038843291,0.0,329,2103,fhi:git
county,Troms og Finnmark,2021-01-15,37,0,2140,0,0.879532779035884,0.0,37,2140,fhi:git
county,Troms og Finnmark,2021-01-16,2,0,2142,0,0.8803547722873192,0.0,2,2142,fhi:git
county,Troms og Finnmark,2021-01-17,1,0,2143,0,0.880765768913037,0.0,1,2143,fhi:git
county,Troms og Finnmark,2021-01-18,0,1,2143,1,0.880765768913037,0.00041099662571770297,1,2144,fhi:git
county,Troms og Finnmark,2021-01-19,249,0,2392,1,0.9831039287167449,0.00041099662571770297,249,2393,fhi:git
county,Troms og Finnmark,2021-01-20,913,0,3305,1,1.35834384799701,0.00041099662571770297,913,3306,fhi:git
county,Troms og Finnmark,2021-01-21,249,0,3554,1,1.46068200780072,0.00041099662571770297,249,3555,fhi:git
county,Troms og Finnmark,2021-01-22,81,0,3635,1,1.49397273448385,0.00041099662571770297,81,3636,fhi:git
county,Troms og Finnmark,2021-01-23,12,0,3647,1,1.4989046939924602,0.00041099662571770297,12,3648,fhi:git
county,Troms og Finnmark,2021-01-24,0,0,3647,1,1.4989046939924602,0.00041099662571770297,0,3648,fhi:git
county,Troms og Finnmark,2021-01-25,6,0,3653,1,1.50137067374677,0.00041099662571770297,6,3654,fhi:git
county,Troms og Finnmark,2021-01-26,84,0,3737,1,1.53589439030706,0.00041099662571770297,84,3738,fhi:git
county,Troms og Finnmark,2021-01-27,674,355,4411,356,1.81290611604079,0.14631479875550196,1029,4767,fhi:git
county,Troms og Finnmark,2021-01-28,233,276,4644,632,1.90866832983301,0.259749867453588,509,5276,fhi:git
county,Troms og Finnmark,2021-01-29,103,243,4747,875,1.95100098228194,0.35962204750299,346,5622,fhi:git
county,Troms og Finnmark,2021-01-30,0,0,4747,875,1.95100098228194,0.35962204750299,0,5622,fhi:git
county,Troms og Finnmark,2021-01-31,0,0,4747,875,1.95100098228194,0.35962204750299,0,5622,fhi:git
county,Troms og Finnmark,2021-02-01,0,2,4747,877,1.95100098228194,0.360444040754425,2,5624,fhi:git
county,Troms og Finnmark,2021-02-02,120,21,4867,898,2.00032057736806,0.369074969894497,141,5765,fhi:git
county,Troms og Finnmark,2021-02-03,1156,560,6023,1458,2.47543267669772,0.599233080296411,1716,7481,fhi:git
county,Troms og Finnmark,2021-02-04,1127,369,7150,1827,2.93862587388158,0.7508908351862429,1496,8977,fhi:git
county,Troms og Finnmark,2021-02-05,279,141,7429,1968,3.05329393245681,0.8088413594124391,420,9397,fhi:git
county,Troms og Finnmark,2021-02-06,1,1,7430,1969,3.0537049290825293,0.809252356038157,2,9399,fhi:git
county,Troms og Finnmark,2021-02-07,0,1,7430,1970,3.0537049290825293,0.8096633526638751,1,9400,fhi:git
county,Troms og Finnmark,2021-02-08,0,0,7430,1970,3.0537049290825293,0.8096633526638751,0,9400,fhi:git
county,Troms og Finnmark,2021-02-09,71,26,7501,1996,3.08288568950849,0.820349264932535,97,9497,fhi:git
county,Troms og Finnmark,2021-02-10,1401,796,8902,2792,3.65869196213899,1.14750257900383,2197,11694,fhi:git
county,Troms og Finnmark,2021-02-11,914,427,9816,3219,4.03434287804497,1.32299813818529,1341,13035,fhi:git
nation,Norge,2020-12-27,5,0,5,0,9.31518486915891e-05,0.0,5,5,fhi:git
nation,Norge,2020-12-28,601,0,606,0,0.0112900040614206,0.0,601,606,fhi:git
nation,Norge,2020-12-29,1068,0,1674,0,0.031187238941944,0.0,1068,1674,fhi:git
nation,Norge,2020-12-30,424,0,2098,0,0.0390865157109908,0.0,424,2098,fhi:git
nation,Norge,2020-12-31,72,0,2170,0,0.0404279023321497,0.0,72,2170,fhi:git
nation,Norge,2021-01-01,6,0,2176,0,0.0405396845505796,0.0,6,2176,fhi:git
nation,Norge,2021-01-02,0,0,2176,0,0.0405396845505796,0.0,0,2176,fhi:git
nation,Norge,2021-01-03,3,0,2179,0,0.0405955756597945,0.0,3,2179,fhi:git
nation,Norge,2021-01-04,6,0,2185,0,0.0407073578782245,0.0,6,2185,fhi:git
nation,Norge,2021-01-05,3385,0,5570,0,0.10377115944242998,0.0,3385,5570,fhi:git
nation,Norge,2021-01-06,9055,0,14625,0,0.272469157422898,0.0,9055,14625,fhi:git
nation,Norge,2021-01-07,6567,0,21192,0,0.39481479549443105,0.0,6567,21192,fhi:git
nation,Norge,2021-01-08,1613,0,22805,0,0.4248655818823379,0.0,1613,22805,fhi:git
nation,Norge,2021-01-09,134,0,22939,0,0.4273620514272729,0.0,134,22939,fhi:git
nation,Norge,2021-01-10,107,0,23046,0,0.42935550098927294,0.0,107,23046,fhi:git
nation,Norge,2021-01-11,347,0,23393,0,0.43582023928846897,0.0,347,23393,fhi:git
nation,Norge,2021-01-12,4261,0,27654,0,0.5152042447434411,0.0,4261,27654,fhi:git
nation,Norge,2021-01-13,9766,0,37420,0,0.6971484356078531,0.0,9766,37420,fhi:git
nation,Norge,2021-01-14,8446,0,45866,0,0.8545005384176859,0.0,8446,45866,fhi:git
nation,Norge,2021-01-15,4467,0,50333,0,0.937722400038751,0.0,4467,50333,fhi:git
nation,Norge,2021-01-16,740,0,51073,0,0.951508873645106,0.0,740,51073,fhi:git
nation,Norge,2021-01-17,340,5,51413,5,0.9578431993561349,9.31518486915891e-05,345,51418,fhi:git
nation,Norge,2021-01-18,1279,283,52692,288,0.981671442251443,0.005365546484635529,1562,52980,fhi:git
nation,Norge,2021-01-19,4552,767,57244,1055,1.06647688530027,0.0196550400739253,5319,58299,fhi:git
nation,Norge,2021-01-20,10008,692,67252,1747,1.2529296256413502,0.0325472559328412,10700,68999,fhi:git
nation,Norge,2021-01-21,8372,168,75624,1915,1.40890308109055,0.0356771580488786,8540,77539,fhi:git
nation,Norge,2021-01-22,3275,7,78899,1922,1.46991754198354,0.0358075706370469,3282,80821,fhi:git
nation,Norge,2021-01-23,353,0,79252,1922,1.47649406250116,0.0358075706370469,353,81174,fhi:git
nation,Norge,2021-01-24,66,0,79318,1922,1.4777236669038898,0.0358075706370469,66,81240,fhi:git
nation,Norge,2021-01-25,575,0,79893,1922,1.4884361295034299,0.0358075706370469,575,81815,fhi:git
nation,Norge,2021-01-26,2233,2129,82126,4051,1.5300377451290899,0.0754716278099255,4362,86177,fhi:git
nation,Norge,2021-01-27,11184,7434,93310,11485,1.73839980028244,0.21396979644458,18618,104795,fhi:git
nation,Norge,2021-01-28,10741,6532,104051,18017,1.9385086016417101,0.335663371575272,17273,122068,fhi:git
nation,Norge,2021-01-29,3717,2056,107768,20073,2.00775768595904,0.373967411757254,5773,127841,fhi:git
nation,Norge,2021-01-30,129,170,107897,20243,2.01016100365528,0.3771345746127679,299,128140,fhi:git
nation,Norge,2021-01-31,80,50,107977,20293,2.01165143323434,0.378066093099684,130,128270,fhi:git
nation,Norge,2021-02-01,180,298,108157,20591,2.01500489978724,0.383617943281702,478,128748,fhi:git
nation,Norge,2021-02-02,6270,3126,114427,23717,2.13181731804649,0.4418564790836839,9396,138144,fhi:git
nation,Norge,2021-02-03,24603,8189,139030,31906,2.5901803047183303,0.594420576870769,32792,170936,fhi:git
nation,Norge,2021-02-04,25373,8519,164403,40425,3.06288867608867,0.753132696671498,33892,204828,fhi:git
nation,Norge,2021-02-05,10368,4801,174771,45226,3.2560483495355497,0.842577101785162,15169,219997,fhi:git
nation,Norge,2021-02-06,772,731,175543,45957,3.2704309949735295,0.8561959020638721,1503,221500,fhi:git
nation,Norge,2021-02-07,317,294,175860,46251,3.27633682218057,0.861673230766938,611,222111,fhi:git
nation,Norge,2021-02-08,122,920,175982,47171,3.2786097272886496,0.8788131709261898,1042,223153,fhi:git
nation,Norge,2021-02-09,5306,3098,181288,50269,3.3774624691201605,0.936530056375499,8404,231557,fhi:git
nation,Norge,2021-02-10,21962,8257,203250,58526,3.7866226493131,1.0903610193047901,30219,261776,fhi:git
nation,Norge,2021-02-11,18569,7652,221819,66178,4.1325699849839195,1.2329206085423998,26221,287997,fhi:git
