granularity_geo,location_name,date,new_dose_1,new_dose_2,total_dose_1,total_dose_2,total_pr100_dose_1,total_pr100_dose_2,new_doses,total_doses,source
county,Oslo,2020-12-27,5,0,5,0,0.00072098677133472,0.0,5,5,fhi:git
county,Oslo,2020-12-28,264,0,269,0,0.0387890882978079,0.0,264,269,fhi:git
county,Oslo,2020-12-29,118,0,387,0,0.0558043761013073,0.0,118,387,fhi:git
county,Oslo,2020-12-30,58,0,445,0,0.06416782264879001,0.0,58,445,fhi:git
county,Oslo,2020-12-31,5,0,450,0,0.0648888094201248,0.0,5,450,fhi:git
county,Oslo,2021-01-01,6,0,456,0,0.0657539935457264,0.0,6,456,fhi:git
county,Oslo,2021-01-02,0,0,456,0,0.0657539935457264,0.0,0,456,fhi:git
county,Oslo,2021-01-03,0,0,456,0,0.0657539935457264,0.0,0,456,fhi:git
county,Oslo,2021-01-04,0,0,456,0,0.0657539935457264,0.0,0,456,fhi:git
county,Oslo,2021-01-05,480,0,936,0,0.13496872359386,0.0,480,936,fhi:git
county,Oslo,2021-01-06,605,0,1541,0,0.22220812292536102,0.0,605,1541,fhi:git
county,Oslo,2021-01-07,967,0,2508,0,0.36164696450149497,0.0,967,2508,fhi:git
county,Oslo,2021-01-08,449,0,2957,0,0.42639157656735294,0.0,449,2957,fhi:git
county,Oslo,2021-01-09,126,0,3083,0,0.44456044320498794,0.0,126,3083,fhi:git
county,Oslo,2021-01-10,100,0,3183,0,0.458980178631683,0.0,100,3183,fhi:git
county,Oslo,2021-01-11,76,0,3259,0,0.46993917755597,0.0,76,3259,fhi:git
county,Oslo,2021-01-12,240,0,3499,0,0.5045465425800371,0.0,240,3499,fhi:git
county,Oslo,2021-01-13,487,0,3986,0,0.574770654108038,0.0,487,3986,fhi:git
county,Oslo,2021-01-14,1233,0,5219,0,0.75256599191918,0.0,1233,5219,fhi:git
county,Oslo,2021-01-15,1639,0,6858,0,0.9889054555627009,0.0,1639,6858,fhi:git
county,Oslo,2021-01-16,643,0,7501,0,1.08162435435635,0.0,643,7501,fhi:git
county,Oslo,2021-01-17,274,5,7775,5,1.1211344294254901,0.00072098677133472,279,7780,fhi:git
county,Oslo,2021-01-18,759,231,8534,236,1.2305802213141,0.0340305756069988,990,8770,fhi:git
county,Oslo,2021-01-19,807,69,9341,305,1.3469474862075201,0.0439801930514179,876,9646,fhi:git
county,Oslo,2021-01-20,990,99,10331,404,1.4897028669318,0.0582557311238453,1089,10735,fhi:git
county,Oslo,2021-01-21,1020,21,11351,425,1.63678416828408,0.0612838755634512,1041,11776,fhi:git
county,Oslo,2021-01-22,669,6,12020,431,1.73325219828867,0.0621490596890528,675,12451,fhi:git
county,Oslo,2021-01-23,232,0,12252,431,1.7667059844786,0.0621490596890528,232,12683,fhi:git
county,Oslo,2021-01-24,66,0,12318,431,1.7762230098602199,0.0621490596890528,66,12749,fhi:git
county,Oslo,2021-01-25,258,0,12576,431,1.81342592726109,0.0621490596890528,258,13007,fhi:git
county,Oslo,2021-01-26,314,403,12890,834,1.85870389650091,0.12026059345863101,717,13724,fhi:git
county,Oslo,2021-01-27,995,528,13885,1362,2.00218026399652,0.19639679651157801,1523,15247,fhi:git
county,Oslo,2021-01-28,847,842,14732,2204,2.12431542306062,0.31781096880434395,1689,16936,fhi:git
county,Oslo,2021-01-29,410,501,15142,2705,2.1834363383100603,0.3900538432920829,911,17847,fhi:git
county,Oslo,2021-01-30,92,151,15234,2856,2.19670249490262,0.4118276437863921,243,18090,fhi:git
county,Oslo,2021-01-31,60,45,15294,2901,2.2053543361586403,0.41831652472840397,105,18195,fhi:git
county,Oslo,2021-02-01,52,46,15346,2947,2.21285259858052,0.424949603024684,98,18293,fhi:git
county,Oslo,2021-02-02,1519,149,16865,3096,2.4318883797120097,0.44643500881045795,1668,19961,fhi:git
county,Oslo,2021-02-03,2351,456,19216,3552,2.77089635959359,0.512189002356185,2807,22768,fhi:git
county,Oslo,2021-02-04,2019,1229,21235,4781,3.06203081785855,0.6894075507502591,3248,26016,fhi:git
county,Oslo,2021-02-05,1354,1565,22589,6346,3.257274035536,0.9150764101780258,2919,28935,fhi:git
county,Oslo,2021-02-06,241,632,22830,6978,3.2920255979143302,1.00620913807473,873,29808,fhi:git
county,Oslo,2021-02-07,215,269,23045,7247,3.32302802908172,1.04499822637254,484,30292,fhi:git
county,Oslo,2021-02-08,45,440,23090,7687,3.3295169100237296,1.10844506225,485,30777,fhi:git
county,Oslo,2021-02-09,1090,240,24180,7927,3.4866920261747003,1.14305242727406,1330,32107,fhi:git
county,Oslo,2021-02-10,1787,775,25967,8702,3.74437269824973,1.25480537683095,2562,34669,fhi:git
county,Oslo,2021-02-11,1582,699,27549,9401,3.97249291270004,1.35559932746354,2281,36950,fhi:git
county,Oslo,2021-02-12,1345,414,28894,9815,4.16643835418908,1.41529703213005,1759,38709,fhi:git
county,Oslo,2021-02-13,269,193,29163,10008,4.20522744248689,1.4431271215035701,462,39171,fhi:git
county,Oslo,2021-02-14,103,0,29266,10008,4.22007976997638,1.4431271215035701,103,39274,fhi:git
county,Oslo,2021-02-15,259,440,29525,10448,4.25742688473152,1.50657395738103,699,39973,fhi:git
county,Rogaland,2020-12-27,0,0,0,0,0.0,0.0,0,0,fhi:git
county,Rogaland,2020-12-28,1,0,1,0,0.00020838021888258202,0.0,1,1,fhi:git
county,Rogaland,2020-12-29,0,0,1,0,0.00020838021888258202,0.0,0,1,fhi:git
county,Rogaland,2020-12-30,0,0,1,0,0.00020838021888258202,0.0,0,1,fhi:git
county,Rogaland,2020-12-31,0,0,1,0,0.00020838021888258202,0.0,0,1,fhi:git
county,Rogaland,2021-01-01,0,0,1,0,0.00020838021888258202,0.0,0,1,fhi:git
county,Rogaland,2021-01-02,0,0,1,0,0.00020838021888258202,0.0,0,1,fhi:git
county,Rogaland,2021-01-03,0,0,1,0,0.00020838021888258202,0.0,0,1,fhi:git
county,Rogaland,2021-01-04,0,0,1,0,0.00020838021888258202,0.0,0,1,fhi:git
county,Rogaland,2021-01-05,548,0,549,0,0.11440074016653698,0.0,548,549,fhi:git
county,Rogaland,2021-01-06,641,0,1190,0,0.24797246047027302,0.0,641,1190,fhi:git
county,Rogaland,2021-01-07,211,0,1401,0,0.291940686654497,0.0,211,1401,fhi:git
county,Rogaland,2021-01-08,20,0,1421,0,0.296108291032149,0.0,20,1421,fhi:git
county,Rogaland,2021-01-09,1,0,1422,0,0.296316671251032,0.0,1,1422,fhi:git
county,Rogaland,2021-01-10,0,0,1422,0,0.296316671251032,0.0,0,1422,fhi:git
county,Rogaland,2021-01-11,1,0,1423,0,0.29652505146991404,0.0,1,1423,fhi:git
county,Rogaland,2021-01-12,128,0,1551,0,0.32319771948688497,0.0,128,1551,fhi:git
county,Rogaland,2021-01-13,761,0,2312,0,0.481775066056529,0.0,761,2312,fhi:git
county,Rogaland,2021-01-14,525,0,2837,0,0.591174680969885,0.0,525,2837,fhi:git
county,Rogaland,2021-01-15,289,0,3126,0,0.651396564226951,0.0,289,3126,fhi:git
county,Rogaland,2021-01-16,0,0,3126,0,0.651396564226951,0.0,0,3126,fhi:git
county,Rogaland,2021-01-17,0,0,3126,0,0.651396564226951,0.0,0,3126,fhi:git
county,Rogaland,2021-01-18,71,0,3197,0,0.666191559767614,0.0,71,3197,fhi:git
county,Rogaland,2021-01-19,511,0,3708,0,0.7726738516166141,0.0,511,3708,fhi:git
county,Rogaland,2021-01-20,656,0,4364,0,0.909371275203588,0.0,656,4364,fhi:git
county,Rogaland,2021-01-21,426,0,4790,0,0.9981412484475671,0.0,426,4790,fhi:git
county,Rogaland,2021-01-22,275,0,5065,0,1.05544580864028,0.0,275,5065,fhi:git
county,Rogaland,2021-01-23,0,0,5065,0,1.05544580864028,0.0,0,5065,fhi:git
county,Rogaland,2021-01-24,0,0,5065,0,1.05544580864028,0.0,0,5065,fhi:git
county,Rogaland,2021-01-25,149,0,5214,0,1.08649446125378,0.0,149,5214,fhi:git
county,Rogaland,2021-01-26,338,381,5552,381,1.1569269752361,0.0793928633942637,719,5933,fhi:git
county,Rogaland,2021-01-27,837,603,6389,984,1.3313412184408202,0.20504613538046104,1440,7373,fhi:git
county,Rogaland,2021-01-28,520,282,6909,1266,1.43969893225976,0.26380935710534903,802,8175,fhi:git
county,Rogaland,2021-01-29,408,22,7317,1288,1.52471806156385,0.268393721920766,430,8605,fhi:git
county,Rogaland,2021-01-30,2,1,7319,1289,1.5251348220016203,0.268602102139648,3,8608,fhi:git
county,Rogaland,2021-01-31,0,0,7319,1289,1.5251348220016203,0.268602102139648,0,8608,fhi:git
county,Rogaland,2021-02-01,12,5,7331,1294,1.52763538462821,0.269644003234061,17,8625,fhi:git
county,Rogaland,2021-02-02,442,75,7773,1369,1.61973944137431,0.285272519650255,517,9142,fhi:git
county,Rogaland,2021-02-03,2386,646,10159,2015,2.11693464362815,0.41988614104840205,3032,12174,fhi:git
county,Rogaland,2021-02-04,1861,544,12020,2559,2.50473023096864,0.5332449801205271,2405,14579,fhi:git
county,Rogaland,2021-02-05,651,278,12671,2837,2.6403857534612003,0.591174680969885,929,15508,fhi:git
county,Rogaland,2021-02-06,0,0,12671,2837,2.6403857534612003,0.591174680969885,0,15508,fhi:git
county,Rogaland,2021-02-07,0,0,12671,2837,2.6403857534612003,0.591174680969885,0,15508,fhi:git
county,Rogaland,2021-02-08,7,71,12678,2908,2.64184441499337,0.605969676510548,78,15586,fhi:git
county,Rogaland,2021-02-09,562,389,13240,3297,2.75895409800539,0.6870295816558729,951,16537,fhi:git
county,Rogaland,2021-02-10,1899,674,15139,3971,3.15466813366341,0.8274778491827328,2573,19110,fhi:git
county,Rogaland,2021-02-11,1151,471,16290,4442,3.39451376559726,0.9256249322764291,1622,20732,fhi:git
county,Rogaland,2021-02-12,481,265,16771,4707,3.49474465087978,0.9808456902803131,746,21478,fhi:git
county,Rogaland,2021-02-13,0,0,16771,4707,3.49474465087978,0.9808456902803131,0,21478,fhi:git
county,Rogaland,2021-02-14,0,0,16771,4707,3.49474465087978,0.9808456902803131,0,21478,fhi:git
county,Rogaland,2021-02-15,0,146,16771,4853,3.49474465087978,1.01126920223717,146,21624,fhi:git
county,Møre og Romsdal,2020-12-27,0,0,0,0,0.0,0.0,0,0,fhi:git
county,Møre og Romsdal,2020-12-28,0,0,0,0,0.0,0.0,0,0,fhi:git
county,Møre og Romsdal,2020-12-29,0,0,0,0,0.0,0.0,0,0,fhi:git
county,Møre og Romsdal,2020-12-30,0,0,0,0,0.0,0.0,0,0,fhi:git
county,Møre og Romsdal,2020-12-31,0,0,0,0,0.0,0.0,0,0,fhi:git
county,Møre og Romsdal,2021-01-01,0,0,0,0,0.0,0.0,0,0,fhi:git
county,Møre og Romsdal,2021-01-02,0,0,0,0,0.0,0.0,0,0,fhi:git
county,Møre og Romsdal,2021-01-03,0,0,0,0,0.0,0.0,0,0,fhi:git
county,Møre og Romsdal,2021-01-04,0,0,0,0,0.0,0.0,0,0,fhi:git
county,Møre og Romsdal,2021-01-05,186,0,186,0,0.0701256984293352,0.0,186,186,fhi:git
county,Møre og Romsdal,2021-01-06,497,0,683,0,0.257504580791591,0.0,497,683,fhi:git
county,Møre og Romsdal,2021-01-07,457,0,1140,0,0.429802667792699,0.0,457,1140,fhi:git
county,Møre og Romsdal,2021-01-08,35,0,1175,0,0.442998363733703,0.0,35,1175,fhi:git
county,Møre og Romsdal,2021-01-09,1,0,1176,0,0.4433753836177321,0.0,1,1176,fhi:git
county,Møre og Romsdal,2021-01-10,0,0,1176,0,0.4433753836177321,0.0,0,1176,fhi:git
county,Møre og Romsdal,2021-01-11,1,0,1177,0,0.443752403501761,0.0,1,1177,fhi:git
county,Møre og Romsdal,2021-01-12,227,0,1404,0,0.529335917176272,0.0,227,1404,fhi:git
county,Møre og Romsdal,2021-01-13,387,0,1791,0,0.6752426122953721,0.0,387,1791,fhi:git
county,Møre og Romsdal,2021-01-14,410,0,2201,0,0.829820764747133,0.0,410,2201,fhi:git
county,Møre og Romsdal,2021-01-15,152,0,2353,0,0.8871277871194929,0.0,152,2353,fhi:git
county,Møre og Romsdal,2021-01-16,1,0,2354,0,0.887504807003522,0.0,1,2354,fhi:git
county,Møre og Romsdal,2021-01-17,1,0,2355,0,0.88788182688755,0.0,1,2355,fhi:git
county,Møre og Romsdal,2021-01-18,11,0,2366,0,0.892029045611866,0.0,11,2366,fhi:git
county,Møre og Romsdal,2021-01-19,180,0,2546,0,0.9598926247370291,0.0,180,2546,fhi:git
county,Møre og Romsdal,2021-01-20,494,0,3040,0,1.1461404474472,0.0,494,3040,fhi:git
county,Møre og Romsdal,2021-01-21,780,0,3820,0,1.44021595698957,0.0,780,3820,fhi:git
county,Møre og Romsdal,2021-01-22,212,0,4032,0,1.52014417240365,0.0,212,4032,fhi:git
county,Møre og Romsdal,2021-01-23,0,0,4032,0,1.52014417240365,0.0,0,4032,fhi:git
county,Møre og Romsdal,2021-01-24,0,0,4032,0,1.52014417240365,0.0,0,4032,fhi:git
county,Møre og Romsdal,2021-01-25,3,0,4035,0,1.5212752320557401,0.0,3,4035,fhi:git
county,Møre og Romsdal,2021-01-26,78,129,4113,129,1.55068278300998,0.0486355650397002,207,4242,fhi:git
county,Møre og Romsdal,2021-01-27,523,359,4636,488,1.7478641823569798,0.183985703405998,882,5124,fhi:git
county,Møre og Romsdal,2021-01-28,475,508,5111,996,1.9269486272706002,0.375511804492569,983,6107,fhi:git
county,Møre og Romsdal,2021-01-29,91,77,5202,1073,1.9612574367172098,0.40454233556277797,168,6275,fhi:git
county,Møre og Romsdal,2021-01-30,0,1,5202,1074,1.9612574367172098,0.404919355446806,1,6276,fhi:git
county,Møre og Romsdal,2021-01-31,0,0,5202,1074,1.9612574367172098,0.404919355446806,0,6276,fhi:git
county,Møre og Romsdal,2021-02-01,0,0,5202,1074,1.9612574367172098,0.404919355446806,0,6276,fhi:git
county,Møre og Romsdal,2021-02-02,279,195,5481,1269,2.06644598436122,0.47843823283240006,474,6750,fhi:git
county,Møre og Romsdal,2021-02-03,1039,312,6520,1581,2.45816964386702,0.596068436649349,1351,8101,fhi:git
county,Møre og Romsdal,2021-02-04,1524,463,8044,2044,3.03274794712673,0.7706286429546291,1987,10088,fhi:git
county,Møre og Romsdal,2021-02-05,203,156,8247,2200,3.10928298358455,0.8294437448631041,359,10447,fhi:git
county,Møre og Romsdal,2021-02-06,1,2,8248,2202,3.1096600034685804,0.830197784631162,3,10450,fhi:git
county,Møre og Romsdal,2021-02-07,0,1,8248,2203,3.1096600034685804,0.83057480451519,1,10451,fhi:git
county,Møre og Romsdal,2021-02-08,0,2,8248,2205,3.1096600034685804,0.8313288442832479,2,10453,fhi:git
county,Møre og Romsdal,2021-02-09,339,155,8587,2360,3.23746974415431,0.8897669263076929,494,10947,fhi:git
county,Møre og Romsdal,2021-02-10,1151,417,9738,2777,3.67141963067132,1.04698421794765,1568,12515,fhi:git
county,Møre og Romsdal,2021-02-11,1186,733,10924,3510,4.11856521312934,1.32333979294068,1919,14434,fhi:git
county,Møre og Romsdal,2021-02-12,298,204,11222,3714,4.2309171385698905,1.40025184928253,502,14936,fhi:git
county,Møre og Romsdal,2021-02-13,24,0,11246,3714,4.23996561578658,1.40025184928253,24,14960,fhi:git
county,Møre og Romsdal,2021-02-14,0,0,11246,3714,4.23996561578658,1.40025184928253,0,14960,fhi:git
county,Møre og Romsdal,2021-02-15,1,8,11247,3722,4.24034263567061,1.4032680083547602,9,14969,fhi:git
county,Nordland,2020-12-27,0,0,0,0,0.0,0.0,0,0,fhi:git
county,Nordland,2020-12-28,0,0,0,0,0.0,0.0,0,0,fhi:git
county,Nordland,2020-12-29,0,0,0,0,0.0,0.0,0,0,fhi:git
county,Nordland,2020-12-30,1,0,1,0,0.00041453354612722,0.0,1,1,fhi:git
county,Nordland,2020-12-31,0,0,1,0,0.00041453354612722,0.0,0,1,fhi:git
county,Nordland,2021-01-01,0,0,1,0,0.00041453354612722,0.0,0,1,fhi:git
county,Nordland,2021-01-02,0,0,1,0,0.00041453354612722,0.0,0,1,fhi:git
county,Nordland,2021-01-03,0,0,1,0,0.00041453354612722,0.0,0,1,fhi:git
county,Nordland,2021-01-04,0,0,1,0,0.00041453354612722,0.0,0,1,fhi:git
county,Nordland,2021-01-05,200,0,201,0,0.0833212427715713,0.0,200,201,fhi:git
county,Nordland,2021-01-06,687,0,888,0,0.36810578896097207,0.0,687,888,fhi:git
county,Nordland,2021-01-07,238,0,1126,0,0.46676477293925,0.0,238,1126,fhi:git
county,Nordland,2021-01-08,115,0,1241,0,0.5144361307438811,0.0,115,1241,fhi:git
county,Nordland,2021-01-09,0,0,1241,0,0.5144361307438811,0.0,0,1241,fhi:git
county,Nordland,2021-01-10,0,0,1241,0,0.5144361307438811,0.0,0,1241,fhi:git
county,Nordland,2021-01-11,0,0,1241,0,0.5144361307438811,0.0,0,1241,fhi:git
county,Nordland,2021-01-12,291,0,1532,0,0.635065392666902,0.0,291,1532,fhi:git
county,Nordland,2021-01-13,627,0,2159,0,0.894977926088669,0.0,627,2159,fhi:git
county,Nordland,2021-01-14,273,0,2432,0,1.0081455841814,0.0,273,2432,fhi:git
county,Nordland,2021-01-15,69,0,2501,0,1.03674839886418,0.0,69,2501,fhi:git
county,Nordland,2021-01-16,0,0,2501,0,1.03674839886418,0.0,0,2501,fhi:git
county,Nordland,2021-01-17,0,0,2501,0,1.03674839886418,0.0,0,2501,fhi:git
county,Nordland,2021-01-18,0,0,2501,0,1.03674839886418,0.0,0,2501,fhi:git
county,Nordland,2021-01-19,313,0,2814,0,1.166497398802,0.0,313,2814,fhi:git
county,Nordland,2021-01-20,783,0,3597,0,1.4910771654196102,0.0,783,3597,fhi:git
county,Nordland,2021-01-21,611,0,4208,0,1.74435716210334,0.0,611,4208,fhi:git
county,Nordland,2021-01-22,167,0,4375,0,1.81358426430659,0.0,167,4375,fhi:git
county,Nordland,2021-01-23,1,0,4376,0,1.8139987978527201,0.0,1,4376,fhi:git
county,Nordland,2021-01-24,0,0,4376,0,1.8139987978527201,0.0,0,4376,fhi:git
county,Nordland,2021-01-25,51,0,4427,0,1.8351400087051999,0.0,51,4427,fhi:git
county,Nordland,2021-01-26,96,90,4523,90,1.87493522913342,0.0373080191514498,186,4613,fhi:git
county,Nordland,2021-01-27,625,529,5148,619,2.13401869546293,0.256596265052749,1154,5767,fhi:git
county,Nordland,2021-01-28,470,365,5618,984,2.32884946214272,0.407901009389185,835,6602,fhi:git
county,Nordland,2021-01-29,209,145,5827,1129,2.41548697328331,0.46800837357763203,354,6956,fhi:git
county,Nordland,2021-01-30,0,0,5827,1129,2.41548697328331,0.46800837357763203,0,6956,fhi:git
county,Nordland,2021-01-31,0,0,5827,1129,2.41548697328331,0.46800837357763203,0,6956,fhi:git
county,Nordland,2021-02-01,9,4,5836,1133,2.41921777519846,0.46966650776214103,13,6969,fhi:git
county,Nordland,2021-02-02,103,199,5939,1332,2.46191473044956,0.552158683441458,302,7271,fhi:git
county,Nordland,2021-02-03,1385,447,7324,1779,3.03604369183576,0.7374551785603249,1832,9103,fhi:git
county,Nordland,2021-02-04,1565,316,8889,2095,3.6847886915248598,0.868447779136527,1881,10984,fhi:git
county,Nordland,2021-02-05,327,125,9216,2220,3.82034116110846,0.9202644724024291,452,11436,fhi:git
county,Nordland,2021-02-06,0,0,9216,2220,3.82034116110846,0.9202644724024291,0,11436,fhi:git
county,Nordland,2021-02-07,1,0,9217,2220,3.82075569465459,0.9202644724024291,1,11437,fhi:git
county,Nordland,2021-02-08,6,1,9223,2221,3.82324289593135,0.9206790059485559,7,11444,fhi:git
county,Nordland,2021-02-09,68,242,9291,2463,3.8514311770679996,1.0209961241113399,310,11754,fhi:git
county,Nordland,2021-02-10,1892,566,11183,3029,4.63572864634071,1.2556221112193502,2458,14212,fhi:git
county,Nordland,2021-02-11,1015,557,12198,3586,5.05648019565983,1.48651729641221,1572,15784,fhi:git
county,Nordland,2021-02-12,247,184,12445,3770,5.158869981553259,1.5627914688996203,431,16215,fhi:git
county,Nordland,2021-02-13,52,3,12497,3773,5.18042572595187,1.5640350695379999,55,16270,fhi:git
county,Nordland,2021-02-14,0,0,12497,3773,5.18042572595187,1.5640350695379999,0,16270,fhi:git
county,Nordland,2021-02-15,0,1,12497,3774,5.18042572595187,1.56444960308413,1,16271,fhi:git
county,Viken,2020-12-27,0,0,0,0,0.0,0.0,0,0,fhi:git
county,Viken,2020-12-28,64,0,64,0,0.0051564457586219395,0.0,64,64,fhi:git
county,Viken,2020-12-29,690,0,754,0,0.0607493765937647,0.0,690,754,fhi:git
county,Viken,2020-12-30,216,0,970,0,0.0781523810291138,0.0,216,970,fhi:git
county,Viken,2020-12-31,67,0,1037,0,0.0835505351826711,0.0,67,1037,fhi:git
county,Viken,2021-01-01,0,0,1037,0,0.0835505351826711,0.0,0,1037,fhi:git
county,Viken,2021-01-02,0,0,1037,0,0.0835505351826711,0.0,0,1037,fhi:git
county,Viken,2021-01-03,0,0,1037,0,0.0835505351826711,0.0,0,1037,fhi:git
county,Viken,2021-01-04,0,0,1037,0,0.0835505351826711,0.0,0,1037,fhi:git
county,Viken,2021-01-05,524,0,1561,0,0.12576893483138799,0.0,524,1561,fhi:git
county,Viken,2021-01-06,1644,0,3205,0,0.258225135255989,0.0,1644,3205,fhi:git
county,Viken,2021-01-07,1916,0,5121,0,0.412596230154734,0.0,1916,5121,fhi:git
county,Viken,2021-01-08,279,0,5400,0,0.435075110883726,0.0,279,5400,fhi:git
county,Viken,2021-01-09,6,0,5406,0,0.43555852767359704,0.0,6,5406,fhi:git
county,Viken,2021-01-10,5,0,5411,0,0.435961374998489,0.0,5,5411,fhi:git
county,Viken,2021-01-11,56,0,5467,0,0.44047326503728396,0.0,56,5467,fhi:git
county,Viken,2021-01-12,785,0,6252,0,0.5037202950453811,0.0,785,6252,fhi:git
county,Viken,2021-01-13,1939,0,8191,0,0.65994448763863,0.0,1939,8191,fhi:git
county,Viken,2021-01-14,1951,0,10142,0,0.817135513811621,0.0,1951,10142,fhi:git
county,Viken,2021-01-15,1042,0,11184,0,0.9010888963191842,0.0,1042,11184,fhi:git
county,Viken,2021-01-16,85,0,11269,0,0.907937300842354,0.0,85,11269,fhi:git
county,Viken,2021-01-17,22,0,11291,0,0.90970982907188,0.0,22,11291,fhi:git
county,Viken,2021-01-18,141,51,11432,51,0.9210701236338441,0.00410904271390186,192,11483,fhi:git
county,Viken,2021-01-19,643,380,12075,431,0.972876289614999,0.0347254394057196,1023,12506,fhi:git
county,Viken,2021-01-20,1489,341,13564,772,1.09284422296794,0.0621996269633771,1830,14336,fhi:git
county,Viken,2021-01-21,1991,99,15555,871,1.25325802774007,0.0701760039962455,2090,16426,fhi:git
county,Viken,2021-01-22,805,1,16360,872,1.31811644704773,0.0702565734612239,806,17232,fhi:git
county,Viken,2021-01-23,97,0,16457,872,1.32593168515064,0.0702565734612239,97,17329,fhi:git
county,Viken,2021-01-24,0,0,16457,872,1.32593168515064,0.0702565734612239,0,17329,fhi:git
county,Viken,2021-01-25,59,0,16516,872,1.33068528358437,0.0702565734612239,59,17388,fhi:git
county,Viken,2021-01-26,554,391,17070,1263,1.3753207671824499,0.10175923426780499,945,18333,fhi:git
county,Viken,2021-01-27,1911,1143,18981,2406,1.5292890147563,0.193850132738194,3054,21387,fhi:git
county,Viken,2021-01-28,3090,1704,22071,4110,1.77824866153976,0.331140501061503,4794,26181,fhi:git
county,Viken,2021-01-29,1028,421,23099,4531,1.86107407153763,0.365060245817438,1449,27630,fhi:git
county,Viken,2021-01-30,4,17,23103,4548,1.86139634939754,0.366429926722072,21,27651,fhi:git
county,Viken,2021-01-31,0,3,23103,4551,1.86139634939754,0.36667163511700707,3,27654,fhi:git
county,Viken,2021-02-01,25,45,23128,4596,1.863410586022,0.37029726104103794,70,27724,fhi:git
county,Viken,2021-02-02,1013,683,24141,5279,1.94502745404519,0.425326205621332,1696,29420,fhi:git
county,Viken,2021-02-03,4705,1704,28846,6983,2.32410678676888,0.5626165739446409,6409,35829,fhi:git
county,Viken,2021-02-04,6613,1751,35459,8734,2.85691265867149,0.703693707121938,8364,44193,fhi:git
county,Viken,2021-02-05,3118,1088,38577,9822,3.10812825047435,0.791353285018511,4206,48399,fhi:git
county,Viken,2021-02-06,37,85,38614,9907,3.11110932067856,0.7982016895416809,122,48521,fhi:git
county,Viken,2021-02-07,15,19,38629,9926,3.1123178626532297,0.799732509376271,34,48555,fhi:git
county,Viken,2021-02-08,17,95,38646,10021,3.1136875435578704,0.807386608549226,112,48667,fhi:git
county,Viken,2021-02-09,732,539,39378,10560,3.1726643919221096,0.85081355017262,1271,49938,fhi:git
county,Viken,2021-02-10,3272,1267,42650,11827,3.43628768133165,0.952895062300339,4539,54477,fhi:git
county,Viken,2021-02-11,4701,1812,47351,13639,3.8150447361954303,1.09888693284132,6513,60990,fhi:git
county,Viken,2021-02-12,2338,885,49689,14524,4.003416145315089,1.17019090934727,3223,64213,fhi:git
county,Viken,2021-02-13,22,96,49711,14620,4.00518867354461,1.1779255779852,118,64331,fhi:git
county,Viken,2021-02-14,6,0,49717,14620,4.00567209033448,1.1779255779852,6,64337,fhi:git
county,Viken,2021-02-15,334,122,50051,14742,4.03258229163729,1.1877550527125702,456,64793,fhi:git
county,Innlandet,2020-12-27,0,0,0,0,0.0,0.0,0,0,fhi:git
county,Innlandet,2020-12-28,271,0,271,0,0.07297009841539098,0.0,271,271,fhi:git
county,Innlandet,2020-12-29,260,0,531,0,0.142978310917242,0.0,260,531,fhi:git
county,Innlandet,2020-12-30,149,0,680,0,0.18309840192791801,0.0,149,680,fhi:git
county,Innlandet,2020-12-31,0,0,680,0,0.18309840192791801,0.0,0,680,fhi:git
county,Innlandet,2021-01-01,0,0,680,0,0.18309840192791801,0.0,0,680,fhi:git
county,Innlandet,2021-01-02,0,0,680,0,0.18309840192791801,0.0,0,680,fhi:git
county,Innlandet,2021-01-03,0,0,680,0,0.18309840192791801,0.0,0,680,fhi:git
county,Innlandet,2021-01-04,0,0,680,0,0.18309840192791801,0.0,0,680,fhi:git
county,Innlandet,2021-01-05,272,0,952,0,0.25633776269908604,0.0,272,952,fhi:git
county,Innlandet,2021-01-06,703,0,1655,0,0.44562919880985996,0.0,703,1655,fhi:git
county,Innlandet,2021-01-07,719,0,2374,0,0.639228832613057,0.0,719,2374,fhi:git
county,Innlandet,2021-01-08,76,0,2450,0,0.659692771652059,0.0,76,2450,fhi:git
county,Innlandet,2021-01-09,0,0,2450,0,0.659692771652059,0.0,0,2450,fhi:git
county,Innlandet,2021-01-10,0,0,2450,0,0.659692771652059,0.0,0,2450,fhi:git
county,Innlandet,2021-01-11,50,0,2500,0,0.6731558894408771,0.0,50,2500,fhi:git
county,Innlandet,2021-01-12,401,0,2901,0,0.781130094107193,0.0,401,2901,fhi:git
county,Innlandet,2021-01-13,995,0,3896,0,1.04904613810466,0.0,995,3896,fhi:git
county,Innlandet,2021-01-14,952,0,4848,0,1.30538390080375,0.0,952,4848,fhi:git
county,Innlandet,2021-01-15,277,0,5125,0,1.3799695733538002,0.0,277,5125,fhi:git
county,Innlandet,2021-01-16,4,0,5129,0,1.3810466227768998,0.0,4,5129,fhi:git
county,Innlandet,2021-01-17,0,0,5129,0,1.3810466227768998,0.0,0,5129,fhi:git
county,Innlandet,2021-01-18,67,0,5196,0,1.39908720061392,0.0,67,5196,fhi:git
county,Innlandet,2021-01-19,333,318,5529,318,1.48875156508744,0.0856254291368795,651,5847,fhi:git
county,Innlandet,2021-01-20,663,252,6192,570,1.66727250696716,0.15347954279252,915,6762,fhi:git
county,Innlandet,2021-01-21,832,48,7024,618,1.8912987869730902,0.166404135869785,880,7642,fhi:git
county,Innlandet,2021-01-22,238,0,7262,618,1.95538322764786,0.166404135869785,238,7880,fhi:git
county,Innlandet,2021-01-23,5,0,7267,618,1.95672953942674,0.166404135869785,5,7885,fhi:git
county,Innlandet,2021-01-24,0,0,7267,618,1.95672953942674,0.166404135869785,0,7885,fhi:git
county,Innlandet,2021-01-25,1,0,7268,618,1.9569988017825202,0.166404135869785,1,7886,fhi:git
county,Innlandet,2021-01-26,140,131,7408,749,1.99469553159121,0.201677504476487,271,8157,fhi:git
county,Innlandet,2021-01-27,907,549,8315,1298,2.23891648828036,0.349502537797703,1456,9613,fhi:git
county,Innlandet,2021-01-28,894,706,9209,2004,2.4796370343444103,0.539601760975807,1600,11213,fhi:git
county,Innlandet,2021-01-29,312,132,9521,2136,2.56364688934664,0.575144391938285,444,11657,fhi:git
county,Innlandet,2021-01-30,1,0,9522,2136,2.5639161517024105,0.575144391938285,1,11658,fhi:git
county,Innlandet,2021-01-31,0,0,9522,2136,2.5639161517024105,0.575144391938285,0,11658,fhi:git
county,Innlandet,2021-02-01,8,49,9530,2185,2.5660702505486204,0.588338247371326,57,11715,fhi:git
county,Innlandet,2021-02-02,605,334,10135,2519,2.72897397579331,0.6782718742006271,939,12654,fhi:git
county,Innlandet,2021-02-03,2285,821,12420,3340,3.34423845874228,0.899336268293011,3106,15760,fhi:git
county,Innlandet,2021-02-04,2596,988,15016,4328,4.04324353433768,1.16536747580005,3584,19344,fhi:git
county,Innlandet,2021-02-05,806,269,15822,4597,4.26026899309342,1.2377990495038798,1075,20419,fhi:git
county,Innlandet,2021-02-06,7,4,15829,4601,4.26215382958385,1.23887609892699,11,20430,fhi:git
county,Innlandet,2021-02-07,0,0,15829,4601,4.26215382958385,1.23887609892699,0,20430,fhi:git
county,Innlandet,2021-02-08,2,62,15831,4663,4.26269235429541,1.2555703649851202,64,20494,fhi:git
county,Innlandet,2021-02-09,253,268,16084,4931,4.33081573030682,1.3277326763331898,521,21015,fhi:git
county,Innlandet,2021-02-10,2062,566,18146,5497,4.88603470791766,1.4801351697026002,2628,23643,fhi:git
county,Innlandet,2021-02-11,2156,837,20302,6334,5.46656434697147,1.7055077614874097,2993,26636,fhi:git
county,Innlandet,2021-02-12,430,278,20732,6612,5.5823471599553,1.78036269639323,708,27344,fhi:git
county,Innlandet,2021-02-13,0,5,20732,6617,5.5823471599553,1.78170900817211,5,27349,fhi:git
county,Innlandet,2021-02-14,1,0,20733,6617,5.582616422311079,1.78170900817211,1,27350,fhi:git
county,Innlandet,2021-02-15,85,13,20818,6630,5.60550372255207,1.7852094187972098,98,27448,fhi:git
county,Vestfold og Telemark,2020-12-27,0,0,0,0,0.0,0.0,0,0,fhi:git
county,Vestfold og Telemark,2020-12-28,0,0,0,0,0.0,0.0,0,0,fhi:git
county,Vestfold og Telemark,2020-12-29,0,0,0,0,0.0,0.0,0,0,fhi:git
county,Vestfold og Telemark,2020-12-30,0,0,0,0,0.0,0.0,0,0,fhi:git
county,Vestfold og Telemark,2020-12-31,0,0,0,0,0.0,0.0,0,0,fhi:git
county,Vestfold og Telemark,2021-01-01,0,0,0,0,0.0,0.0,0,0,fhi:git
county,Vestfold og Telemark,2021-01-02,0,0,0,0,0.0,0.0,0,0,fhi:git
county,Vestfold og Telemark,2021-01-03,0,0,0,0,0.0,0.0,0,0,fhi:git
county,Vestfold og Telemark,2021-01-04,1,0,1,0,0.00023843813484153399,0.0,1,1,fhi:git
county,Vestfold og Telemark,2021-01-05,218,0,219,0,0.052217951530296,0.0,218,219,fhi:git
county,Vestfold og Telemark,2021-01-06,1026,0,1245,0,0.29685547787771,0.0,1026,1245,fhi:git
county,Vestfold og Telemark,2021-01-07,442,0,1687,0,0.40224513347766794,0.0,442,1687,fhi:git
county,Vestfold og Telemark,2021-01-08,64,0,1751,0,0.417505174107526,0.0,64,1751,fhi:git
county,Vestfold og Telemark,2021-01-09,0,0,1751,0,0.417505174107526,0.0,0,1751,fhi:git
county,Vestfold og Telemark,2021-01-10,2,0,1753,0,0.417982050377209,0.0,2,1753,fhi:git
county,Vestfold og Telemark,2021-01-11,2,0,1755,0,0.41845892664689205,0.0,2,1755,fhi:git
county,Vestfold og Telemark,2021-01-12,418,0,2173,0,0.518126067010654,0.0,418,2173,fhi:git
county,Vestfold og Telemark,2021-01-13,1168,0,3341,0,0.796621808505565,0.0,1168,3341,fhi:git
county,Vestfold og Telemark,2021-01-14,586,0,3927,0,0.9363465555227041,0.0,586,3927,fhi:git
county,Vestfold og Telemark,2021-01-15,157,0,4084,0,0.9737813426928249,0.0,157,4084,fhi:git
county,Vestfold og Telemark,2021-01-16,3,0,4087,0,0.9744966570973491,0.0,3,4087,fhi:git
county,Vestfold og Telemark,2021-01-17,39,0,4126,0,0.9837957443561691,0.0,39,4126,fhi:git
county,Vestfold og Telemark,2021-01-18,5,0,4131,0,0.9849879350303771,0.0,5,4131,fhi:git
county,Vestfold og Telemark,2021-01-19,227,0,4358,0,1.0391133916394102,0.0,227,4358,fhi:git
county,Vestfold og Telemark,2021-01-20,1605,0,5963,0,1.42180659806007,0.0,1605,5963,fhi:git
county,Vestfold og Telemark,2021-01-21,828,0,6791,0,1.61923337370886,0.0,828,6791,fhi:git
county,Vestfold og Telemark,2021-01-22,178,0,6969,0,1.6616753617106501,0.0,178,6969,fhi:git
county,Vestfold og Telemark,2021-01-23,3,0,6972,0,1.6623906761151799,0.0,3,6972,fhi:git
county,Vestfold og Telemark,2021-01-24,0,0,6972,0,1.6623906761151799,0.0,0,6972,fhi:git
county,Vestfold og Telemark,2021-01-25,45,0,7017,0,1.67312039218304,0.0,45,7017,fhi:git
county,Vestfold og Telemark,2021-01-26,103,178,7120,178,1.6976795200717198,0.0424419880017931,281,7298,fhi:git
county,Vestfold og Telemark,2021-01-27,1622,898,8742,1076,2.08442617478469,0.25655943308949103,2520,9818,fhi:git
county,Vestfold og Telemark,2021-01-28,651,449,9393,1525,2.2396494005665297,0.363618155633339,1100,10918,fhi:git
county,Vestfold og Telemark,2021-01-29,86,90,9479,1615,2.2601550801629,0.38507758776907797,176,11094,fhi:git
county,Vestfold og Telemark,2021-01-30,0,0,9479,1615,2.2601550801629,0.38507758776907797,0,11094,fhi:git
county,Vestfold og Telemark,2021-01-31,0,1,9479,1616,2.2601550801629,0.38531602590391906,1,11095,fhi:git
county,Vestfold og Telemark,2021-02-01,49,0,9528,1616,2.2718385487701402,0.38531602590391906,49,11144,fhi:git
county,Vestfold og Telemark,2021-02-02,459,327,9987,1943,2.3812816526624,0.463285295997101,786,11930,fhi:git
county,Vestfold og Telemark,2021-02-03,3204,834,13191,2777,3.1452374366946803,0.66214270045494,4038,15968,fhi:git
county,Vestfold og Telemark,2021-02-04,1886,707,15077,3484,3.59493175900581,0.8307184617879051,2593,18561,fhi:git
county,Vestfold og Telemark,2021-02-05,949,244,16026,3728,3.82120954897042,0.888897366689239,1193,19754,fhi:git
county,Vestfold og Telemark,2021-02-06,0,4,16026,3732,3.82120954897042,0.889851119228605,4,19758,fhi:git
county,Vestfold og Telemark,2021-02-07,2,1,16028,3733,3.8216864252401104,0.890089557363447,3,19761,fhi:git
county,Vestfold og Telemark,2021-02-08,17,46,16045,3779,3.8257398735324104,0.901057711566157,63,19824,fhi:git
county,Vestfold og Telemark,2021-02-09,345,206,16390,3985,3.90800103005274,0.950175967343513,551,20375,fhi:git
county,Vestfold og Telemark,2021-02-10,2872,1370,19262,5355,4.59279535331763,1.2768362120764098,4242,24617,fhi:git
county,Vestfold og Telemark,2021-02-11,1455,853,20717,6208,4.93972283951206,1.48022394109624,2308,26925,fhi:git
county,Vestfold og Telemark,2021-02-12,597,201,21314,6409,5.08207040601246,1.52815000619939,798,27723,fhi:git
county,Vestfold og Telemark,2021-02-13,2,2,21316,6411,5.08254728228214,1.5286268824690699,4,27727,fhi:git
county,Vestfold og Telemark,2021-02-14,0,0,21316,6411,5.08254728228214,1.5286268824690699,0,27727,fhi:git
county,Vestfold og Telemark,2021-02-15,2,2,21318,6413,5.0830241585518205,1.5291037587387601,4,27731,fhi:git
county,Agder,2020-12-27,0,0,0,0,0.0,0.0,0,0,fhi:git
county,Agder,2020-12-28,0,0,0,0,0.0,0.0,0,0,fhi:git
county,Agder,2020-12-29,0,0,0,0,0.0,0.0,0,0,fhi:git
county,Agder,2020-12-30,0,0,0,0,0.0,0.0,0,0,fhi:git
county,Agder,2020-12-31,0,0,0,0,0.0,0.0,0,0,fhi:git
county,Agder,2021-01-01,0,0,0,0,0.0,0.0,0,0,fhi:git
county,Agder,2021-01-02,0,0,0,0,0.0,0.0,0,0,fhi:git
county,Agder,2021-01-03,3,0,3,0,0.000976463963597423,0.0,3,3,fhi:git
county,Agder,2021-01-04,0,0,3,0,0.000976463963597423,0.0,0,3,fhi:git
county,Agder,2021-01-05,79,0,82,0,0.0266900150049962,0.0,79,82,fhi:git
county,Agder,2021-01-06,791,0,873,0,0.28415101340685,0.0,791,873,fhi:git
county,Agder,2021-01-07,230,0,1103,0,0.359013250615986,0.0,230,1103,fhi:git
county,Agder,2021-01-08,49,0,1152,0,0.37496216202141097,0.0,49,1152,fhi:git
county,Agder,2021-01-09,0,0,1152,0,0.37496216202141097,0.0,0,1152,fhi:git
county,Agder,2021-01-10,0,0,1152,0,0.37496216202141097,0.0,0,1152,fhi:git
county,Agder,2021-01-11,0,0,1152,0,0.37496216202141097,0.0,0,1152,fhi:git
county,Agder,2021-01-12,225,0,1377,0,0.44819695929121706,0.0,225,1377,fhi:git
county,Agder,2021-01-13,851,0,2228,0,0.72518723696502,0.0,851,2228,fhi:git
county,Agder,2021-01-14,512,0,2740,0,0.8918370867523129,0.0,512,2740,fhi:git
county,Agder,2021-01-15,118,0,2858,0,0.930244669320479,0.0,118,2858,fhi:git
county,Agder,2021-01-16,0,0,2858,0,0.930244669320479,0.0,0,2858,fhi:git
county,Agder,2021-01-17,2,0,2860,0,0.9308956452962099,0.0,2,2860,fhi:git
county,Agder,2021-01-18,15,0,2875,0,0.935777965114197,0.0,15,2875,fhi:git
county,Agder,2021-01-19,348,0,3223,0,1.0490477848915,0.0,348,3223,fhi:git
county,Agder,2021-01-20,459,0,3682,0,1.1984467713218998,0.0,459,3682,fhi:git
county,Agder,2021-01-21,340,0,4022,0,1.3091126871962802,0.0,340,4022,fhi:git
county,Agder,2021-01-22,62,0,4084,0,1.32929294244396,0.0,62,4084,fhi:git
county,Agder,2021-01-23,1,0,4085,0,1.32961843043182,0.0,1,4085,fhi:git
county,Agder,2021-01-24,0,0,4085,0,1.32961843043182,0.0,0,4085,fhi:git
county,Agder,2021-01-25,1,0,4086,0,1.32994391841969,0.0,1,4086,fhi:git
county,Agder,2021-01-26,62,66,4148,66,1.3501241736673701,0.0214822071991433,128,4214,fhi:git
county,Agder,2021-01-27,552,680,4700,746,1.5297935429693001,0.242814038947893,1232,5446,fhi:git
county,Agder,2021-01-28,950,248,5650,994,1.8390071314418102,0.32353505993861303,1198,6644,fhi:git
county,Agder,2021-01-29,201,61,5851,1055,1.90443021700284,0.34338982719842703,262,6906,fhi:git
county,Agder,2021-01-30,29,0,5880,1055,1.9138693686509498,0.34338982719842703,29,6935,fhi:git
county,Agder,2021-01-31,20,0,5900,1055,1.9203791284082699,0.34338982719842703,20,6955,fhi:git
county,Agder,2021-02-01,0,1,5900,1056,1.9203791284082699,0.34371531518629306,1,6956,fhi:git
county,Agder,2021-02-02,202,170,6102,1226,1.98612770195716,0.39904827312348,372,7328,fhi:git
county,Agder,2021-02-03,1323,592,7425,1818,2.41674830990362,0.591737161940039,1915,9243,fhi:git
county,Agder,2021-02-04,1694,507,9119,2325,2.9681249613483,0.756759571788003,2201,11444,fhi:git
county,Agder,2021-02-05,606,133,9725,2458,3.16537068199498,0.8000494741741558,739,12183,fhi:git
county,Agder,2021-02-06,484,1,10209,2459,3.32290686812203,0.800374962162021,485,12668,fhi:git
county,Agder,2021-02-07,83,2,10292,2461,3.3499223711148898,0.8010259381377529,85,12753,fhi:git
county,Agder,2021-02-08,13,2,10305,2463,3.3541537149571496,0.801676914113485,15,12768,fhi:git
county,Agder,2021-02-09,187,248,10492,2711,3.41501996868806,0.8823979351042051,435,13203,fhi:git
county,Agder,2021-02-10,1127,371,11619,3082,3.78184493101282,1.0031539786024202,1498,14701,fhi:git
county,Agder,2021-02-11,998,410,12617,3492,4.1066819429029,1.1366040536274,1408,16109,fhi:git
county,Agder,2021-02-12,352,69,12969,3561,4.2212537146316595,1.15906272479014,421,16530,fhi:git
county,Agder,2021-02-13,409,1,13378,3562,4.35437830166878,1.15938821277801,410,16940,fhi:git
county,Agder,2021-02-14,0,0,13378,3562,4.35437830166878,1.15938821277801,0,16940,fhi:git
county,Agder,2021-02-15,1,2,13379,3564,4.35470378965664,1.16003918875374,3,16943,fhi:git
county,Vestland,2020-12-27,0,0,0,0,0.0,0.0,0,0,fhi:git
county,Vestland,2020-12-28,0,0,0,0,0.0,0.0,0,0,fhi:git
county,Vestland,2020-12-29,0,0,0,0,0.0,0.0,0,0,fhi:git
county,Vestland,2020-12-30,0,0,0,0,0.0,0.0,0,0,fhi:git
county,Vestland,2020-12-31,0,0,0,0,0.0,0.0,0,0,fhi:git
county,Vestland,2021-01-01,0,0,0,0,0.0,0.0,0,0,fhi:git
county,Vestland,2021-01-02,0,0,0,0,0.0,0.0,0,0,fhi:git
county,Vestland,2021-01-03,0,0,0,0,0.0,0.0,0,0,fhi:git
county,Vestland,2021-01-04,2,0,2,0,0.00031420307887597003,0.0,2,2,fhi:git
county,Vestland,2021-01-05,416,0,418,0,0.0656684434850777,0.0,416,418,fhi:git
county,Vestland,2021-01-06,1250,0,1668,0,0.262045367782559,0.0,1250,1668,fhi:git
county,Vestland,2021-01-07,714,0,2382,0,0.37421586694128,0.0,714,2382,fhi:git
county,Vestland,2021-01-08,139,0,2521,0,0.39605298092315994,0.0,139,2521,fhi:git
county,Vestland,2021-01-09,0,0,2521,0,0.39605298092315994,0.0,0,2521,fhi:git
county,Vestland,2021-01-10,0,0,2521,0,0.39605298092315994,0.0,0,2521,fhi:git
county,Vestland,2021-01-11,65,0,2586,0,0.406264580986629,0.0,65,2586,fhi:git
county,Vestland,2021-01-12,855,0,3441,0,0.540586397206106,0.0,855,3441,fhi:git
county,Vestland,2021-01-13,1125,0,4566,0,0.717325629073839,0.0,1125,4566,fhi:git
county,Vestland,2021-01-14,995,0,5561,0,0.873641660814634,0.0,995,5561,fhi:git
county,Vestland,2021-01-15,424,0,5985,0,0.94025271353634,0.0,424,5985,fhi:git
county,Vestland,2021-01-16,2,0,5987,0,0.940566916615216,0.0,2,5987,fhi:git
county,Vestland,2021-01-17,1,0,5988,0,0.940724018154654,0.0,1,5988,fhi:git
county,Vestland,2021-01-18,57,0,6045,0,0.9496788059026191,0.0,57,6045,fhi:git
county,Vestland,2021-01-19,368,0,6413,0,1.0074921724158001,0.0,368,6413,fhi:git
county,Vestland,2021-01-20,1234,0,7647,0,1.2013554720822701,0.0,1234,7647,fhi:git
county,Vestland,2021-01-21,782,0,8429,0,1.3242088759227801,0.0,782,8429,fhi:git
county,Vestland,2021-01-22,311,0,8740,0,1.37306745468799,0.0,311,8740,fhi:git
county,Vestland,2021-01-23,0,0,8740,0,1.37306745468799,0.0,0,8740,fhi:git
county,Vestland,2021-01-24,0,0,8740,0,1.37306745468799,0.0,0,8740,fhi:git
county,Vestland,2021-01-25,1,0,8741,0,1.37322455622743,0.0,1,8741,fhi:git
county,Vestland,2021-01-26,151,174,8892,174,1.39694688868256,0.0273356678622094,325,9066,fhi:git
county,Vestland,2021-01-27,1579,1204,10471,1378,1.64501021945514,0.216485921345543,2783,11849,fhi:git
county,Vestland,2021-01-28,1921,677,12392,2055,1.94680227671551,0.32284366354505895,2598,14447,fhi:git
county,Vestland,2021-01-29,480,165,12872,2220,2.0222110156457402,0.348765417552327,645,15092,fhi:git
county,Vestland,2021-01-30,1,0,12873,2220,2.02236811718518,0.348765417552327,1,15093,fhi:git
county,Vestland,2021-01-31,0,0,12873,2220,2.02236811718518,0.348765417552327,0,15093,fhi:git
county,Vestland,2021-02-01,12,59,12885,2279,2.02425333565844,0.358034408379168,71,15164,fhi:git
county,Vestland,2021-02-02,704,580,13589,2859,2.13485281942278,0.44915330125319897,1284,16448,fhi:git
county,Vestland,2021-02-03,2797,1038,16386,3897,2.5742658252308197,0.612224699189827,3835,20283,fhi:git
county,Vestland,2021-02-04,2510,1055,18896,4952,2.9685906892201603,0.777966823296902,3565,23848,fhi:git
county,Vestland,2021-02-05,877,484,19773,5436,3.1063687393072796,0.8540039683848859,1361,25209,fhi:git
county,Vestland,2021-02-06,0,2,19773,5438,3.1063687393072796,0.8543181714637621,2,25211,fhi:git
county,Vestland,2021-02-07,2,1,19775,5439,3.1066829423861497,0.8544752730032,3,25214,fhi:git
county,Vestland,2021-02-08,12,49,19787,5488,3.1085681608594102,0.8621732484356609,61,25275,fhi:git
county,Vestland,2021-02-09,863,305,20650,5793,3.24414678939439,0.910089217964247,1168,26443,fhi:git
county,Vestland,2021-02-10,2711,965,23361,6758,3.6700490628107705,1.0616922035219,3676,30119,fhi:git
county,Vestland,2021-02-11,2612,831,25973,7589,4.080398283822779,1.19224358279487,3443,33562,fhi:git
county,Vestland,2021-02-12,580,396,26553,7985,4.17151717669681,1.25445579241231,976,34538,fhi:git
county,Vestland,2021-02-13,0,0,26553,7985,4.17151717669681,1.25445579241231,0,34538,fhi:git
county,Vestland,2021-02-14,0,1,26553,7986,4.17151717669681,1.25461289395175,1,34539,fhi:git
county,Vestland,2021-02-15,91,1,26644,7987,4.1858134167856695,1.25476999549119,92,34631,fhi:git
county,Trøndelag,2020-12-27,0,0,0,0,0.0,0.0,0,0,fhi:git
county,Trøndelag,2020-12-28,0,0,0,0,0.0,0.0,0,0,fhi:git
county,Trøndelag,2020-12-29,0,0,0,0,0.0,0.0,0,0,fhi:git
county,Trøndelag,2020-12-30,0,0,0,0,0.0,0.0,0,0,fhi:git
county,Trøndelag,2020-12-31,0,0,0,0,0.0,0.0,0,0,fhi:git
county,Trøndelag,2021-01-01,0,0,0,0,0.0,0.0,0,0,fhi:git
county,Trøndelag,2021-01-02,0,0,0,0,0.0,0.0,0,0,fhi:git
county,Trøndelag,2021-01-03,0,0,0,0,0.0,0.0,0,0,fhi:git
county,Trøndelag,2021-01-04,3,0,3,0,0.000640065542711574,0.0,3,3,fhi:git
county,Trøndelag,2021-01-05,407,0,410,0,0.0874756241705817,0.0,407,410,fhi:git
county,Trøndelag,2021-01-06,674,0,1084,0,0.231277016099782,0.0,674,1084,fhi:git
county,Trøndelag,2021-01-07,483,0,1567,0,0.334327568476345,0.0,483,1567,fhi:git
county,Trøndelag,2021-01-08,140,0,1707,0,0.364197293802885,0.0,140,1707,fhi:git
county,Trøndelag,2021-01-09,0,0,1707,0,0.364197293802885,0.0,0,1707,fhi:git
county,Trøndelag,2021-01-10,0,0,1707,0,0.364197293802885,0.0,0,1707,fhi:git
county,Trøndelag,2021-01-11,95,0,1802,0,0.384466035988752,0.0,95,1802,fhi:git
county,Trøndelag,2021-01-12,501,0,2303,0,0.49135698162158503,0.0,501,2303,fhi:git
county,Trøndelag,2021-01-13,857,0,3160,0,0.674202371656191,0.0,857,3160,fhi:git
county,Trøndelag,2021-01-14,670,0,3830,0,0.8171503428617759,0.0,670,3830,fhi:git
county,Trøndelag,2021-01-15,253,0,4083,0,0.871129203630452,0.0,253,4083,fhi:git
county,Trøndelag,2021-01-16,0,0,4083,0,0.871129203630452,0.0,0,4083,fhi:git
county,Trøndelag,2021-01-17,0,0,4083,0,0.871129203630452,0.0,0,4083,fhi:git
county,Trøndelag,2021-01-18,152,0,4235,0,0.903559191127838,0.0,152,4235,fhi:git
county,Trøndelag,2021-01-19,568,0,4803,0,1.02474493388123,0.0,568,4803,fhi:git
county,Trøndelag,2021-01-20,729,0,5532,0,1.1802808607601398,0.0,729,5532,fhi:git
county,Trøndelag,2021-01-21,526,0,6058,0,1.2925056859155701,0.0,526,6058,fhi:git
county,Trøndelag,2021-01-22,282,0,6340,0,1.35267184693046,0.0,282,6340,fhi:git
county,Trøndelag,2021-01-23,1,0,6341,0,1.3528852021113602,0.0,1,6341,fhi:git
county,Trøndelag,2021-01-24,0,0,6341,0,1.3528852021113602,0.0,0,6341,fhi:git
county,Trøndelag,2021-01-25,1,0,6342,0,1.35309855729227,0.0,1,6342,fhi:git
county,Trøndelag,2021-01-26,313,184,6655,184,1.4198787289151698,0.0392573532863098,497,6839,fhi:git
county,Trøndelag,2021-01-27,963,590,7618,774,1.6253397681255901,0.165136910019586,1553,8392,fhi:git
county,Trøndelag,2021-01-28,698,474,8316,1248,1.77426168439648,0.266267265768015,1172,9564,fhi:git
county,Trøndelag,2021-01-29,410,226,8726,1474,1.8617373085670599,0.31448553665228696,636,10200,fhi:git
county,Trøndelag,2021-01-30,0,0,8726,1474,1.8617373085670599,0.31448553665228696,0,10200,fhi:git
county,Trøndelag,2021-01-31,0,1,8726,1475,1.8617373085670599,0.31469889183319,1,10201,fhi:git
county,Trøndelag,2021-02-01,13,86,8739,1561,1.8645109259188102,0.333047437390922,99,10300,fhi:git
county,Trøndelag,2021-02-02,832,393,9571,1954,2.0420224364308197,0.4168960234861379,1225,11525,fhi:git
county,Trøndelag,2021-02-03,2016,805,11587,2759,2.472146481133,0.5886469441137441,2821,14346,fhi:git
county,Trøndelag,2021-02-04,2070,594,13657,3353,2.91379170560399,0.715379921570636,2664,17010,fhi:git
county,Trøndelag,2021-02-05,1266,319,14923,3672,3.18389936462827,0.7834402242789659,1585,18595,fhi:git
county,Trøndelag,2021-02-06,7,0,14930,3672,3.1853928508946003,0.7834402242789659,7,18602,fhi:git
county,Trøndelag,2021-02-07,1,0,14931,3672,3.1856062060755,0.7834402242789659,1,18603,fhi:git
county,Trøndelag,2021-02-08,3,150,14934,3822,3.1862462716182103,0.815443501414545,153,18756,fhi:git
county,Trøndelag,2021-02-09,828,523,15762,4345,3.36290436140661,0.927028261027263,1351,20107,fhi:git
county,Trøndelag,2021-02-10,2036,611,17798,4956,3.79729550972686,1.0573882765595202,2647,22754,fhi:git
county,Trøndelag,2021-02-11,2196,570,19994,5526,4.26582348699173,1.17900072967472,2766,25520,fhi:git
county,Trøndelag,2021-02-12,784,299,20778,5825,4.4330939488203605,1.24279392876497,1083,26603,fhi:git
county,Trøndelag,2021-02-13,0,0,20778,5825,4.4330939488203605,1.24279392876497,0,26603,fhi:git
county,Trøndelag,2021-02-14,0,0,20778,5825,4.4330939488203605,1.24279392876497,0,26603,fhi:git
county,Trøndelag,2021-02-15,0,2,20778,5827,4.4330939488203605,1.24322063912678,2,26605,fhi:git
county,Troms og Finnmark,2020-12-27,0,0,0,0,0.0,0.0,0,0,fhi:git
county,Troms og Finnmark,2020-12-28,1,0,1,0,0.00041099662571770297,0.0,1,1,fhi:git
county,Troms og Finnmark,2020-12-29,0,0,1,0,0.00041099662571770297,0.0,0,1,fhi:git
county,Troms og Finnmark,2020-12-30,0,0,1,0,0.00041099662571770297,0.0,0,1,fhi:git
county,Troms og Finnmark,2020-12-31,0,0,1,0,0.00041099662571770297,0.0,0,1,fhi:git
county,Troms og Finnmark,2021-01-01,0,0,1,0,0.00041099662571770297,0.0,0,1,fhi:git
county,Troms og Finnmark,2021-01-02,0,0,1,0,0.00041099662571770297,0.0,0,1,fhi:git
county,Troms og Finnmark,2021-01-03,0,0,1,0,0.00041099662571770297,0.0,0,1,fhi:git
county,Troms og Finnmark,2021-01-04,0,0,1,0,0.00041099662571770297,0.0,0,1,fhi:git
county,Troms og Finnmark,2021-01-05,53,0,54,0,0.022193817788756,0.0,53,54,fhi:git
county,Troms og Finnmark,2021-01-06,530,0,584,0,0.24002202941913797,0.0,530,584,fhi:git
county,Troms og Finnmark,2021-01-07,188,0,772,0,0.317289395054067,0.0,188,772,fhi:git
county,Troms og Finnmark,2021-01-08,247,0,1019,0,0.41880556160633897,0.0,247,1019,fhi:git
county,Troms og Finnmark,2021-01-09,0,0,1019,0,0.41880556160633897,0.0,0,1019,fhi:git
county,Troms og Finnmark,2021-01-10,0,0,1019,0,0.41880556160633897,0.0,0,1019,fhi:git
county,Troms og Finnmark,2021-01-11,1,0,1020,0,0.419216558232057,0.0,1,1020,fhi:git
county,Troms og Finnmark,2021-01-12,188,0,1208,0,0.496483923866985,0.0,188,1208,fhi:git
county,Troms og Finnmark,2021-01-13,569,0,1777,0,0.7303410039003579,0.0,569,1777,fhi:git
county,Troms og Finnmark,2021-01-14,329,0,2106,0,0.8655588937614821,0.0,329,2106,fhi:git
county,Troms og Finnmark,2021-01-15,37,0,2143,0,0.880765768913037,0.0,37,2143,fhi:git
county,Troms og Finnmark,2021-01-16,2,0,2145,0,0.8815877621644731,0.0,2,2145,fhi:git
county,Troms og Finnmark,2021-01-17,1,0,2146,0,0.88199875879019,0.0,1,2146,fhi:git
county,Troms og Finnmark,2021-01-18,0,1,2146,1,0.88199875879019,0.00041099662571770297,1,2147,fhi:git
county,Troms og Finnmark,2021-01-19,249,0,2395,1,0.9843369185938979,0.00041099662571770297,249,2396,fhi:git
county,Troms og Finnmark,2021-01-20,914,0,3309,1,1.3599878344998797,0.00041099662571770297,914,3310,fhi:git
county,Troms og Finnmark,2021-01-21,249,0,3558,1,1.46232599430359,0.00041099662571770297,249,3559,fhi:git
county,Troms og Finnmark,2021-01-22,81,0,3639,1,1.49561672098672,0.00041099662571770297,81,3640,fhi:git
county,Troms og Finnmark,2021-01-23,12,0,3651,1,1.50054868049533,0.00041099662571770297,12,3652,fhi:git
county,Troms og Finnmark,2021-01-24,0,0,3651,1,1.50054868049533,0.00041099662571770297,0,3652,fhi:git
county,Troms og Finnmark,2021-01-25,6,0,3657,1,1.5030146602496397,0.00041099662571770297,6,3658,fhi:git
county,Troms og Finnmark,2021-01-26,84,0,3741,1,1.53753837680993,0.00041099662571770297,84,3742,fhi:git
county,Troms og Finnmark,2021-01-27,674,357,4415,358,1.81455010254366,0.14713679200693802,1031,4773,fhi:git
county,Troms og Finnmark,2021-01-28,233,276,4648,634,1.91031231633588,0.260571860705024,509,5282,fhi:git
county,Troms og Finnmark,2021-01-29,103,243,4751,877,1.95264496878481,0.360444040754425,346,5628,fhi:git
county,Troms og Finnmark,2021-01-30,0,0,4751,877,1.95264496878481,0.360444040754425,0,5628,fhi:git
county,Troms og Finnmark,2021-01-31,0,0,4751,877,1.95264496878481,0.360444040754425,0,5628,fhi:git
county,Troms og Finnmark,2021-02-01,0,2,4751,879,1.95264496878481,0.36126603400586105,2,5630,fhi:git
county,Troms og Finnmark,2021-02-02,120,21,4871,900,2.00196456387093,0.369896963145933,141,5771,fhi:git
county,Troms og Finnmark,2021-02-03,1156,564,6027,1464,2.4770766632006,0.601699060050717,1720,7491,fhi:git
county,Troms og Finnmark,2021-02-04,1131,376,7158,1840,2.94191384688732,0.7562337913205729,1507,8998,fhi:git
county,Troms og Finnmark,2021-02-05,280,140,7438,1980,3.05699290208827,0.8137733189210521,420,9418,fhi:git
county,Troms og Finnmark,2021-02-06,1,1,7439,1981,3.0574038987139907,0.8141843155467691,2,9420,fhi:git
county,Troms og Finnmark,2021-02-07,0,1,7439,1982,3.0574038987139907,0.814595312172487,1,9421,fhi:git
county,Troms og Finnmark,2021-02-08,0,0,7439,1982,3.0574038987139907,0.814595312172487,0,9421,fhi:git
county,Troms og Finnmark,2021-02-09,71,26,7510,2008,3.0865846591399504,0.825281224441147,97,9518,fhi:git
county,Troms og Finnmark,2021-02-10,1402,800,8912,2808,3.66280192839617,1.15407852501531,2202,11720,fhi:git
county,Troms og Finnmark,2021-02-11,963,463,9875,3271,4.05859167896232,1.3443699627226102,1426,13146,fhi:git
county,Troms og Finnmark,2021-02-12,266,114,10141,3385,4.16791678140322,1.39122357805442,380,13526,fhi:git
county,Troms og Finnmark,2021-02-13,5,2,10146,3387,4.169971764531811,1.39204557130586,7,13533,fhi:git
county,Troms og Finnmark,2021-02-14,0,0,10146,3387,4.169971764531811,1.39204557130586,0,13533,fhi:git
county,Troms og Finnmark,2021-02-15,1,6,10147,3393,4.17038276115753,1.39451155106017,7,13540,fhi:git
nation,Norge,2020-12-27,5,0,5,0,9.31518486915891e-05,0.0,5,5,fhi:git
nation,Norge,2020-12-28,601,0,606,0,0.0112900040614206,0.0,601,606,fhi:git
nation,Norge,2020-12-29,1068,0,1674,0,0.031187238941944,0.0,1068,1674,fhi:git
nation,Norge,2020-12-30,424,0,2098,0,0.0390865157109908,0.0,424,2098,fhi:git
nation,Norge,2020-12-31,72,0,2170,0,0.0404279023321497,0.0,72,2170,fhi:git
nation,Norge,2021-01-01,6,0,2176,0,0.0405396845505796,0.0,6,2176,fhi:git
nation,Norge,2021-01-02,0,0,2176,0,0.0405396845505796,0.0,0,2176,fhi:git
nation,Norge,2021-01-03,3,0,2179,0,0.0405955756597945,0.0,3,2179,fhi:git
nation,Norge,2021-01-04,6,0,2185,0,0.0407073578782245,0.0,6,2185,fhi:git
nation,Norge,2021-01-05,3385,0,5570,0,0.10377115944242998,0.0,3385,5570,fhi:git
nation,Norge,2021-01-06,9058,0,14628,0,0.272525048532113,0.0,9058,14628,fhi:git
nation,Norge,2021-01-07,6567,0,21195,0,0.394870686603646,0.0,6567,21195,fhi:git
nation,Norge,2021-01-08,1613,0,22808,0,0.424921472991553,0.0,1613,22808,fhi:git
nation,Norge,2021-01-09,134,0,22942,0,0.42741794253648796,0.0,134,22942,fhi:git
nation,Norge,2021-01-10,107,0,23049,0,0.429411392098488,0.0,107,23049,fhi:git
nation,Norge,2021-01-11,348,0,23397,0,0.4358947607674221,0.0,348,23397,fhi:git
nation,Norge,2021-01-12,4260,0,27657,0,0.515260135852656,0.0,4260,27657,fhi:git
nation,Norge,2021-01-13,9771,0,37428,0,0.69729747856576,0.0,9771,37428,fhi:git
nation,Norge,2021-01-14,8451,0,45879,0,0.8547427332242841,0.0,8451,45879,fhi:git
nation,Norge,2021-01-15,4467,0,50346,0,0.9379645948453492,0.0,4467,50346,fhi:git
nation,Norge,2021-01-16,740,0,51086,0,0.951751068451705,0.0,740,51086,fhi:git
nation,Norge,2021-01-17,340,5,51426,5,0.9580853941627321,9.31518486915891e-05,345,51431,fhi:git
nation,Norge,2021-01-18,1279,283,52705,288,0.9819136370580409,0.005365546484635529,1562,52993,fhi:git
nation,Norge,2021-01-19,4553,767,57258,1055,1.0667377104765998,0.0196550400739253,5320,58313,fhi:git
nation,Norge,2021-01-20,10027,692,67285,1747,1.25354442784271,0.0325472559328412,10719,69032,fhi:git
nation,Norge,2021-01-21,8394,168,75679,1915,1.40992775142615,0.0356771580488786,8562,77594,fhi:git
nation,Norge,2021-01-22,3287,7,78966,1922,1.47116577675601,0.0358075706370469,3294,80888,fhi:git
nation,Norge,2021-01-23,353,0,79319,1922,1.4777422972736298,0.0358075706370469,353,81241,fhi:git
nation,Norge,2021-01-24,66,0,79385,1922,1.47897190167636,0.0358075706370469,66,81307,fhi:git
nation,Norge,2021-01-25,575,0,79960,1922,1.48968436427589,0.0358075706370469,575,81882,fhi:git
nation,Norge,2021-01-26,2233,2129,82193,4051,1.53128597990156,0.0754716278099255,4362,86244,fhi:git
nation,Norge,2021-01-27,11197,7446,93390,11497,1.7398902298615,0.21419336088144,18643,104887,fhi:git
nation,Norge,2021-01-28,10756,6535,104146,18032,1.94027848676685,0.335942827121347,17291,122178,fhi:git
nation,Norge,2021-01-29,3746,2084,107892,20116,2.01006785180659,0.374768517656001,5830,128008,fhi:git
nation,Norge,2021-01-30,129,170,108021,20286,2.01247116950283,0.377935680511515,299,128307,fhi:git
nation,Norge,2021-01-31,80,50,108101,20336,2.0139615990818998,0.378867198998431,130,128437,fhi:git
nation,Norge,2021-02-01,180,298,108281,20634,2.01731506563479,0.38441904918045,478,128915,fhi:git
nation,Norge,2021-02-02,6281,3126,114562,23760,2.13433241796117,0.44265758498243196,9407,138322,fhi:git
nation,Norge,2021-02-03,24664,8223,139226,31983,2.5938318571870402,0.595855115340619,32887,171209,fhi:git
nation,Norge,2021-02-04,25500,8542,164726,40525,3.06890628551414,0.7549957336453299,34042,205251,fhi:git
nation,Norge,2021-02-05,10444,4812,175170,45337,3.2634818670611296,0.844645072826115,15256,220507,fhi:git
nation,Norge,2021-02-06,778,732,175948,46069,3.2779762947175497,0.8582825034745641,1510,222017,fhi:git
nation,Norge,2021-02-07,320,294,176268,46363,3.28393801303381,0.8637598321776301,614,222631,fhi:git
nation,Norge,2021-02-08,123,919,176391,47282,3.28622954851162,0.880881141967143,1042,223673,fhi:git
nation,Norge,2021-02-09,5338,3142,181729,50424,3.3856784621747593,0.9394177636849379,8480,232153,fhi:git
nation,Norge,2021-02-10,22225,8391,203954,58815,3.7997384296088703,1.09574519615916,30616,262769,fhi:git
nation,Norge,2021-02-11,20021,8244,223975,67059,4.17273706213974,1.2493339642818602,28265,291034,fhi:git
nation,Norge,2021-02-12,7719,3312,231694,70371,4.31654488614981,1.31103774885516,11031,302065,fhi:git
nation,Norge,2021-02-13,783,303,232477,70674,4.33113246565491,1.31668275088587,1086,303151,fhi:git
nation,Norge,2021-02-14,110,1,232587,70675,4.33318180632613,1.31670138125561,111,303262,fhi:git
nation,Norge,2021-02-15,775,743,233362,71418,4.34762034287332,1.33054374597118,1518,304780,fhi:git
