granularity_geo,location_name,date,new_dose_1,new_dose_2,total_dose_1,total_dose_2,total_pr100_dose_1,total_pr100_dose_2,new_doses,total_doses,source
county,Oslo,2020-12-27,5,0,5,0,0.00072098677133472,0.0,5,5,fhi:git
county,Oslo,2020-12-28,264,0,269,0,0.0387890882978079,0.0,264,269,fhi:git
county,Oslo,2020-12-29,118,0,387,0,0.0558043761013073,0.0,118,387,fhi:git
county,Oslo,2020-12-30,58,0,445,0,0.06416782264879001,0.0,58,445,fhi:git
county,Oslo,2020-12-31,5,0,450,0,0.0648888094201248,0.0,5,450,fhi:git
county,Oslo,2021-01-01,6,0,456,0,0.0657539935457264,0.0,6,456,fhi:git
county,Oslo,2021-01-02,0,0,456,0,0.0657539935457264,0.0,0,456,fhi:git
county,Oslo,2021-01-03,0,0,456,0,0.0657539935457264,0.0,0,456,fhi:git
county,Oslo,2021-01-04,0,0,456,0,0.06542230384069099,0.0,0,456,fhi:git
county,Oslo,2021-01-05,479,0,935,0,0.13414441686632902,0.0,479,935,fhi:git
county,Oslo,2021-01-06,604,0,1539,0,0.220800275462332,0.0,604,1539,fhi:git
county,Oslo,2021-01-07,967,0,2506,0,0.359535731194674,0.0,967,2506,fhi:git
county,Oslo,2021-01-08,450,0,2956,0,0.42409721524798794,0.0,450,2956,fhi:git
county,Oslo,2021-01-09,127,0,3083,0,0.44231790074747895,0.0,127,3083,fhi:git
county,Oslo,2021-01-10,100,0,3183,0,0.45666489720377007,0.0,100,3183,fhi:git
county,Oslo,2021-01-11,76,0,3259,0,0.467568614510552,0.0,76,3259,fhi:git
county,Oslo,2021-01-12,242,0,3501,0,0.502288345934779,0.0,242,3501,fhi:git
county,Oslo,2021-01-13,490,0,3991,0,0.572588628570609,0.0,490,3991,fhi:git
county,Oslo,2021-01-14,1233,0,5224,0,0.749487094876688,0.0,1233,5224,fhi:git
county,Oslo,2021-01-15,1637,0,6861,0,0.9843474268661859,0.0,1637,6861,fhi:git
county,Oslo,2021-01-16,645,0,7506,0,1.07688555400927,0.0,645,7506,fhi:git
county,Oslo,2021-01-17,275,5,7781,5,1.11633979426407,0.0007173498228145941,280,7786,fhi:git
county,Oslo,2021-01-18,760,231,8541,236,1.22537696733189,0.0338589116368488,991,8777,fhi:git
county,Oslo,2021-01-19,810,69,9351,305,1.34158763862785,0.0437583391916902,879,9656,fhi:git
county,Oslo,2021-01-20,990,99,10341,404,1.48362290354514,0.0579618656834192,1089,10745,fhi:git
county,Oslo,2021-01-21,1018,21,11359,425,1.6296753274701898,0.0609747349392405,1039,11784,fhi:git
county,Oslo,2021-01-22,667,6,12026,431,1.7253697938336598,0.061835554726617996,673,12457,fhi:git
county,Oslo,2021-01-23,233,0,12259,431,1.75879829557682,0.061835554726617996,233,12690,fhi:git
county,Oslo,2021-01-24,67,0,12326,431,1.76841078320254,0.061835554726617996,67,12757,fhi:git
county,Oslo,2021-01-25,258,0,12584,431,1.80542603405977,0.061835554726617996,258,13015,fhi:git
county,Oslo,2021-01-26,312,403,12896,834,1.8501886630034,0.119653950445474,715,13730,fhi:git
county,Oslo,2021-01-27,1035,527,13931,1361,1.99868007632602,0.195262621770132,1562,15292,fhi:git
county,Oslo,2021-01-28,870,842,14801,2203,2.12349894549576,0.31606433193211,1712,17004,fhi:git
county,Oslo,2021-01-29,424,502,15225,2705,2.1843302104704403,0.388086254142695,926,17930,fhi:git
county,Oslo,2021-01-30,94,152,15319,2857,2.1978163871393503,0.40989368875625903,246,18176,fhi:git
county,Oslo,2021-01-31,61,45,15380,2902,2.20656805497769,0.41634983716159,106,18282,fhi:git
county,Oslo,2021-02-01,52,46,15432,2948,2.21402849313496,0.42294945553148405,98,18380,fhi:git
county,Oslo,2021-02-02,1524,150,16956,3098,2.43267671912885,0.44446995021592206,1674,20054,fhi:git
county,Oslo,2021-02-03,2445,458,19401,3556,2.7834607824851902,0.510179193985739,2903,22957,fhi:git
county,Oslo,2021-02-04,2051,1230,21452,4786,3.0777176798037305,0.6866472503981291,3281,26238,fhi:git
county,Oslo,2021-02-05,1381,1568,22833,6354,3.27584970086512,0.9116081548327859,2949,29187,fhi:git
county,Oslo,2021-02-06,243,632,23076,6986,3.3107129022539104,1.0022811724365501,875,30062,fhi:git
county,Oslo,2021-02-07,215,270,23291,7256,3.34155894463494,1.04101806286854,485,30547,fhi:git
county,Oslo,2021-02-08,46,443,23337,7699,3.34815856300484,1.10457525716991,489,31036,fhi:git
county,Oslo,2021-02-09,1165,244,24502,7943,3.51530107172064,1.13958192852326,1409,32445,fhi:git
county,Oslo,2021-02-10,1835,808,26337,8751,3.7785684566935895,1.2555056598901,2643,35088,fhi:git
county,Oslo,2021-02-11,1591,743,27928,9494,4.00682917031319,1.3621038435603503,2334,37422,fhi:git
county,Oslo,2021-02-12,1354,425,29282,9919,4.20108750233139,1.42307857849959,1779,39201,fhi:git
county,Oslo,2021-02-13,273,194,29555,10113,4.24025480265706,1.4509117516248,467,39668,fhi:git
county,Oslo,2021-02-14,103,0,29658,10113,4.25503220900704,1.4509117516248,103,39771,fhi:git
county,Oslo,2021-02-15,260,443,29918,10556,4.2923343997934005,1.51446894592617,703,40474,fhi:git
county,Oslo,2021-02-16,699,771,30617,11327,4.39261990502288,1.6250842886041799,1470,41944,fhi:git
county,Oslo,2021-02-17,1449,1082,32066,12409,4.60050788367455,1.78031879026126,2531,44475,fhi:git
county,Oslo,2021-02-18,1041,914,33107,13323,4.74986011678455,1.91145033787177,1955,46430,fhi:git
county,Oslo,2021-02-19,1495,967,34602,14290,4.96434771380612,2.0501857936041104,2462,48892,fhi:git
county,Oslo,2021-02-20,100,113,34702,14403,4.97869471026241,2.06639789959972,213,49105,fhi:git
county,Oslo,2021-02-21,4,61,34706,14464,4.97926859012066,2.0751495674380602,65,49170,fhi:git
county,Oslo,2021-02-22,600,113,35306,14577,5.06535056885841,2.0913616734336697,713,49883,fhi:git
county,Oslo,2021-02-23,335,1527,35641,16104,5.11341300698699,2.31044030932124,1862,51745,fhi:git
county,Oslo,2021-02-24,685,2334,36326,18438,5.2116899327125905,2.6452992066111003,3019,54764,fhi:git
county,Oslo,2021-02-25,550,1952,36876,20390,5.29059841322219,2.9253525774379106,2502,57266,fhi:git
county,Oslo,2021-02-26,709,1367,37585,21757,5.392318618097299,3.12147601899542,2076,59342,fhi:git
county,Oslo,2021-02-27,259,99,37844,21856,5.429477338919099,3.1356795454871498,358,59700,fhi:git
county,Oslo,2021-02-28,101,62,37945,21918,5.44396780533995,3.14457468329005,163,59863,fhi:git
county,Oslo,2021-03-01,1000,37,38945,21955,5.587437769902871,3.14988307197888,1037,60900,fhi:git
county,Oslo,2021-03-02,735,135,39680,22090,5.69288819385662,3.16925151719488,870,61770,fhi:git
county,Oslo,2021-03-03,1298,135,40978,22225,5.87911220785929,3.18861996241087,1433,63203,fhi:git
county,Oslo,2021-03-04,1105,202,42083,22427,6.03764651870131,3.21760089525258,1307,64510,fhi:git
county,Oslo,2021-03-05,1221,61,43304,22488,6.212823345432629,3.22635256309092,1282,65792,fhi:git
county,Oslo,2021-03-06,96,3,43400,22491,6.2265964620306695,3.22678297298461,99,65891,fhi:git
county,Oslo,2021-03-07,68,0,43468,22491,6.2363524196209505,3.22678297298461,68,65959,fhi:git
county,Oslo,2021-03-08,617,10,44085,22501,6.324873387756269,3.2282176726302403,627,66586,fhi:git
county,Rogaland,2020-12-27,0,0,0,0,0.0,0.0,0,0,fhi:git
county,Rogaland,2020-12-28,1,0,1,0,0.00020838021888258202,0.0,1,1,fhi:git
county,Rogaland,2020-12-29,0,0,1,0,0.00020838021888258202,0.0,0,1,fhi:git
county,Rogaland,2020-12-30,0,0,1,0,0.00020838021888258202,0.0,0,1,fhi:git
county,Rogaland,2020-12-31,0,0,1,0,0.00020838021888258202,0.0,0,1,fhi:git
county,Rogaland,2021-01-01,0,0,1,0,0.00020838021888258202,0.0,0,1,fhi:git
county,Rogaland,2021-01-02,0,0,1,0,0.00020838021888258202,0.0,0,1,fhi:git
county,Rogaland,2021-01-03,0,0,1,0,0.00020838021888258202,0.0,0,1,fhi:git
county,Rogaland,2021-01-04,0,0,1,0,0.00020719162117084,0.0,0,1,fhi:git
county,Rogaland,2021-01-05,548,0,549,0,0.11374820002279101,0.0,548,549,fhi:git
county,Rogaland,2021-01-06,641,0,1190,0,0.24655802919329897,0.0,641,1190,fhi:git
county,Rogaland,2021-01-07,212,0,1402,0,0.290482652881517,0.0,212,1402,fhi:git
county,Rogaland,2021-01-08,20,0,1422,0,0.29462648530493396,0.0,20,1422,fhi:git
county,Rogaland,2021-01-09,1,0,1423,0,0.29483367692610496,0.0,1,1423,fhi:git
county,Rogaland,2021-01-10,0,0,1423,0,0.29483367692610496,0.0,0,1423,fhi:git
county,Rogaland,2021-01-11,1,0,1424,0,0.295040868547276,0.0,1,1424,fhi:git
county,Rogaland,2021-01-12,117,0,1541,0,0.31928228822426397,0.0,117,1541,fhi:git
county,Rogaland,2021-01-13,761,0,2302,0,0.47695511193527296,0.0,761,2302,fhi:git
county,Rogaland,2021-01-14,535,0,2837,0,0.5878026292616729,0.0,535,2837,fhi:git
county,Rogaland,2021-01-15,291,0,3128,0,0.6480953910223871,0.0,291,3128,fhi:git
county,Rogaland,2021-01-16,0,0,3128,0,0.6480953910223871,0.0,0,3128,fhi:git
county,Rogaland,2021-01-17,1,0,3129,0,0.648302582643558,0.0,1,3129,fhi:git
county,Rogaland,2021-01-18,71,0,3200,0,0.6630131877466879,0.0,71,3200,fhi:git
county,Rogaland,2021-01-19,512,0,3712,0,0.769095297786158,0.0,512,3712,fhi:git
county,Rogaland,2021-01-20,655,0,4367,0,0.904805809653058,0.0,655,4367,fhi:git
county,Rogaland,2021-01-21,428,0,4795,0,0.9934838235141771,0.0,428,4795,fhi:git
county,Rogaland,2021-01-22,272,0,5067,0,1.04983994447265,0.0,272,5067,fhi:git
county,Rogaland,2021-01-23,0,0,5067,0,1.04983994447265,0.0,0,5067,fhi:git
county,Rogaland,2021-01-24,0,0,5067,0,1.04983994447265,0.0,0,5067,fhi:git
county,Rogaland,2021-01-25,150,0,5217,0,1.08091868764827,0.0,150,5217,fhi:git
county,Rogaland,2021-01-26,338,381,5555,381,1.15094945560402,0.07894000766609,719,5936,fhi:git
county,Rogaland,2021-01-27,862,603,6417,984,1.32954863305328,0.203876555232106,1465,7401,fhi:git
county,Rogaland,2021-01-28,523,283,6940,1267,1.4379098509256298,0.262511784023454,806,8207,fhi:git
county,Rogaland,2021-01-29,410,22,7350,1289,1.52285841560567,0.267069999689213,432,8639,fhi:git
county,Rogaland,2021-01-30,3,1,7353,1290,1.5234799904691898,0.267277191310383,4,8643,fhi:git
county,Rogaland,2021-01-31,0,0,7353,1290,1.5234799904691898,0.267277191310383,0,8643,fhi:git
county,Rogaland,2021-02-01,12,5,7365,1295,1.52596628992324,0.268313149416238,17,8660,fhi:git
county,Rogaland,2021-02-02,449,76,7814,1371,1.61899532782894,0.284059712625221,525,9185,fhi:git
county,Rogaland,2021-02-03,2429,635,10243,2006,2.1222637756529097,0.41562639206870505,3064,12249,fhi:git
county,Rogaland,2021-02-04,1885,549,12128,2555,2.51281998155995,0.5293745920914961,2434,14683,fhi:git
county,Rogaland,2021-02-05,657,281,12785,2836,2.64894487666919,0.587595437640502,938,15621,fhi:git
county,Rogaland,2021-02-06,0,0,12785,2836,2.64894487666919,0.587595437640502,0,15621,fhi:git
county,Rogaland,2021-02-07,0,0,12785,2836,2.64894487666919,0.587595437640502,0,15621,fhi:git
county,Rogaland,2021-02-08,7,71,12792,2907,2.6503952180173798,0.6023060427436321,78,15699,fhi:git
county,Rogaland,2021-02-09,586,394,13378,3301,2.7718095080235,0.683939541484942,980,16679,fhi:git
county,Rogaland,2021-02-10,1917,682,15295,3983,3.168995845808,0.8252442271234549,2599,19278,fhi:git
county,Rogaland,2021-02-11,1182,492,16477,4475,3.41389634203193,0.9271825047395079,1674,20952,fhi:git
county,Rogaland,2021-02-12,482,264,16959,4739,3.51376270343627,0.98188109272861,746,21698,fhi:git
county,Rogaland,2021-02-13,0,0,16959,4739,3.51376270343627,0.98188109272861,0,21698,fhi:git
county,Rogaland,2021-02-14,0,0,16959,4739,3.51376270343627,0.98188109272861,0,21698,fhi:git
county,Rogaland,2021-02-15,0,147,16959,4886,3.51376270343627,1.0123382610407199,147,21845,fhi:git
county,Rogaland,2021-02-16,475,314,17434,5200,3.61217872349242,1.07739643008837,789,22634,fhi:git
county,Rogaland,2021-02-17,1474,781,18908,5981,3.9175791730982406,1.2392130862227901,2255,24889,fhi:git
county,Rogaland,2021-02-18,1091,471,19999,6452,4.14362523179563,1.33680033979426,1562,26451,fhi:git
county,Rogaland,2021-02-19,438,411,20437,6863,4.23437516186845,1.4219560960954698,849,27300,fhi:git
county,Rogaland,2021-02-20,1,1,20438,6864,4.234582353489629,1.42216328771664,2,27302,fhi:git
county,Rogaland,2021-02-21,0,0,20438,6864,4.234582353489629,1.42216328771664,0,27302,fhi:git
county,Rogaland,2021-02-22,251,12,20689,6876,4.28658745040351,1.42464958717069,263,27565,fhi:git
county,Rogaland,2021-02-23,379,405,21068,7281,4.36511307482725,1.5085621937448899,784,28349,fhi:git
county,Rogaland,2021-02-24,655,2165,21723,9446,4.500823586694151,1.95713205357975,2820,31169,fhi:git
county,Rogaland,2021-02-25,1147,1806,22870,11252,4.73847237617711,2.33132012141429,2953,34122,fhi:git
county,Rogaland,2021-02-26,986,673,23856,11925,4.942763314651559,2.4707600824622697,1659,35781,fhi:git
county,Rogaland,2021-02-27,1,0,23857,11925,4.94297050627273,2.4707600824622697,1,35782,fhi:git
county,Rogaland,2021-02-28,4,0,23861,11925,4.943799272757411,2.4707600824622697,4,35786,fhi:git
county,Rogaland,2021-03-01,630,2,24491,11927,5.07432999409504,2.47117446570461,632,36418,fhi:git
county,Rogaland,2021-03-02,667,542,25158,12469,5.21252680541599,2.5834723243792004,1209,37627,fhi:git
county,Rogaland,2021-03-03,1099,1450,26257,13919,5.44023039708274,2.8839001750769198,2549,40176,fhi:git
county,Rogaland,2021-03-04,1042,1472,27299,15391,5.65612406634276,3.1888862414404,2514,42690,fhi:git
county,Rogaland,2021-03-05,520,418,27819,15809,5.76386370935159,3.2754923390898103,938,43628,fhi:git
county,Rogaland,2021-03-06,1,0,27820,15809,5.7640709009727695,3.2754923390898103,1,43629,fhi:git
county,Rogaland,2021-03-07,0,0,27820,15809,5.7640709009727695,3.2754923390898103,0,43629,fhi:git
county,Rogaland,2021-03-08,443,0,28263,15809,5.85585678915145,3.2754923390898103,443,44072,fhi:git
county,Møre og Romsdal,2020-12-27,0,0,0,0,0.0,0.0,0,0,fhi:git
county,Møre og Romsdal,2020-12-28,0,0,0,0,0.0,0.0,0,0,fhi:git
county,Møre og Romsdal,2020-12-29,0,0,0,0,0.0,0.0,0,0,fhi:git
county,Møre og Romsdal,2020-12-30,0,0,0,0,0.0,0.0,0,0,fhi:git
county,Møre og Romsdal,2020-12-31,0,0,0,0,0.0,0.0,0,0,fhi:git
county,Møre og Romsdal,2021-01-01,0,0,0,0,0.0,0.0,0,0,fhi:git
county,Møre og Romsdal,2021-01-02,0,0,0,0,0.0,0.0,0,0,fhi:git
county,Møre og Romsdal,2021-01-03,0,0,0,0,0.0,0.0,0,0,fhi:git
county,Møre og Romsdal,2021-01-04,0,0,0,0,0.0,0.0,0,0,fhi:git
county,Møre og Romsdal,2021-01-05,186,0,186,0,0.0700448889826168,0.0,186,186,fhi:git
county,Møre og Romsdal,2021-01-06,497,0,683,0,0.257207845027566,0.0,497,683,fhi:git
county,Møre og Romsdal,2021-01-07,457,0,1140,0,0.4293073840870061,0.0,457,1140,fhi:git
county,Møre og Romsdal,2021-01-08,36,0,1176,0,0.442864459373964,0.0,36,1176,fhi:git
county,Møre og Romsdal,2021-01-09,1,0,1177,0,0.443241044798602,0.0,1,1177,fhi:git
county,Møre og Romsdal,2021-01-10,0,0,1177,0,0.443241044798602,0.0,0,1177,fhi:git
county,Møre og Romsdal,2021-01-11,1,0,1178,0,0.44361763022323997,0.0,1,1178,fhi:git
county,Møre og Romsdal,2021-01-12,225,0,1403,0,0.528349350766728,0.0,225,1403,fhi:git
county,Møre og Romsdal,2021-01-13,387,0,1790,0,0.674087910101528,0.0,387,1790,fhi:git
county,Møre og Romsdal,2021-01-14,410,0,2200,0,0.828487934202995,0.0,410,2200,fhi:git
county,Møre og Romsdal,2021-01-15,152,0,2352,0,0.885728918747929,0.0,152,2352,fhi:git
county,Møre og Romsdal,2021-01-16,1,0,2353,0,0.886105504172566,0.0,1,2353,fhi:git
county,Møre og Romsdal,2021-01-17,1,0,2354,0,0.886482089597204,0.0,1,2354,fhi:git
county,Møre og Romsdal,2021-01-18,11,0,2365,0,0.8906245292682192,0.0,11,2365,fhi:git
county,Møre og Romsdal,2021-01-19,203,0,2568,0,0.967071370469677,0.0,203,2568,fhi:git
county,Møre og Romsdal,2021-01-20,501,0,3069,0,1.1557406682131801,0.0,501,3069,fhi:git
county,Møre og Romsdal,2021-01-21,801,0,3870,0,1.457385593348,0.0,801,3870,fhi:git
county,Møre og Romsdal,2021-01-22,212,0,4082,0,1.53722170337119,0.0,212,4082,fhi:git
county,Møre og Romsdal,2021-01-23,0,0,4082,0,1.53722170337119,0.0,0,4082,fhi:git
county,Møre og Romsdal,2021-01-24,0,0,4082,0,1.53722170337119,0.0,0,4082,fhi:git
county,Møre og Romsdal,2021-01-25,3,0,4085,0,1.53835145964511,0.0,3,4085,fhi:git
county,Møre og Romsdal,2021-01-26,78,129,4163,129,1.56772512276685,0.0485795197782665,207,4292,fhi:git
county,Møre og Romsdal,2021-01-27,537,359,4700,488,1.7699514957973101,0.18377368722321,896,5188,fhi:git
county,Møre og Romsdal,2021-01-28,486,509,5186,997,1.95297201217124,0.37545566836381206,995,6183,fhi:git
county,Møre og Romsdal,2021-01-29,93,78,5279,1075,1.98799445666255,0.404829331485554,171,6354,fhi:git
county,Møre og Romsdal,2021-01-30,0,1,5279,1076,1.98799445666255,0.405205916910192,1,6355,fhi:git
county,Møre og Romsdal,2021-01-31,0,0,5279,1076,1.98799445666255,0.405205916910192,0,6355,fhi:git
county,Møre og Romsdal,2021-02-01,0,0,5279,1076,1.98799445666255,0.405205916910192,0,6355,fhi:git
county,Møre og Romsdal,2021-02-02,279,193,5558,1269,2.09306179013647,0.47788690386527294,472,6827,fhi:git
county,Møre og Romsdal,2021-02-03,1052,312,6610,1581,2.48922965685536,0.5953815563522429,1364,8191,fhi:git
county,Møre og Romsdal,2021-02-04,1533,463,8143,2044,3.0665351128249903,0.7697406079595099,1996,10187,fhi:git
county,Møre og Romsdal,2021-02-05,208,156,8351,2200,3.14486488114964,0.828487934202995,364,10551,fhi:git
county,Møre og Romsdal,2021-02-06,1,2,8352,2202,3.1452414665742796,0.82924110505227,3,10554,fhi:git
county,Møre og Romsdal,2021-02-07,0,1,8352,2203,3.1452414665742796,0.8296176904769079,1,10555,fhi:git
county,Møre og Romsdal,2021-02-08,0,2,8352,2205,3.1452414665742796,0.830370861326183,2,10557,fhi:git
county,Møre og Romsdal,2021-02-09,317,183,8669,2388,3.2646190461844395,0.8992859940348871,500,11057,fhi:git
county,Møre og Romsdal,2021-02-10,1244,436,9913,2824,3.73309131443377,1.06347723917693,1680,12737,fhi:git
county,Møre og Romsdal,2021-02-11,1239,805,11152,3629,4.19968065555991,1.3666285060102998,2044,14781,fhi:git
county,Møre og Romsdal,2021-02-12,283,207,11435,3836,4.30625433073238,1.44458168891031,490,15271,fhi:git
county,Møre og Romsdal,2021-02-13,24,0,11459,3836,4.31529238092369,1.44458168891031,24,15295,fhi:git
county,Møre og Romsdal,2021-02-14,0,0,11459,3836,4.31529238092369,1.44458168891031,0,15295,fhi:git
county,Møre og Romsdal,2021-02-15,1,8,11460,3844,4.31566896634833,1.4475943723074098,9,15304,fhi:git
county,Møre og Romsdal,2021-02-16,342,58,11802,3902,4.44446118157443,1.4694363269364,400,15704,fhi:git
county,Møre og Romsdal,2021-02-17,1184,414,12986,4316,4.890338324345491,1.62534269273642,1598,17302,fhi:git
county,Møre og Romsdal,2021-02-18,1154,512,14140,4828,5.324917904377429,1.8181544301509398,1666,18968,fhi:git
county,Møre og Romsdal,2021-02-19,495,85,14635,4913,5.5113276895731,1.8501641912451399,580,19548,fhi:git
county,Møre og Romsdal,2021-02-20,9,0,14644,4913,5.51471695839484,1.8501641912451399,9,19557,fhi:git
county,Møre og Romsdal,2021-02-21,0,0,14644,4913,5.51471695839484,1.8501641912451399,0,19557,fhi:git
county,Møre og Romsdal,2021-02-22,15,0,14659,4913,5.520365739764411,1.8501641912451399,15,19572,fhi:git
county,Møre og Romsdal,2021-02-23,390,211,15049,5124,5.66723405537312,1.9296237158437,601,20173,fhi:git
county,Møre og Romsdal,2021-02-24,718,839,15767,5963,5.9376223902630105,2.24557888711475,1557,21730,fhi:git
county,Møre og Romsdal,2021-02-25,696,1448,16463,7411,6.19972584581086,2.79087458199018,2144,23874,fhi:git
county,Møre og Romsdal,2021-02-26,259,191,16722,7602,6.29726147079203,2.8628023980959796,450,24324,fhi:git
county,Møre og Romsdal,2021-02-27,2,1,16724,7603,6.298014641641309,2.86317898352062,3,24327,fhi:git
county,Møre og Romsdal,2021-02-28,0,0,16724,7603,6.298014641641309,2.86317898352062,0,24327,fhi:git
county,Møre og Romsdal,2021-03-01,95,1,16819,7604,6.3337902569818905,2.86355556894526,96,24423,fhi:git
county,Møre og Romsdal,2021-03-02,725,231,17544,7835,6.60681468984424,2.9505468020365697,956,25379,fhi:git
county,Møre og Romsdal,2021-03-03,860,1069,18404,8904,6.930678155032691,3.3531166209743,1929,27308,fhi:git
county,Møre og Romsdal,2021-03-04,961,1251,19365,10155,7.29257674810954,3.8242249871961005,2212,29520,fhi:git
county,Møre og Romsdal,2021-03-05,806,251,20171,10406,7.59610460036755,3.91874792878017,1057,30577,fhi:git
county,Møre og Romsdal,2021-03-06,3,6,20174,10412,7.59723435664146,3.9210074413279905,9,30586,fhi:git
county,Møre og Romsdal,2021-03-07,0,0,20174,10412,7.59723435664146,3.9210074413279905,0,30586,fhi:git
county,Møre og Romsdal,2021-03-08,139,0,20313,10412,7.649579730666111,3.9210074413279905,139,30725,fhi:git
county,Nordland,2020-12-27,0,0,0,0,0.0,0.0,0,0,fhi:git
county,Nordland,2020-12-28,0,0,0,0,0.0,0.0,0,0,fhi:git
county,Nordland,2020-12-29,0,0,0,0,0.0,0.0,0,0,fhi:git
county,Nordland,2020-12-30,1,0,1,0,0.00041453354612722,0.0,1,1,fhi:git
county,Nordland,2020-12-31,0,0,1,0,0.00041453354612722,0.0,0,1,fhi:git
county,Nordland,2021-01-01,0,0,1,0,0.00041453354612722,0.0,0,1,fhi:git
county,Nordland,2021-01-02,0,0,1,0,0.00041453354612722,0.0,0,1,fhi:git
county,Nordland,2021-01-03,0,0,1,0,0.00041453354612722,0.0,0,1,fhi:git
county,Nordland,2021-01-04,0,0,1,0,0.000416068568100023,0.0,0,1,fhi:git
county,Nordland,2021-01-05,200,0,201,0,0.0836297821881046,0.0,200,201,fhi:git
county,Nordland,2021-01-06,686,0,887,0,0.36905281990471994,0.0,686,887,fhi:git
county,Nordland,2021-01-07,238,0,1125,0,0.468077139112526,0.0,238,1125,fhi:git
county,Nordland,2021-01-08,114,0,1239,0,0.5155089558759279,0.0,114,1239,fhi:git
county,Nordland,2021-01-09,0,0,1239,0,0.5155089558759279,0.0,0,1239,fhi:git
county,Nordland,2021-01-10,0,0,1239,0,0.5155089558759279,0.0,0,1239,fhi:git
county,Nordland,2021-01-11,0,0,1239,0,0.5155089558759279,0.0,0,1239,fhi:git
county,Nordland,2021-01-12,292,0,1531,0,0.6370009777611351,0.0,292,1531,fhi:git
county,Nordland,2021-01-13,627,0,2158,0,0.8978759699598491,0.0,627,2158,fhi:git
county,Nordland,2021-01-14,272,0,2430,0,1.01104662048306,0.0,272,2430,fhi:git
county,Nordland,2021-01-15,69,0,2499,0,1.03975535168196,0.0,69,2499,fhi:git
county,Nordland,2021-01-16,0,0,2499,0,1.03975535168196,0.0,0,2499,fhi:git
county,Nordland,2021-01-17,1,0,2500,0,1.04017142025006,0.0,1,2500,fhi:git
county,Nordland,2021-01-18,0,0,2500,0,1.04017142025006,0.0,0,2500,fhi:git
county,Nordland,2021-01-19,313,0,2813,0,1.1704008820653602,0.0,313,2813,fhi:git
county,Nordland,2021-01-20,786,0,3599,0,1.4974307765919799,0.0,786,3599,fhi:git
county,Nordland,2021-01-21,616,0,4215,0,1.7537290145416,0.0,616,4215,fhi:git
county,Nordland,2021-01-22,173,0,4388,0,1.8257088768229,0.0,173,4388,fhi:git
county,Nordland,2021-01-23,4,0,4392,0,1.8273731510953,0.0,4,4392,fhi:git
county,Nordland,2021-01-24,0,0,4392,0,1.8273731510953,0.0,0,4392,fhi:git
county,Nordland,2021-01-25,51,0,4443,0,1.8485926480684,0.0,51,4443,fhi:git
county,Nordland,2021-01-26,120,90,4563,90,1.8985208762403998,0.0374461711290021,210,4653,fhi:git
county,Nordland,2021-01-27,626,528,5189,618,2.15897979987102,0.257130375085814,1154,5807,fhi:git
county,Nordland,2021-01-28,471,365,5660,983,2.35494809544613,0.40899540244232296,836,6643,fhi:git
county,Nordland,2021-01-29,211,144,5871,1127,2.44273856331523,0.468909276248726,355,6998,fhi:git
county,Nordland,2021-01-30,1,0,5872,1127,2.44315463188333,0.468909276248726,1,6999,fhi:git
county,Nordland,2021-01-31,0,0,5872,1127,2.44315463188333,0.468909276248726,0,6999,fhi:git
county,Nordland,2021-02-01,9,4,5881,1131,2.4468992489962402,0.47057355052112604,13,7012,fhi:git
county,Nordland,2021-02-02,110,200,5991,1331,2.49266679148724,0.553787264141131,310,7322,fhi:git
county,Nordland,2021-02-03,1417,457,7408,1788,3.0822359524849703,0.743930599762841,1874,9196,fhi:git
county,Nordland,2021-02-04,1670,346,9078,2134,3.7770704612120096,0.8878903243254491,2016,11212,fhi:git
county,Nordland,2021-02-05,327,125,9405,2259,3.9131248829807204,0.9398988953379521,452,11664,fhi:git
county,Nordland,2021-02-06,0,0,9405,2259,3.9131248829807204,0.9398988953379521,0,11664,fhi:git
county,Nordland,2021-02-07,1,0,9406,2259,3.9135409515488195,0.9398988953379521,1,11665,fhi:git
county,Nordland,2021-02-08,6,1,9412,2260,3.91603736295742,0.940314963906052,7,11672,fhi:git
county,Nordland,2021-02-09,70,262,9482,2522,3.94516216272442,1.04932492874826,332,12004,fhi:git
county,Nordland,2021-02-10,2012,588,11494,3110,4.78229212174166,1.29397324679107,2600,14604,fhi:git
county,Nordland,2021-02-11,1221,560,12715,3670,5.29031184339179,1.52697164492708,1781,16385,fhi:git
county,Nordland,2021-02-12,287,238,13002,3908,5.4097235224365,1.6259959641348898,525,16910,fhi:git
county,Nordland,2021-02-13,53,3,13055,3911,5.4317751565458,1.62724416983919,56,16966,fhi:git
county,Nordland,2021-02-14,0,0,13055,3911,5.4317751565458,1.62724416983919,0,16966,fhi:git
county,Nordland,2021-02-15,0,1,13055,3912,5.4317751565458,1.62766023840729,1,16967,fhi:git
county,Nordland,2021-02-16,219,71,13274,3983,5.5228941729597,1.6572011067423897,290,17257,fhi:git
county,Nordland,2021-02-17,1480,515,14754,4498,6.13867565374774,1.8714764193139,1995,19252,fhi:git
county,Nordland,2021-02-18,844,608,15598,5106,6.48983752522416,2.12444610871872,1452,20704,fhi:git
county,Nordland,2021-02-19,306,230,15904,5336,6.617154507062759,2.2201418793817203,536,21240,fhi:git
county,Nordland,2021-02-20,1,1,15905,5337,6.61757057563086,2.22055794794982,2,21242,fhi:git
county,Nordland,2021-02-21,0,0,15905,5337,6.61757057563086,2.22055794794982,0,21242,fhi:git
county,Nordland,2021-02-22,268,0,16173,5337,6.7290769518816695,2.22055794794982,268,21510,fhi:git
county,Nordland,2021-02-23,306,56,16479,5393,6.8563939337202795,2.24385778776342,362,21872,fhi:git
county,Nordland,2021-02-24,963,976,17442,6369,7.2570679648006,2.6499407102290498,1939,23811,fhi:git
county,Nordland,2021-02-25,580,1844,18022,8213,7.4983877342986105,3.4171711498054904,2424,26235,fhi:git
county,Nordland,2021-02-26,410,397,18432,8610,7.6689758472196194,3.5823503713412004,807,27042,fhi:git
county,Nordland,2021-02-27,0,4,18432,8614,7.6689758472196194,3.5840146456136,4,27046,fhi:git
county,Nordland,2021-02-28,0,1,18432,8615,7.6689758472196194,3.5844307141817002,1,27047,fhi:git
county,Nordland,2021-03-01,228,0,18660,8615,7.76383948074643,3.5844307141817002,228,27275,fhi:git
county,Nordland,2021-03-02,494,50,19154,8665,7.96937735338784,3.6052341425867005,544,27819,fhi:git
county,Nordland,2021-03-03,614,1531,19768,10196,8.22484345420125,4.24223512034783,2145,29964,fhi:git
county,Nordland,2021-03-04,705,1353,20473,11549,8.518171794711769,4.80517589298716,2058,32022,fhi:git
county,Nordland,2021-03-05,426,322,20899,11871,8.69541700472238,4.93914997191537,748,32770,fhi:git
county,Nordland,2021-03-06,13,51,20912,11922,8.700825896107679,4.96036946888847,64,32834,fhi:git
county,Nordland,2021-03-07,0,0,20912,11922,8.700825896107679,4.96036946888847,0,32834,fhi:git
county,Nordland,2021-03-08,361,0,21273,11922,8.85102664919179,4.96036946888847,361,33195,fhi:git
county,Viken,2020-12-27,0,0,0,0,0.0,0.0,0,0,fhi:git
county,Viken,2020-12-28,65,0,65,0,0.00523701522360041,0.0,65,65,fhi:git
county,Viken,2020-12-29,689,0,754,0,0.0607493765937647,0.0,689,754,fhi:git
county,Viken,2020-12-30,216,0,970,0,0.0781523810291138,0.0,216,970,fhi:git
county,Viken,2020-12-31,67,0,1037,0,0.0835505351826711,0.0,67,1037,fhi:git
county,Viken,2021-01-01,0,0,1037,0,0.0835505351826711,0.0,0,1037,fhi:git
county,Viken,2021-01-02,0,0,1037,0,0.0835505351826711,0.0,0,1037,fhi:git
county,Viken,2021-01-03,0,0,1037,0,0.0835505351826711,0.0,0,1037,fhi:git
county,Viken,2021-01-04,0,0,1037,0,0.0828020798732657,0.0,0,1037,fhi:git
county,Viken,2021-01-05,525,0,1562,0,0.124722129953752,0.0,525,1562,fhi:git
county,Viken,2021-01-06,1647,0,3209,0,0.25623131563482104,0.0,1647,3209,fhi:git
county,Viken,2021-01-07,1920,0,5129,0,0.409538927357743,0.0,1920,5129,fhi:git
county,Viken,2021-01-08,281,0,5410,0,0.431976135115109,0.0,281,5410,fhi:git
county,Viken,2021-01-09,6,0,5416,0,0.432455221401743,0.0,6,5416,fhi:git
county,Viken,2021-01-10,5,0,5421,0,0.432854459973938,0.0,5,5421,fhi:git
county,Viken,2021-01-11,57,0,5478,0,0.43740577969696204,0.0,57,5478,fhi:git
county,Viken,2021-01-12,788,0,6266,0,0.500325778674911,0.0,788,6266,fhi:git
county,Viken,2021-01-13,1944,0,8210,0,0.65554973554437,0.0,1944,8210,fhi:git
county,Viken,2021-01-14,1952,0,10162,0,0.8114124741293409,0.0,1952,10162,fhi:git
county,Viken,2021-01-15,1043,0,11205,0,0.8946936402892409,0.0,1043,11205,fhi:git
county,Viken,2021-01-16,87,0,11292,0,0.901640391445435,0.0,87,11292,fhi:git
county,Viken,2021-01-17,22,0,11314,0,0.903397041163094,0.0,22,11314,fhi:git
county,Viken,2021-01-18,142,51,11456,51,0.914735416613435,0.00407223343639012,193,11507,fhi:git
county,Viken,2021-01-19,645,384,12101,435,0.966237192426604,0.0347337557809745,1029,12536,fhi:git
county,Viken,2021-01-20,1489,342,13590,777,1.0851304392263101,0.06204167411912001,1831,14367,fhi:git
county,Viken,2021-01-21,1998,99,15588,876,1.24466617267547,0.0699465978485832,2097,16464,fhi:git
county,Viken,2021-01-22,819,1,16407,877,1.3100614508010302,0.0700264455630222,820,17284,fhi:git
county,Viken,2021-01-23,96,0,16503,877,1.31772683138718,0.0700264455630222,96,17380,fhi:git
county,Viken,2021-01-24,0,0,16503,877,1.31772683138718,0.0700264455630222,0,17380,fhi:git
county,Viken,2021-01-25,60,0,16563,877,1.3225176942535202,0.0700264455630222,60,17440,fhi:git
county,Viken,2021-01-26,561,401,17124,1278,1.36731226205381,0.10204537905307,962,18402,fhi:git
county,Viken,2021-01-27,1936,1165,19060,2443,1.5218974372077598,0.19506796637453103,3101,21503,fhi:git
county,Viken,2021-01-28,3106,1708,22166,4151,1.7699044382553601,0.33144786263638,4814,26317,fhi:git
county,Viken,2021-01-29,1040,427,23206,4578,1.85294606127194,0.365542836701842,1467,27784,fhi:git
county,Viken,2021-01-30,6,18,23212,4596,1.8534251475585801,0.366980095561745,24,27808,fhi:git
county,Viken,2021-01-31,7,3,23219,4599,1.85398408155965,0.367219638705062,10,27818,fhi:git
county,Viken,2021-02-01,35,45,23254,4644,1.85677875156502,0.37081278585481803,80,27898,fhi:git
county,Viken,2021-02-02,1019,687,24273,5331,1.9381435725783798,0.42566816567442606,1706,29604,fhi:git
county,Viken,2021-02-03,4741,1719,29014,7050,2.31670158673378,0.562926386795104,6460,36064,fhi:git
county,Viken,2021-02-04,6628,1750,35642,8800,2.84593223803562,0.702659887063393,8378,44442,fhi:git
county,Viken,2021-02-05,3142,1093,38784,9893,3.0968137568030296,0.7899334389452439,4235,48677,fhi:git
county,Viken,2021-02-06,37,87,38821,9980,3.0997681222372697,0.7968801901014391,124,48801,fhi:git
county,Viken,2021-02-07,15,19,38836,9999,3.10096583795385,0.79839729667578,34,48835,fhi:git
county,Viken,2021-02-08,15,96,38851,10095,3.1021635536704397,0.8060626772619259,111,48946,fhi:git
county,Viken,2021-02-09,790,565,39641,10660,3.1652432480772696,0.8511766359199742,1355,50301,fhi:git
county,Viken,2021-02-10,3433,1326,43074,11986,3.4393604517464302,0.9570547052661159,4759,55060,fhi:git
county,Viken,2021-02-11,4837,1914,47911,13900,3.82558384648798,1.1098832307023998,6751,61811,fhi:git
county,Viken,2021-02-12,2419,975,50330,14875,4.01873546771597,1.18773475228045,3394,65205,fhi:git
county,Viken,2021-02-13,23,95,50353,14970,4.02057196514807,1.1953202851521598,118,65323,fhi:git
county,Viken,2021-02-14,6,0,50359,14970,4.021051051434701,1.1953202851521598,6,65329,fhi:git
county,Viken,2021-02-15,352,123,50711,15093,4.04915744691724,1.20514155402816,475,65804,fhi:git
county,Viken,2021-02-16,1410,353,52121,15446,4.16174272427626,1.23332779722513,1763,67567,fhi:git
county,Viken,2021-02-17,4386,1796,56507,17242,4.51195479980581,1.37673429235762,6182,73749,fhi:git
county,Viken,2021-02-18,4839,2917,61346,20159,4.89833788997624,1.60965007537624,7756,81505,fhi:git
county,Viken,2021-02-19,3792,1280,65138,21439,5.20112042312901,1.7118551498581898,5072,86577,fhi:git
county,Viken,2021-02-20,28,5,65166,21444,5.2033561591333,1.7122543884303898,33,86610,fhi:git
county,Viken,2021-02-21,1,6,65167,21450,5.20343600684774,1.7127334747170202,7,86617,fhi:git
county,Viken,2021-02-22,695,7,65862,21457,5.25893016838286,1.71329240871809,702,87319,fhi:git
county,Viken,2021-02-23,2125,753,67987,22210,5.428606561565781,1.7734177376906801,2878,90197,fhi:git
county,Viken,2021-02-24,2439,4158,70426,26368,5.62335513708256,2.10542453432813,6597,96794,fhi:git
county,Viken,2021-02-25,2346,6238,72772,32606,5.8106778751565,2.6035145769987498,8584,105378,fhi:git
county,Viken,2021-02-26,1715,2705,74487,35311,5.94761670541942,2.8195026445563,4420,109798,fhi:git
county,Viken,2021-02-27,166,86,74653,35397,5.9608714260163,2.82636954799806,252,110050,fhi:git
county,Viken,2021-02-28,416,0,75069,35397,5.99408807522294,2.82636954799806,416,110466,fhi:git
county,Viken,2021-03-01,1394,1,76463,35398,6.105395789150929,2.8264493957125003,1395,111861,fhi:git
county,Viken,2021-03-02,2892,516,79355,35914,6.33631537930858,2.86765081636303,3408,115269,fhi:git
county,Viken,2021-03-03,4865,2558,84220,38472,6.72477451005442,3.0719012698980497,7423,122692,fhi:git
county,Viken,2021-03-04,3952,3245,88172,41717,7.040332677517441,3.3310071032526802,7197,129889,fhi:git
county,Viken,2021-03-05,2397,1720,90569,43437,7.23172764902778,3.4683451720877896,4117,134006,fhi:git
county,Viken,2021-03-06,155,0,90724,43437,7.2441040447658205,3.4683451720877896,155,134161,fhi:git
county,Viken,2021-03-07,17,0,90741,43437,7.24546145591129,3.4683451720877896,17,134178,fhi:git
county,Viken,2021-03-08,991,22,91732,43459,7.32459054092036,3.4701018218054505,1013,135191,fhi:git
county,Innlandet,2020-12-27,0,0,0,0,0.0,0.0,0,0,fhi:git
county,Innlandet,2020-12-28,272,0,272,0,0.0732393607711674,0.0,272,272,fhi:git
county,Innlandet,2020-12-29,260,0,532,0,0.143247573273019,0.0,260,532,fhi:git
county,Innlandet,2020-12-30,149,0,681,0,0.183367664283695,0.0,149,681,fhi:git
county,Innlandet,2020-12-31,0,0,681,0,0.183367664283695,0.0,0,681,fhi:git
county,Innlandet,2021-01-01,0,0,681,0,0.183367664283695,0.0,0,681,fhi:git
county,Innlandet,2021-01-02,0,0,681,0,0.183367664283695,0.0,0,681,fhi:git
county,Innlandet,2021-01-03,0,0,681,0,0.183367664283695,0.0,0,681,fhi:git
county,Innlandet,2021-01-04,0,0,681,0,0.18375458374594897,0.0,0,681,fhi:git
county,Innlandet,2021-01-05,271,0,952,0,0.256878654517098,0.0,271,952,fhi:git
county,Innlandet,2021-01-06,703,0,1655,0,0.44656950969096293,0.0,703,1655,fhi:git
county,Innlandet,2021-01-07,717,0,2372,0,0.6400379921371391,0.0,717,2372,fhi:git
county,Innlandet,2021-01-08,76,0,2448,0,0.6605451116153941,0.0,76,2448,fhi:git
county,Innlandet,2021-01-09,0,0,2448,0,0.6605451116153941,0.0,0,2448,fhi:git
county,Innlandet,2021-01-10,0,0,2448,0,0.6605451116153941,0.0,0,2448,fhi:git
county,Innlandet,2021-01-11,50,0,2498,0,0.674036637587931,0.0,50,2498,fhi:git
county,Innlandet,2021-01-12,403,0,2901,0,0.782778336926576,0.0,403,2901,fhi:git
county,Innlandet,2021-01-13,994,0,3895,0,1.05098987326061,0.0,994,3895,fhi:git
county,Innlandet,2021-01-14,958,0,4853,0,1.30948751089441,0.0,958,4853,fhi:git
county,Innlandet,2021-01-15,279,0,5132,0,1.3847702258211598,0.0,279,5132,fhi:git
county,Innlandet,2021-01-16,4,0,5136,0,1.3858495478989599,0.0,4,5136,fhi:git
county,Innlandet,2021-01-17,0,0,5136,0,1.3858495478989599,0.0,0,5136,fhi:git
county,Innlandet,2021-01-18,62,0,5198,0,1.4025790401049099,0.0,62,5198,fhi:git
county,Innlandet,2021-01-19,331,318,5529,318,1.4918929420431,0.0858061051853331,649,5847,fhi:git
county,Innlandet,2021-01-20,664,252,6193,570,1.6710604069583899,0.153803396086918,916,6763,fhi:git
county,Innlandet,2021-01-21,832,48,7025,618,1.8955593991414,0.166755261020553,880,7643,fhi:git
county,Innlandet,2021-01-22,238,0,7263,618,1.9597790627706702,0.166755261020553,238,7881,fhi:git
county,Innlandet,2021-01-23,6,0,7269,618,1.9613980458873799,0.166755261020553,6,7887,fhi:git
county,Innlandet,2021-01-24,0,0,7269,618,1.9613980458873799,0.166755261020553,0,7887,fhi:git
county,Innlandet,2021-01-25,1,0,7270,618,1.96166787640683,0.166755261020553,1,7888,fhi:git
county,Innlandet,2021-01-26,149,131,7419,749,2.00187262380499,0.20210305906859902,280,8168,fhi:git
county,Innlandet,2021-01-27,933,603,8352,1352,2.25362449845252,0.364810862297391,1536,9704,fhi:git
county,Innlandet,2021-01-28,903,707,9255,2059,2.49728145751653,0.555581039549059,1610,11314,fhi:git
county,Innlandet,2021-01-29,319,132,9574,2191,2.58335739322132,0.5911986681165561,451,11765,fhi:git
county,Innlandet,2021-01-30,1,0,9575,2191,2.58362722374077,0.5911986681165561,1,11766,fhi:git
county,Innlandet,2021-01-31,1,0,9576,2191,2.58389705426022,0.5911986681165561,1,11767,fhi:git
county,Innlandet,2021-02-01,9,49,9585,2240,2.58632552893528,0.6044203635696421,58,11825,fhi:git
county,Innlandet,2021-02-02,609,341,10194,2581,2.75065231528077,0.6964325707023421,950,12775,fhi:git
county,Innlandet,2021-02-03,2311,872,12505,3453,3.3742306457314197,0.9317247836633811,3183,15958,fhi:git
county,Innlandet,2021-02-04,2656,997,15161,4450,4.090900505392559,1.20074581155576,3653,19611,fhi:git
county,Innlandet,2021-02-05,813,270,15974,4720,4.31027271770601,1.27360005180746,1083,20694,fhi:git
county,Innlandet,2021-02-06,7,4,15981,4724,4.31216153134216,1.27467937388526,11,20705,fhi:git
county,Innlandet,2021-02-07,0,0,15981,4724,4.31216153134216,1.27467937388526,0,20705,fhi:git
county,Innlandet,2021-02-08,2,62,15983,4786,4.31270119238107,1.29140886609121,64,20769,fhi:git
county,Innlandet,2021-02-09,257,269,16240,5055,4.3820476358799,1.3639932758234599,526,21295,fhi:git
county,Innlandet,2021-02-10,2052,578,18292,5633,4.935739861792809,1.51995531606598,2630,23925,fhi:git
county,Innlandet,2021-02-11,2236,846,20528,6479,5.53908090328465,1.7482319355213,3082,27007,fhi:git
county,Innlandet,2021-02-12,429,282,20957,6761,5.65483819612901,1.8243241420064098,711,27718,fhi:git
county,Innlandet,2021-02-13,0,5,20957,6766,5.65483819612901,1.8256732946036598,5,27723,fhi:git
county,Innlandet,2021-02-14,1,0,20958,6766,5.65510802664846,1.8256732946036598,1,27724,fhi:git
county,Innlandet,2021-02-15,87,14,21045,6780,5.678583281840679,1.82945092187597,101,27825,fhi:git
county,Innlandet,2021-02-16,518,92,21563,6872,5.8183554909161606,1.85427532966544,610,28435,fhi:git
county,Innlandet,2021-02-17,1565,783,23128,7655,6.240640253856549,2.0655526263953603,2348,30783,fhi:git
county,Innlandet,2021-02-18,1437,900,24565,8555,6.628386710307259,2.30840009390102,2337,33120,fhi:git
county,Innlandet,2021-02-19,541,296,25106,8851,6.774365021330099,2.38826992765844,837,33957,fhi:git
county,Innlandet,2021-02-20,0,2,25106,8853,6.774365021330099,2.38880958869734,2,33959,fhi:git
county,Innlandet,2021-02-21,0,1,25106,8854,6.774365021330099,2.38907941921679,1,33960,fhi:git
county,Innlandet,2021-02-22,283,3,25389,8857,6.850727058334661,2.38988891077514,286,34246,fhi:git
county,Innlandet,2021-02-23,317,306,25706,9163,6.936263333000539,2.47245704972707,623,34869,fhi:git
county,Innlandet,2021-02-24,847,2318,26553,11481,7.16480978297531,3.0979241938138697,3165,38034,fhi:git
county,Innlandet,2021-02-25,1736,2452,28289,13933,7.63323556474179,3.75954862750706,4188,42222,fhi:git
county,Innlandet,2021-02-26,675,812,28964,14745,7.8153711653710305,3.9786510093010596,1487,43709,fhi:git
county,Innlandet,2021-02-27,3,1,28967,14746,7.8161806569293795,3.9789208398205096,4,43713,fhi:git
county,Innlandet,2021-02-28,3,6,28970,14752,7.816990148487741,3.98053982293721,9,43722,fhi:git
county,Innlandet,2021-03-01,170,7,29140,14759,7.862861336794361,3.98242863657337,177,43899,fhi:git
county,Innlandet,2021-03-02,500,159,29640,14918,7.9977765965197305,4.02533168916604,659,44558,fhi:git
county,Innlandet,2021-03-03,1528,1972,31168,16890,8.41007763024045,4.55743747352288,3500,48058,fhi:git
county,Innlandet,2021-03-04,1439,2213,32607,19103,8.79836374773005,5.15457241306735,3652,51710,fhi:git
county,Innlandet,2021-03-05,468,391,33075,19494,8.92464443083299,5.260076146172589,859,52569,fhi:git
county,Innlandet,2021-03-06,2,3,33077,19497,8.9251840918719,5.260885637730941,5,52574,fhi:git
county,Innlandet,2021-03-07,0,0,33077,19497,8.9251840918719,5.260885637730941,0,52574,fhi:git
county,Innlandet,2021-03-08,62,0,33139,19497,8.94191358407784,5.260885637730941,62,52636,fhi:git
county,Vestfold og Telemark,2020-12-27,0,0,0,0,0.0,0.0,0,0,fhi:git
county,Vestfold og Telemark,2020-12-28,0,0,0,0,0.0,0.0,0,0,fhi:git
county,Vestfold og Telemark,2020-12-29,0,0,0,0,0.0,0.0,0,0,fhi:git
county,Vestfold og Telemark,2020-12-30,0,0,0,0,0.0,0.0,0,0,fhi:git
county,Vestfold og Telemark,2020-12-31,0,0,0,0,0.0,0.0,0,0,fhi:git
county,Vestfold og Telemark,2021-01-01,0,0,0,0,0.0,0.0,0,0,fhi:git
county,Vestfold og Telemark,2021-01-02,0,0,0,0,0.0,0.0,0,0,fhi:git
county,Vestfold og Telemark,2021-01-03,0,0,0,0,0.0,0.0,0,0,fhi:git
county,Vestfold og Telemark,2021-01-04,1,0,1,0,0.000237033104043311,0.0,1,1,fhi:git
county,Vestfold og Telemark,2021-01-05,218,0,219,0,0.051910249785484995,0.0,218,219,fhi:git
county,Vestfold og Telemark,2021-01-06,1026,0,1245,0,0.295106214533922,0.0,1026,1245,fhi:git
county,Vestfold og Telemark,2021-01-07,442,0,1687,0,0.39987484652106503,0.0,442,1687,fhi:git
county,Vestfold og Telemark,2021-01-08,63,0,1750,0,0.41480793207579403,0.0,63,1750,fhi:git
county,Vestfold og Telemark,2021-01-09,0,0,1750,0,0.41480793207579403,0.0,0,1750,fhi:git
county,Vestfold og Telemark,2021-01-10,2,0,1752,0,0.41528199828387996,0.0,2,1752,fhi:git
county,Vestfold og Telemark,2021-01-11,3,0,1755,0,0.41599309759601005,0.0,3,1755,fhi:git
county,Vestfold og Telemark,2021-01-12,418,0,2173,0,0.5150729350861141,0.0,418,2173,fhi:git
county,Vestfold og Telemark,2021-01-13,1166,0,3339,0,0.7914535344006141,0.0,1166,3339,fhi:git
county,Vestfold og Telemark,2021-01-14,582,0,3921,0,0.9294068009538209,0.0,582,3921,fhi:git
county,Vestfold og Telemark,2021-01-15,157,0,4078,0,0.966620998288621,0.0,157,4078,fhi:git
county,Vestfold og Telemark,2021-01-16,3,0,4081,0,0.9673320976007509,0.0,3,4081,fhi:git
county,Vestfold og Telemark,2021-01-17,41,0,4122,0,0.977050454866527,0.0,41,4122,fhi:git
county,Vestfold og Telemark,2021-01-18,7,0,4129,0,0.97870968659483,0.0,7,4129,fhi:git
county,Vestfold og Telemark,2021-01-19,232,0,4361,0,1.03370136673288,0.0,232,4361,fhi:git
county,Vestfold og Telemark,2021-01-20,1607,0,5968,0,1.41461356493048,0.0,1607,5968,fhi:git
county,Vestfold og Telemark,2021-01-21,828,0,6796,0,1.6108769750783403,0.0,828,6796,fhi:git
county,Vestfold og Telemark,2021-01-22,181,0,6977,0,1.6537799669101798,0.0,181,6977,fhi:git
county,Vestfold og Telemark,2021-01-23,3,0,6980,0,1.65449106622231,0.0,3,6980,fhi:git
county,Vestfold og Telemark,2021-01-24,0,0,6980,0,1.65449106622231,0.0,0,6980,fhi:git
county,Vestfold og Telemark,2021-01-25,44,0,7024,0,1.6649205228002097,0.0,44,7024,fhi:git
county,Vestfold og Telemark,2021-01-26,103,179,7127,179,1.68933493251668,0.0424289256237526,282,7306,fhi:git
county,Vestfold og Telemark,2021-01-27,1622,898,8749,1077,2.07380262727493,0.25528465305464604,2520,9826,fhi:git
county,Vestfold og Telemark,2021-01-28,652,449,9401,1526,2.22834821111116,0.36171251677009203,1101,10927,fhi:git
county,Vestfold og Telemark,2021-01-29,86,90,9487,1616,2.2487330580588902,0.38304549613398997,176,11103,fhi:git
county,Vestfold og Telemark,2021-01-30,0,0,9487,1616,2.2487330580588902,0.38304549613398997,0,11103,fhi:git
county,Vestfold og Telemark,2021-01-31,1,1,9488,1617,2.24897009116293,0.3832825292380329,2,11105,fhi:git
county,Vestfold og Telemark,2021-02-01,50,1,9538,1618,2.2608217463651004,0.38351956234207707,51,11156,fhi:git
county,Vestfold og Telemark,2021-02-02,462,327,10000,1945,2.37033104043311,0.46102938736423904,789,11945,fhi:git
county,Vestfold og Telemark,2021-02-03,3214,847,13214,2792,3.13215543682831,0.661796426488924,4061,16006,fhi:git
county,Vestfold og Telemark,2021-02-04,1902,708,15116,3500,3.58299240071868,0.8296158641515881,2610,18616,fhi:git
county,Vestfold og Telemark,2021-02-05,963,244,16079,3744,3.81125527991239,0.8874519415381551,1207,19823,fhi:git
county,Vestfold og Telemark,2021-02-06,0,4,16079,3748,3.81125527991239,0.888400073954328,4,19827,fhi:git
county,Vestfold og Telemark,2021-02-07,2,1,16081,3749,3.8117293461204795,0.8886371070583721,3,19830,fhi:git
county,Vestfold og Telemark,2021-02-08,17,46,16098,3795,3.8157589088892205,0.8995406298443641,63,19893,fhi:git
county,Vestfold og Telemark,2021-02-09,354,208,16452,4003,3.89966862772055,0.948843515485373,562,20455,fhi:git
county,Vestfold og Telemark,2021-02-10,2886,1396,19338,5399,4.58374616598954,1.27974172872983,4282,24737,fhi:git
county,Vestfold og Telemark,2021-02-11,1538,876,20876,6275,4.9483030800081504,1.48738272787177,2414,27151,fhi:git
county,Vestfold og Telemark,2021-02-12,602,213,21478,6488,5.090997008642231,1.537870779033,815,27966,fhi:git
county,Vestfold og Telemark,2021-02-13,2,2,21480,6490,5.091471074850309,1.5383448452410902,4,27970,fhi:git
county,Vestfold og Telemark,2021-02-14,0,0,21480,6490,5.091471074850309,1.5383448452410902,0,27970,fhi:git
county,Vestfold og Telemark,2021-02-15,4,2,21484,6492,5.092419207266491,1.5388189114491697,6,27976,fhi:git
county,Vestfold og Telemark,2021-02-16,574,76,22058,6568,5.22847620898735,1.5568334273564601,650,28626,fhi:git
county,Vestfold og Telemark,2021-02-17,3015,1524,25073,8092,5.9431310176779295,1.91807187791847,4539,33165,fhi:git
county,Vestfold og Telemark,2021-02-18,1809,626,26882,8718,6.371923902892281,2.06645460104958,2435,35600,fhi:git
county,Vestfold og Telemark,2021-02-19,280,83,27162,8801,6.43829317202441,2.08612834868518,363,35963,fhi:git
county,Vestfold og Telemark,2021-02-20,0,1,27162,8802,6.43829317202441,2.08636538178922,1,35964,fhi:git
county,Vestfold og Telemark,2021-02-21,1,1,27163,8803,6.43853020512845,2.08660241489326,2,35966,fhi:git
county,Vestfold og Telemark,2021-02-22,51,0,27214,8803,6.45061889343466,2.08660241489326,51,36017,fhi:git
county,Vestfold og Telemark,2021-02-23,626,381,27840,9184,6.59900161656577,2.17691202753377,1007,37024,fhi:git
county,Vestfold og Telemark,2021-02-24,662,2852,28502,12036,6.7559175314424404,2.85293044026529,3514,40538,fhi:git
county,Vestfold og Telemark,2021-02-25,684,1992,29186,14028,6.918048174608071,3.32510038351956,2676,43214,fhi:git
county,Vestfold og Telemark,2021-02-26,537,845,29723,14873,7.045334951479321,3.5253933564361604,1382,44596,fhi:git
county,Vestfold og Telemark,2021-02-27,3,0,29726,14873,7.046046050791451,3.5253933564361604,3,44599,fhi:git
county,Vestfold og Telemark,2021-02-28,0,0,29726,14873,7.046046050791451,3.5253933564361604,0,44599,fhi:git
county,Vestfold og Telemark,2021-03-01,599,0,30325,14873,7.1880288801134,3.5253933564361604,599,45198,fhi:git
county,Vestfold og Telemark,2021-03-02,842,352,31167,15225,7.387610753717871,3.60882900905941,1194,46392,fhi:git
county,Vestfold og Telemark,2021-03-03,1947,2792,33114,18017,7.8491142072901905,4.27062543554833,4739,51131,fhi:git
county,Vestfold og Telemark,2021-03-04,973,1428,34087,19445,8.079747417524331,4.6091087081221795,2401,53532,fhi:git
county,Vestfold og Telemark,2021-03-05,1429,582,35516,20027,8.41846772320222,4.74706197467538,2011,55543,fhi:git
county,Vestfold og Telemark,2021-03-06,2,0,35518,20027,8.41894178941031,4.74706197467538,2,55545,fhi:git
county,Vestfold og Telemark,2021-03-07,0,0,35518,20027,8.41894178941031,4.74706197467538,0,55545,fhi:git
county,Vestfold og Telemark,2021-03-08,165,0,35683,20027,8.45805225157746,4.74706197467538,165,55710,fhi:git
county,Agder,2020-12-27,0,0,0,0,0.0,0.0,0,0,fhi:git
county,Agder,2020-12-28,0,0,0,0,0.0,0.0,0,0,fhi:git
county,Agder,2020-12-29,0,0,0,0,0.0,0.0,0,0,fhi:git
county,Agder,2020-12-30,0,0,0,0,0.0,0.0,0,0,fhi:git
county,Agder,2020-12-31,0,0,0,0,0.0,0.0,0,0,fhi:git
county,Agder,2021-01-01,0,0,0,0,0.0,0.0,0,0,fhi:git
county,Agder,2021-01-02,0,0,0,0,0.0,0.0,0,0,fhi:git
county,Agder,2021-01-03,3,0,3,0,0.000976463963597423,0.0,3,3,fhi:git
county,Agder,2021-01-04,0,0,3,0,0.000971367329031255,0.0,0,3,fhi:git
county,Agder,2021-01-05,79,0,82,0,0.026550706993521002,0.0,79,82,fhi:git
county,Agder,2021-01-06,791,0,873,0,0.282667892748095,0.0,791,873,fhi:git
county,Agder,2021-01-07,230,0,1103,0,0.35713938797382505,0.0,230,1103,fhi:git
county,Agder,2021-01-08,49,0,1152,0,0.373005054348002,0.0,49,1152,fhi:git
county,Agder,2021-01-09,0,0,1152,0,0.373005054348002,0.0,0,1152,fhi:git
county,Agder,2021-01-10,0,0,1152,0,0.373005054348002,0.0,0,1152,fhi:git
county,Agder,2021-01-11,1,0,1153,0,0.3733288434576789,0.0,1,1153,fhi:git
county,Agder,2021-01-12,225,0,1378,0,0.446181393135023,0.0,225,1378,fhi:git
county,Agder,2021-01-13,847,0,2225,0,0.720430769031514,0.0,847,2225,fhi:git
county,Agder,2021-01-14,517,0,2742,0,0.887829738734567,0.0,517,2742,fhi:git
county,Agder,2021-01-15,119,0,2861,0,0.9263606427861399,0.0,119,2861,fhi:git
county,Agder,2021-01-16,1,0,2862,0,0.926684431895818,0.0,1,2862,fhi:git
county,Agder,2021-01-17,2,0,2864,0,0.927332010115172,0.0,2,2864,fhi:git
county,Agder,2021-01-18,15,0,2879,0,0.932188846760328,0.0,15,2879,fhi:git
county,Agder,2021-01-19,347,0,3226,0,1.04454366781828,0.0,347,3226,fhi:git
county,Agder,2021-01-20,459,0,3685,0,1.19316286916006,0.0,459,3685,fhi:git
county,Agder,2021-01-21,340,0,4025,0,1.30325116645027,0.0,340,4025,fhi:git
county,Agder,2021-01-22,65,0,4090,0,1.3242974585792802,0.0,65,4090,fhi:git
county,Agder,2021-01-23,1,0,4091,0,1.32462124768896,0.0,1,4091,fhi:git
county,Agder,2021-01-24,0,0,4091,0,1.32462124768896,0.0,0,4091,fhi:git
county,Agder,2021-01-25,1,0,4092,0,1.32494503679863,0.0,1,4092,fhi:git
county,Agder,2021-01-26,63,66,4155,66,1.34534375070829,0.0213700812386876,129,4221,fhi:git
county,Agder,2021-01-27,567,681,4722,747,1.5289321758952001,0.24187046492878303,1248,5469,fhi:git
county,Agder,2021-01-28,949,248,5671,995,1.83620804097875,0.32217016412870003,1197,6666,fhi:git
county,Agder,2021-01-29,204,61,5875,1056,1.9022610193528797,0.341921299819002,265,6931,fhi:git
county,Agder,2021-01-30,32,0,5907,1056,1.91262227086254,0.341921299819002,32,6963,fhi:git
county,Agder,2021-01-31,23,0,5930,1056,1.9200694203851203,0.341921299819002,23,6986,fhi:git
county,Agder,2021-02-01,0,2,5930,1058,1.9200694203851203,0.342568878038356,2,6988,fhi:git
county,Agder,2021-02-02,203,170,6133,1228,1.9857986096495601,0.397613026683461,373,7361,fhi:git
county,Agder,2021-02-03,1331,592,7464,1820,2.4167619146297596,0.5892961796122951,1923,9284,fhi:git
county,Agder,2021-02-04,1707,498,9171,2318,2.96946992484855,0.7505431562314829,2205,11489,fhi:git
county,Agder,2021-02-05,618,134,9789,2452,3.1695715946289904,0.793930896928213,752,12241,fhi:git
county,Agder,2021-02-06,508,2,10297,2454,3.3340564623449502,0.794578475147567,510,12751,fhi:git
county,Agder,2021-02-07,83,2,10380,2456,3.36093095844814,0.795226053366921,85,12836,fhi:git
county,Agder,2021-02-08,13,2,10393,2458,3.36514021687395,0.795873631586275,15,12851,fhi:git
county,Agder,2021-02-09,188,254,10581,2712,3.42601256949324,0.878116065444255,442,13293,fhi:git
county,Agder,2021-02-10,1152,371,11733,3083,3.7990176238412405,0.998241825134453,1523,14816,fhi:git
county,Agder,2021-02-11,1005,409,12738,3492,4.12442567906671,1.13067157099238,1414,16230,fhi:git
county,Agder,2021-02-12,354,70,13092,3562,4.239047023892399,1.15333680866978,424,16654,fhi:git
county,Agder,2021-02-13,509,2,13601,3564,4.40385568071804,1.15398438688913,511,17165,fhi:git
county,Agder,2021-02-14,0,0,13601,3564,4.40385568071804,1.15398438688913,0,17165,fhi:git
county,Agder,2021-02-15,1,2,13602,3566,4.40417946982771,1.15463196510849,3,17168,fhi:git
county,Agder,2021-02-16,139,113,13741,3679,4.44918615607283,1.1912201345020001,252,17420,fhi:git
county,Agder,2021-02-17,1212,435,14953,4114,4.84161855700145,1.3320683972115301,1647,19067,fhi:git
county,Agder,2021-02-18,1085,821,16038,4935,5.19292974100109,1.59789925625642,1906,20973,fhi:git
county,Agder,2021-02-19,719,342,16757,5277,5.42573411085892,1.70863513176598,1061,22034,fhi:git
county,Agder,2021-02-20,339,36,17096,5313,5.5354986190394495,1.7202915397143501,375,22409,fhi:git
county,Agder,2021-02-21,52,23,17148,5336,5.55233565274266,1.72773868923693,75,22484,fhi:git
county,Agder,2021-02-22,224,0,17372,5336,5.624864413310321,1.72773868923693,224,22708,fhi:git
county,Agder,2021-02-23,294,201,17666,5537,5.720058411555389,1.79282030028202,495,23203,fhi:git
county,Agder,2021-02-24,922,1110,18588,6647,6.018591970677661,2.15222621202359,2032,25235,fhi:git
county,Agder,2021-02-25,711,1559,19299,8206,6.248806027658071,2.6570134340101603,2270,27505,fhi:git
county,Agder,2021-02-26,375,466,19674,8672,6.370226943786969,2.80789915911968,841,28346,fhi:git
county,Agder,2021-02-27,0,0,19674,8672,6.370226943786969,2.80789915911968,0,28346,fhi:git
county,Agder,2021-02-28,8,81,19682,8753,6.37281725666439,2.8341260770035297,89,28435,fhi:git
county,Agder,2021-03-01,259,0,19941,8753,6.45667863607075,2.8341260770035297,259,28694,fhi:git
county,Agder,2021-03-02,559,192,20500,8945,6.63767674838025,2.8962935860615295,751,29445,fhi:git
county,Agder,2021-03-03,623,876,21123,9821,6.839397363709071,3.1799328461386502,1499,30944,fhi:git
county,Agder,2021-03-04,771,1067,21894,10888,7.0890387672701,3.5254158261641,1838,32782,fhi:git
county,Agder,2021-03-05,880,335,22774,11223,7.373973183785941,3.6338851779059302,1215,33997,fhi:git
county,Agder,2021-03-06,9,384,22783,11607,7.37688728577303,3.75822019602193,393,34390,fhi:git
county,Agder,2021-03-07,3,0,22786,11607,7.377858653102059,3.75822019602193,3,34393,fhi:git
county,Agder,2021-03-08,118,0,22904,11607,7.416065768043961,3.75822019602193,118,34511,fhi:git
county,Vestland,2020-12-27,0,0,0,0,0.0,0.0,0,0,fhi:git
county,Vestland,2020-12-28,0,0,0,0,0.0,0.0,0,0,fhi:git
county,Vestland,2020-12-29,0,0,0,0,0.0,0.0,0,0,fhi:git
county,Vestland,2020-12-30,0,0,0,0,0.0,0.0,0,0,fhi:git
county,Vestland,2020-12-31,0,0,0,0,0.0,0.0,0,0,fhi:git
county,Vestland,2021-01-01,0,0,0,0,0.0,0.0,0,0,fhi:git
county,Vestland,2021-01-02,0,0,0,0,0.0,0.0,0,0,fhi:git
county,Vestland,2021-01-03,0,0,0,0,0.0,0.0,0,0,fhi:git
county,Vestland,2021-01-04,2,0,2,0,0.000313076746068147,0.0,2,2,fhi:git
county,Vestland,2021-01-05,416,0,418,0,0.0654330399282428,0.0,416,418,fhi:git
county,Vestland,2021-01-06,1254,0,1672,0,0.261732159712971,0.0,1254,1672,fhi:git
county,Vestland,2021-01-07,717,0,2389,0,0.37397017317840203,0.0,717,2389,fhi:git
county,Vestland,2021-01-08,139,0,2528,0,0.3957290070301379,0.0,139,2528,fhi:git
county,Vestland,2021-01-09,0,0,2528,0,0.3957290070301379,0.0,0,2528,fhi:git
county,Vestland,2021-01-10,0,0,2528,0,0.3957290070301379,0.0,0,2528,fhi:git
county,Vestland,2021-01-11,65,0,2593,0,0.40590400127735293,0.0,65,2593,fhi:git
county,Vestland,2021-01-12,855,0,3448,0,0.5397443102214861,0.0,855,3448,fhi:git
county,Vestland,2021-01-13,1125,0,4573,0,0.7158499798848191,0.0,1125,4573,fhi:git
county,Vestland,2021-01-14,997,0,5570,0,0.8719187377997909,0.0,997,5570,fhi:git
county,Vestland,2021-01-15,424,0,5994,0,0.938291007966238,0.0,424,5994,fhi:git
county,Vestland,2021-01-16,2,0,5996,0,0.9386040847123059,0.0,2,5996,fhi:git
county,Vestland,2021-01-17,1,0,5997,0,0.9387606230853399,0.0,1,5997,fhi:git
county,Vestland,2021-01-18,62,0,6059,0,0.948466002213453,0.0,62,6059,fhi:git
county,Vestland,2021-01-19,368,0,6427,0,1.0060721234899899,0.0,368,6427,fhi:git
county,Vestland,2021-01-20,1235,0,7662,0,1.1993970141870702,0.0,1235,7662,fhi:git
county,Vestland,2021-01-21,783,0,8445,0,1.32196656027275,0.0,783,8445,fhi:git
county,Vestland,2021-01-22,313,0,8758,0,1.3709630710324199,0.0,313,8758,fhi:git
county,Vestland,2021-01-23,0,0,8758,0,1.3709630710324199,0.0,0,8758,fhi:git
county,Vestland,2021-01-24,0,0,8758,0,1.3709630710324199,0.0,0,8758,fhi:git
county,Vestland,2021-01-25,2,0,8760,0,1.3712761477784898,0.0,2,8760,fhi:git
county,Vestland,2021-01-26,152,174,8912,174,1.3950699804796698,0.0272376769079288,326,9086,fhi:git
county,Vestland,2021-01-27,1590,1208,10502,1382,1.6439659936038402,0.21633603153309,2798,11884,fhi:git
county,Vestland,2021-01-28,1938,676,12440,2058,1.94733736054388,0.32215597170412397,2614,14498,fhi:git
county,Vestland,2021-01-29,481,176,12921,2234,2.02263231797327,0.34970672535812103,657,15155,fhi:git
county,Vestland,2021-01-30,1,0,12922,2234,2.0227888563463,0.34970672535812103,1,15156,fhi:git
county,Vestland,2021-01-31,1,0,12923,2234,2.02294539471933,0.34970672535812103,1,15157,fhi:git
county,Vestland,2021-02-01,13,59,12936,2293,2.02498039356878,0.3589424893671311,72,15229,fhi:git
county,Vestland,2021-02-02,722,581,13658,2874,2.13800109889938,0.449891284099928,1303,16532,fhi:git
county,Vestland,2021-02-03,2828,1039,16486,3913,2.58069161783974,0.61253465368233,3867,20399,fhi:git
county,Vestland,2021-02-04,2580,1058,19066,4971,2.98456062026765,0.7781522523523801,3638,24037,fhi:git
county,Vestland,2021-02-05,911,486,19977,5457,3.12716707810169,0.85422990164694,1397,25434,fhi:git
county,Vestland,2021-02-06,0,2,19977,5459,3.12716707810169,0.854542978393008,2,25436,fhi:git
county,Vestland,2021-02-07,2,1,19979,5460,3.1274801548477598,0.854699516766042,3,25439,fhi:git
county,Vestland,2021-02-08,8,49,19987,5509,3.12873246183203,0.862369897044712,57,25496,fhi:git
county,Vestland,2021-02-09,887,305,20874,5814,3.26758199871325,0.9101141008201049,1192,26688,fhi:git
county,Vestland,2021-02-10,2751,970,23625,6784,3.6982190629299905,1.0619563226631599,3721,30409,fhi:git
county,Vestland,2021-02-11,2694,834,26319,7618,4.11993343988379,1.1925093257735702,3528,33937,fhi:git
county,Vestland,2021-02-12,616,457,26935,8075,4.216361077672779,1.2640473622501498,1073,35010,fhi:git
county,Vestland,2021-02-13,0,0,26935,8075,4.216361077672779,1.2640473622501498,0,35010,fhi:git
county,Vestland,2021-02-14,0,2,26935,8077,4.216361077672779,1.26436043899621,2,35012,fhi:git
county,Vestland,2021-02-15,94,1,27029,8078,4.23107568473798,1.26451697736925,95,35107,fhi:git
county,Vestland,2021-02-16,1060,56,28089,8134,4.3970063601541,1.27328312625916,1116,36223,fhi:git
county,Vestland,2021-02-17,2674,1325,30763,9459,4.815589969647211,1.4806964705293,3999,40222,fhi:git
county,Vestland,2021-02-18,1970,1975,32733,11434,5.12397056452434,1.7898597572716,3945,44167,fhi:git
county,Vestland,2021-02-19,1132,539,33865,11973,5.30117200279891,1.87423394033696,1671,45838,fhi:git
county,Vestland,2021-02-20,1,3,33866,11976,5.301328541171941,1.87470355545607,4,45842,fhi:git
county,Vestland,2021-02-21,0,1,33866,11977,5.301328541171941,1.8748600938291002,1,45843,fhi:git
county,Vestland,2021-02-22,48,2,33914,11979,5.308842383077581,1.87517317057517,50,45893,fhi:git
county,Vestland,2021-02-23,509,590,34423,12569,5.388520414951921,1.96753081066527,1099,46992,fhi:git
county,Vestland,2021-02-24,1310,2380,35733,14949,5.59358568362656,2.34009213848637,3690,50682,fhi:git
county,Vestland,2021-02-25,1235,2639,36968,17588,5.78691057432364,2.75319690492329,3874,54556,fhi:git
county,Vestland,2021-02-26,1380,870,38348,18458,6.002933529110661,2.88938528946293,2250,56806,fhi:git
county,Vestland,2021-02-27,1,0,38349,18458,6.003090067483691,2.88938528946293,1,56807,fhi:git
county,Vestland,2021-02-28,0,7,38349,18465,6.003090067483691,2.8904810580741698,7,56814,fhi:git
county,Vestland,2021-03-01,436,11,38785,18476,6.07134079812655,2.8922029801775495,447,57261,fhi:git
county,Vestland,2021-03-02,1321,752,40106,19228,6.27812798890456,3.00991983669917,2073,59334,fhi:git
county,Vestland,2021-03-03,1702,2021,41808,21249,6.54455629980855,3.3262838886010293,3723,63057,fhi:git
county,Vestland,2021-03-04,1770,2812,43578,24061,6.821629220078861,3.7664697935728504,4582,67639,fhi:git
county,Vestland,2021-03-05,1230,885,44808,24946,7.01417141891078,3.905006253708,2115,69754,fhi:git
county,Vestland,2021-03-06,1,6,44809,24952,7.014327957283809,3.90594548394621,7,69761,fhi:git
county,Vestland,2021-03-07,0,0,44809,24952,7.014327957283809,3.90594548394621,0,69761,fhi:git
county,Vestland,2021-03-08,393,14,45202,24966,7.0758475378862,3.90813702116868,407,70168,fhi:git
county,Trøndelag,2020-12-27,0,0,0,0,0.0,0.0,0,0,fhi:git
county,Trøndelag,2020-12-28,0,0,0,0,0.0,0.0,0,0,fhi:git
county,Trøndelag,2020-12-29,0,0,0,0,0.0,0.0,0,0,fhi:git
county,Trøndelag,2020-12-30,0,0,0,0,0.0,0.0,0,0,fhi:git
county,Trøndelag,2020-12-31,0,0,0,0,0.0,0.0,0,0,fhi:git
county,Trøndelag,2021-01-01,0,0,0,0,0.0,0.0,0,0,fhi:git
county,Trøndelag,2021-01-02,0,0,0,0,0.0,0.0,0,0,fhi:git
county,Trøndelag,2021-01-03,0,0,0,0,0.0,0.0,0,0,fhi:git
county,Trøndelag,2021-01-04,3,0,3,0,0.000636775031626493,0.0,3,3,fhi:git
county,Trøndelag,2021-01-05,407,0,410,0,0.0870259209889541,0.0,407,410,fhi:git
county,Trøndelag,2021-01-06,674,0,1084,0,0.23008804476104003,0.0,674,1084,fhi:git
county,Trøndelag,2021-01-07,484,0,1568,0,0.332821083196781,0.0,484,1568,fhi:git
county,Trøndelag,2021-01-08,141,0,1709,0,0.36274950968322606,0.0,141,1709,fhi:git
county,Trøndelag,2021-01-09,0,0,1709,0,0.36274950968322606,0.0,0,1709,fhi:git
county,Trøndelag,2021-01-10,0,0,1709,0,0.36274950968322606,0.0,0,1709,fhi:git
county,Trøndelag,2021-01-11,95,0,1804,0,0.38291405235139797,0.0,95,1804,fhi:git
county,Trøndelag,2021-01-12,500,0,2304,0,0.48904322428914704,0.0,500,2304,fhi:git
county,Trøndelag,2021-01-13,859,0,3163,0,0.6713731416781991,0.0,859,3163,fhi:git
county,Trøndelag,2021-01-14,670,0,3833,0,0.813586232074783,0.0,670,3833,fhi:git
county,Trøndelag,2021-01-15,253,0,4086,0,0.867287593075284,0.0,253,4086,fhi:git
county,Trøndelag,2021-01-16,0,0,4086,0,0.867287593075284,0.0,0,4086,fhi:git
county,Trøndelag,2021-01-17,0,0,4086,0,0.867287593075284,0.0,0,4086,fhi:git
county,Trøndelag,2021-01-18,152,0,4238,0,0.899550861344359,0.0,152,4238,fhi:git
county,Trøndelag,2021-01-19,568,0,4806,0,1.0201136006656402,0.0,568,4806,fhi:git
county,Trøndelag,2021-01-20,734,0,5540,0,1.17591122507026,0.0,734,5540,fhi:git
county,Trøndelag,2021-01-21,524,0,6064,0,1.28713459726102,0.0,524,6064,fhi:git
county,Trøndelag,2021-01-22,283,0,6347,0,1.3472037085777802,0.0,283,6347,fhi:git
county,Trøndelag,2021-01-23,1,0,6348,0,1.34741596692166,0.0,1,6348,fhi:git
county,Trøndelag,2021-01-24,0,0,6348,0,1.34741596692166,0.0,0,6348,fhi:git
county,Trøndelag,2021-01-25,1,0,6349,0,1.3476282252655403,0.0,1,6349,fhi:git
county,Trøndelag,2021-01-26,313,184,6662,184,1.41406508689857,0.0390555352730916,497,6846,fhi:git
county,Trøndelag,2021-01-27,993,590,7655,774,1.62483762236694,0.164287958159635,1583,8429,fhi:git
county,Trøndelag,2021-01-28,727,481,8382,1255,1.77914943836442,0.26638422156374997,1208,9637,fhi:git
county,Trøndelag,2021-01-29,419,229,8801,1484,1.86808568444826,0.314991382311239,648,10285,fhi:git
county,Trøndelag,2021-01-30,1,0,8802,1484,1.8682979427921298,0.314991382311239,1,10286,fhi:git
county,Trøndelag,2021-01-31,1,1,8803,1485,1.86851020113601,0.315203640655114,2,10288,fhi:git
county,Trøndelag,2021-02-01,14,86,8817,1571,1.8714818179502601,0.33345785822840696,100,10388,fhi:git
county,Trøndelag,2021-02-02,833,392,9650,1963,2.04829301839855,0.41666312902760205,1225,11613,fhi:git
county,Trøndelag,2021-02-03,2125,808,11775,2771,2.49934199913399,0.588167870879004,2933,14546,fhi:git
county,Trøndelag,2021-02-04,2128,597,13903,3368,2.9510277549010495,0.7148861021726759,2725,17271,fhi:git
county,Trøndelag,2021-02-05,1293,320,15196,3688,3.2254777935320598,0.782808772212836,1613,18884,fhi:git
county,Trøndelag,2021-02-06,7,0,15203,3688,3.22696360193919,0.782808772212836,7,18891,fhi:git
county,Trøndelag,2021-02-07,1,0,15204,3688,3.2271758602830696,0.782808772212836,1,18892,fhi:git
county,Trøndelag,2021-02-08,3,150,15207,3838,3.22781263531469,0.8146475237941609,153,19045,fhi:git
county,Trøndelag,2021-02-09,836,523,16043,4361,3.4052606107946097,0.925658637641046,1359,20404,fhi:git
county,Trøndelag,2021-02-10,2224,625,18267,4986,3.8773231675737203,1.05832010256323,2849,23253,fhi:git
county,Trøndelag,2021-02-11,2342,579,20609,5565,4.37443220893013,1.1812176836671497,2921,26174,fhi:git
county,Trøndelag,2021-02-12,891,344,21500,5909,4.563554393323201,1.2542345539603201,1235,27409,fhi:git
county,Trøndelag,2021-02-13,1,0,21501,5909,4.56376665166708,1.2542345539603201,1,27410,fhi:git
county,Trøndelag,2021-02-14,0,0,21501,5909,4.56376665166708,1.2542345539603201,0,27410,fhi:git
county,Trøndelag,2021-02-15,0,2,21501,5911,4.56376665166708,1.25465907064807,2,27412,fhi:git
county,Trøndelag,2021-02-16,338,210,21839,6121,4.635509971897,1.29923332286192,548,27960,fhi:git
county,Trøndelag,2021-02-17,2221,901,24060,7022,5.106935753644481,1.49047809069375,3122,31082,fhi:git
county,Trøndelag,2021-02-18,2087,751,26147,7773,5.54991891731264,1.64988410694424,2838,33920,fhi:git
county,Trøndelag,2021-02-19,1258,409,27405,8182,5.816939913908019,1.7366977695893202,1667,35587,fhi:git
county,Trøndelag,2021-02-20,0,1,27405,8183,5.816939913908019,1.7369100279332,1,35588,fhi:git
county,Trøndelag,2021-02-21,0,1,27405,8184,5.816939913908019,1.73712228627707,1,35589,fhi:git
county,Trøndelag,2021-02-22,18,1,27423,8185,5.82076056409778,1.7373345446209498,19,35608,fhi:git
county,Trøndelag,2021-02-23,334,672,27757,8857,5.89165485095219,1.8799721517052799,1006,36614,fhi:git
county,Trøndelag,2021-02-24,969,2041,28726,10898,6.09733318616755,2.31319143155517,3010,39624,fhi:git
county,Trøndelag,2021-02-25,463,1957,29189,12855,6.1956087993819,2.72858101051952,2420,42044,fhi:git
county,Trøndelag,2021-02-26,610,1145,29799,14000,6.32508638914596,2.9716168142569703,1755,43799,fhi:git
county,Trøndelag,2021-02-27,4,1,29803,14001,6.32593542252146,2.9718290726008396,5,43804,fhi:git
county,Trøndelag,2021-02-28,1,0,29804,14001,6.32614768086534,2.9718290726008396,1,43805,fhi:git
county,Trøndelag,2021-03-01,509,0,30313,14001,6.43418717789796,2.9718290726008396,509,44314,fhi:git
county,Trøndelag,2021-03-02,815,780,31128,14781,6.607177728156491,3.1373905808237303,1595,45909,fhi:git
county,Trøndelag,2021-03-03,1979,2048,33107,16829,7.0272369906861,3.57209566908075,4027,49936,fhi:git
county,Trøndelag,2021-03-04,1862,2253,34969,19082,7.42246202698228,4.05031371783225,4115,54051,fhi:git
county,Trøndelag,2021-03-05,971,951,35940,20033,7.628564878885389,4.25217140285785,1922,55973,fhi:git
county,Trøndelag,2021-03-06,0,0,35940,20033,7.628564878885389,4.25217140285785,0,55973,fhi:git
county,Trøndelag,2021-03-07,1,0,35941,20033,7.62877713722927,4.25217140285785,1,55974,fhi:git
county,Trøndelag,2021-03-08,418,0,36359,20033,7.71750112496922,4.25217140285785,418,56392,fhi:git
county,Troms og Finnmark,2020-12-27,0,0,0,0,0.0,0.0,0,0,fhi:git
county,Troms og Finnmark,2020-12-28,1,0,1,0,0.00041099662571770297,0.0,1,1,fhi:git
county,Troms og Finnmark,2020-12-29,0,0,1,0,0.00041099662571770297,0.0,0,1,fhi:git
county,Troms og Finnmark,2020-12-30,0,0,1,0,0.00041099662571770297,0.0,0,1,fhi:git
county,Troms og Finnmark,2020-12-31,0,0,1,0,0.00041099662571770297,0.0,0,1,fhi:git
county,Troms og Finnmark,2021-01-01,0,0,1,0,0.00041099662571770297,0.0,0,1,fhi:git
county,Troms og Finnmark,2021-01-02,0,0,1,0,0.00041099662571770297,0.0,0,1,fhi:git
county,Troms og Finnmark,2021-01-03,0,0,1,0,0.00041099662571770297,0.0,0,1,fhi:git
county,Troms og Finnmark,2021-01-04,0,0,1,0,0.00041293647385286204,0.0,0,1,fhi:git
county,Troms og Finnmark,2021-01-05,53,0,54,0,0.0222985695880546,0.0,53,54,fhi:git
county,Troms og Finnmark,2021-01-06,530,0,584,0,0.241154900730072,0.0,530,584,fhi:git
county,Troms og Finnmark,2021-01-07,187,0,771,0,0.318374021340557,0.0,187,771,fhi:git
county,Troms og Finnmark,2021-01-08,247,0,1018,0,0.42036933038221397,0.0,247,1018,fhi:git
county,Troms og Finnmark,2021-01-09,0,0,1018,0,0.42036933038221397,0.0,0,1018,fhi:git
county,Troms og Finnmark,2021-01-10,0,0,1018,0,0.42036933038221397,0.0,0,1018,fhi:git
county,Troms og Finnmark,2021-01-11,1,0,1019,0,0.420782266856067,0.0,1,1019,fhi:git
county,Troms og Finnmark,2021-01-12,188,0,1207,0,0.498414323940405,0.0,188,1207,fhi:git
county,Troms og Finnmark,2021-01-13,568,0,1775,0,0.732962241088831,0.0,568,1775,fhi:git
county,Troms og Finnmark,2021-01-14,330,0,2105,0,0.8692312774602758,0.0,330,2105,fhi:git
county,Troms og Finnmark,2021-01-15,37,0,2142,0,0.8845099269928319,0.0,37,2142,fhi:git
county,Troms og Finnmark,2021-01-16,2,0,2144,0,0.8853357999405369,0.0,2,2144,fhi:git
county,Troms og Finnmark,2021-01-17,1,0,2145,0,0.88574873641439,0.0,1,2145,fhi:git
county,Troms og Finnmark,2021-01-18,0,1,2145,1,0.88574873641439,0.00041293647385286204,1,2146,fhi:git
county,Troms og Finnmark,2021-01-19,248,0,2393,1,0.9881569819299001,0.00041293647385286204,248,2394,fhi:git
county,Troms og Finnmark,2021-01-20,914,0,3307,1,1.36558091903142,0.00041293647385286204,914,3308,fhi:git
county,Troms og Finnmark,2021-01-21,248,0,3555,1,1.4679891645469298,0.00041293647385286204,248,3556,fhi:git
county,Troms og Finnmark,2021-01-22,81,0,3636,1,1.50143701892901,0.00041293647385286204,81,3637,fhi:git
county,Troms og Finnmark,2021-01-23,12,0,3648,1,1.50639225661524,0.00041293647385286204,12,3649,fhi:git
county,Troms og Finnmark,2021-01-24,0,0,3648,1,1.50639225661524,0.00041293647385286204,0,3649,fhi:git
county,Troms og Finnmark,2021-01-25,6,0,3654,1,1.50886987545836,0.00041293647385286204,6,3655,fhi:git
county,Troms og Finnmark,2021-01-26,84,0,3738,1,1.543556539262,0.00041293647385286204,84,3739,fhi:git
county,Troms og Finnmark,2021-01-27,667,357,4405,358,1.8189851673218602,0.14783125763932503,1024,4763,fhi:git
county,Troms og Finnmark,2021-01-28,235,275,4640,633,1.91602523867728,0.261388787948862,510,5273,fhi:git
county,Troms og Finnmark,2021-01-29,103,243,4743,876,1.9585576954841297,0.36173235109510793,346,5619,fhi:git
county,Troms og Finnmark,2021-01-30,0,0,4743,876,1.9585576954841297,0.36173235109510793,0,5619,fhi:git
county,Troms og Finnmark,2021-01-31,0,0,4743,876,1.9585576954841297,0.36173235109510793,0,5619,fhi:git
county,Troms og Finnmark,2021-02-01,0,2,4743,878,1.9585576954841297,0.36255822404281296,2,5621,fhi:git
county,Troms og Finnmark,2021-02-02,121,21,4864,899,2.00852300882032,0.371229889993723,142,5763,fhi:git
county,Troms og Finnmark,2021-02-03,1159,562,6023,1461,2.48711638201579,0.603300188299032,1721,7484,fhi:git
county,Troms og Finnmark,2021-02-04,1149,379,7172,1840,2.96158039047273,0.7598031118892671,1528,9012,fhi:git
county,Troms og Finnmark,2021-02-05,286,140,7458,1980,3.07968022199465,0.817614218228668,426,9438,fhi:git
county,Troms og Finnmark,2021-02-06,1,1,7459,1981,3.0800931584685,0.818027154702521,2,9440,fhi:git
county,Troms og Finnmark,2021-02-07,0,1,7459,1982,3.0800931584685,0.818440091176374,1,9441,fhi:git
county,Troms og Finnmark,2021-02-08,0,0,7459,1982,3.0800931584685,0.818440091176374,0,9441,fhi:git
county,Troms og Finnmark,2021-02-09,72,26,7531,2008,3.1098245845859105,0.8291764394965481,98,9539,fhi:git
county,Troms og Finnmark,2021-02-10,1407,803,8938,2811,3.69082620329688,1.1607644280004,2210,11749,fhi:git
county,Troms og Finnmark,2021-02-11,996,466,9934,3277,4.10211093125434,1.35319282481583,1462,13211,fhi:git
county,Troms og Finnmark,2021-02-12,294,113,10228,3390,4.22351425456708,1.3998546463611998,407,13618,fhi:git
county,Troms og Finnmark,2021-02-13,5,2,10233,3392,4.22557893693634,1.4006805193089098,7,13625,fhi:git
county,Troms og Finnmark,2021-02-14,0,0,10233,3392,4.22557893693634,1.4006805193089098,0,13625,fhi:git
county,Troms og Finnmark,2021-02-15,0,6,10233,3398,4.22557893693634,1.4031581381520302,6,13631,fhi:git
county,Troms og Finnmark,2021-02-16,131,52,10364,3450,4.2796736150110695,1.4246308347923797,183,13814,fhi:git
county,Troms og Finnmark,2021-02-17,959,581,11323,4031,4.67567969343596,1.66454692610089,1540,15354,fhi:git
county,Troms og Finnmark,2021-02-18,1284,262,12607,4293,5.20589012586304,1.77273628225034,1546,16900,fhi:git
county,Troms og Finnmark,2021-02-19,234,132,12841,4425,5.302517260744611,1.82724389679892,366,17266,fhi:git
county,Troms og Finnmark,2021-02-20,0,0,12841,4425,5.302517260744611,1.82724389679892,0,17266,fhi:git
county,Troms og Finnmark,2021-02-21,0,0,12841,4425,5.302517260744611,1.82724389679892,0,17266,fhi:git
county,Troms og Finnmark,2021-02-22,107,0,12948,4425,5.34670146344686,1.82724389679892,107,17373,fhi:git
county,Troms og Finnmark,2021-02-23,79,78,13027,4503,5.37932344488124,1.85945294175944,157,17530,fhi:git
county,Troms og Finnmark,2021-02-24,409,987,13436,5490,5.54821446268706,2.26702124145222,1396,18926,fhi:git
county,Troms og Finnmark,2021-02-25,567,1051,14003,6541,5.78234944336163,2.70101747547157,1618,20544,fhi:git
county,Troms og Finnmark,2021-02-26,155,403,14158,6944,5.846354596808831,2.86743087443428,558,21102,fhi:git
county,Troms og Finnmark,2021-02-27,0,0,14158,6944,5.846354596808831,2.86743087443428,0,21102,fhi:git
county,Troms og Finnmark,2021-02-28,3,0,14161,6944,5.8475934062303905,2.86743087443428,3,21105,fhi:git
county,Troms og Finnmark,2021-03-01,322,0,14483,6944,5.98055895081101,2.86743087443428,322,21427,fhi:git
county,Troms og Finnmark,2021-03-02,541,72,15024,7016,6.203957583165409,2.8971623005516802,613,22040,fhi:git
county,Troms og Finnmark,2021-03-03,396,1178,15420,8194,6.36748042681114,3.38360146675036,1574,23614,fhi:git
county,Troms og Finnmark,2021-03-04,660,889,16080,9083,6.64001849955403,3.7507019920055495,1549,25163,fhi:git
county,Troms og Finnmark,2021-03-05,513,370,16593,9453,6.85185491064055,3.9034884873311095,883,26046,fhi:git
county,Troms og Finnmark,2021-03-06,0,0,16593,9453,6.85185491064055,3.9034884873311095,0,26046,fhi:git
county,Troms og Finnmark,2021-03-07,0,0,16593,9453,6.85185491064055,3.9034884873311095,0,26046,fhi:git
county,Troms og Finnmark,2021-03-08,392,0,16985,9453,7.01372600839087,3.9034884873311095,392,26438,fhi:git
nation,Norge,2020-12-27,5,0,5,0,9.31518486915891e-05,0.0,5,5,fhi:git
nation,Norge,2020-12-28,603,0,608,0,0.0113272648008972,0.0,603,608,fhi:git
nation,Norge,2020-12-29,1067,0,1675,0,0.0312058693116824,0.0,1067,1675,fhi:git
nation,Norge,2020-12-30,424,0,2099,0,0.0391051460807291,0.0,424,2099,fhi:git
nation,Norge,2020-12-31,72,0,2171,0,0.040446532701888,0.0,72,2171,fhi:git
nation,Norge,2021-01-01,6,0,2177,0,0.0405583149203179,0.0,6,2177,fhi:git
nation,Norge,2021-01-02,0,0,2177,0,0.0405583149203179,0.0,0,2177,fhi:git
nation,Norge,2021-01-03,3,0,2180,0,0.0406142060295329,0.0,3,2180,fhi:git
nation,Norge,2021-01-04,6,0,2186,0,0.040546287965079,0.0,6,2186,fhi:git
nation,Norge,2021-01-05,3384,0,5570,0,0.10331327720287699,0.0,3384,5570,fhi:git
nation,Norge,2021-01-06,9063,0,14633,0,0.271415293592407,0.0,9063,14633,fhi:git
nation,Norge,2021-01-07,6573,0,21206,0,0.393332379957669,0.0,6573,21206,fhi:git
nation,Norge,2021-01-08,1616,0,22822,0,0.423306214061772,0.0,1616,22822,fhi:git
nation,Norge,2021-01-09,135,0,22957,0,0.425810216292003,0.0,135,22957,fhi:git
nation,Norge,2021-01-10,107,0,23064,0,0.42779486991152005,0.0,107,23064,fhi:git
nation,Norge,2021-01-11,351,0,23415,0,0.434305275710121,0.0,351,23415,fhi:git
nation,Norge,2021-01-12,4254,0,27669,0,0.51320916820941,0.0,4254,27669,fhi:git
nation,Norge,2021-01-13,9773,0,37442,0,0.6944803815134899,0.0,9773,37442,fhi:git
nation,Norge,2021-01-14,8471,0,45913,0,0.8516018844193379,0.0,8471,45913,fhi:git
nation,Norge,2021-01-15,4471,0,50384,0,0.934530728651665,0.0,4471,50384,fhi:git
nation,Norge,2021-01-16,745,0,51129,0,0.948349111329608,0.0,745,51129,fhi:git
nation,Norge,2021-01-17,345,5,51474,5,0.9547482281401999,9.27408233419007e-05,350,51479,fhi:git
nation,Norge,2021-01-18,1283,283,52757,288,0.9785455234097309,0.00534187142449348,1566,53045,fhi:git
nation,Norge,2021-01-19,4583,771,57340,1059,1.0635517620849202,0.0196425063838146,5354,58399,fhi:git
nation,Norge,2021-01-20,10045,693,67385,1752,1.2498680761788,0.032496384499002,10738,69137,fhi:git
nation,Norge,2021-01-21,8425,168,75810,1920,1.4061363635099,0.0356124761632899,8593,77730,fhi:git
nation,Norge,2021-01-22,3310,7,79120,1927,1.46753078856224,0.0357423133159685,3317,81047,fhi:git
nation,Norge,2021-01-23,357,0,79477,1927,1.47415248334885,0.0357423133159685,357,81404,fhi:git
nation,Norge,2021-01-24,67,0,79544,1927,1.4753952103816297,0.0357423133159685,67,81471,fhi:git
nation,Norge,2021-01-25,577,0,80121,1927,1.48609750139529,0.0357423133159685,577,82048,fhi:git
nation,Norge,2021-01-26,2273,2140,82394,4067,1.52825747968651,0.0754353857063021,4413,86461,fhi:git
nation,Norge,2021-01-27,11378,7525,93772,11592,1.73929849728334,0.215010324835863,18903,105364,fhi:git
nation,Norge,2021-01-28,10868,6547,104640,18139,1.9408799508993,0.336445158919747,17415,122779,fhi:git
nation,Norge,2021-01-29,3797,2105,108437,20244,2.01130733214514,0.375489045546688,5902,128681,fhi:git
nation,Norge,2021-01-30,139,172,108576,20416,2.01388552703404,0.378679329869649,311,128992,fhi:git
nation,Norge,2021-01-31,95,50,108671,20466,2.0156476026775403,0.379606738103068,145,129137,fhi:git
nation,Norge,2021-02-01,194,300,108865,20766,2.0192459466232,0.38517118750358204,494,129631,fhi:git
nation,Norge,2021-02-02,6335,3138,115200,23904,2.1367485697973896,0.443375328232959,9473,139104,fhi:git
nation,Norge,2021-02-03,25070,8305,140270,32209,2.6017510580336802,0.597417835803856,33375,172479,fhi:git
nation,Norge,2021-02-04,25918,8587,166188,40796,3.0824823899087597,0.7566909258112359,34505,206984,fhi:git
nation,Norge,2021-02-05,10607,4828,176795,45624,3.27922277254627,0.8462414648301759,15435,222419,fhi:git
nation,Norge,2021-02-06,804,735,177599,46359,3.29413549693965,0.8598743658614351,1539,223958,fhi:git
nation,Norge,2021-02-07,320,295,177919,46654,3.3000709096335297,0.8653460744386071,615,224573,fhi:git
nation,Norge,2021-02-08,118,923,178037,47577,3.3022595930644,0.8824660304275219,1041,225614,fhi:git
nation,Norge,2021-02-09,5523,3234,183560,50811,3.4047011065278596,0.9424507949650641,8757,234371,fhi:git
nation,Norge,2021-02-10,22926,8592,206486,59403,3.82993632971514,1.1018166257957902,31518,265889,fhi:git
nation,Norge,2021-02-11,20888,8533,227374,67936,4.21737039330827,1.26008811491107,29421,295310,fhi:git
nation,Norge,2021-02-12,8013,3595,235387,71531,4.365996836796,1.3267687668938999,11608,306918,fhi:git
nation,Norge,2021-02-13,890,304,236277,71835,4.38250470335086,1.3324074089530902,1194,308112,fhi:git
nation,Norge,2021-02-14,110,2,236387,71837,4.38454500146438,1.3324445052824199,112,308224,fhi:git
nation,Norge,2021-02-15,800,749,237187,72586,4.39938353319908,1.3463370806190402,1549,309773,fhi:git
nation,Norge,2021-02-16,5910,2167,243097,74753,4.509003186389211,1.3865309534554198,8077,317850,fhi:git
nation,Norge,2021-02-17,21642,10145,264739,84898,4.91042256614229,1.5747020840161399,31787,349637,fhi:git
nation,Norge,2021-02-18,18657,10763,283396,95661,5.25647567436026,1.7743359803419099,29420,379057,fhi:git
nation,Norge,2021-02-19,10693,4780,294089,100441,5.45481119915925,1.8629962074567699,15473,394530,fhi:git
nation,Norge,2021-02-20,479,163,294568,100604,5.4636957700354,1.86601955829772,642,395172,fhi:git
nation,Norge,2021-02-21,58,94,294626,100698,5.46477156358617,1.86776308577654,152,395324,fhi:git
nation,Norge,2021-02-22,2562,138,297188,100836,5.512291961466559,1.8703227325007798,2700,398024,fhi:git
nation,Norge,2021-02-23,5703,5182,302891,106018,5.6180721445703306,1.9664393218123302,10885,408909,fhi:git
nation,Norge,2021-02-24,10596,22170,313487,128188,5.814608497396491,2.37765213251031,32766,441675,fhi:git
nation,Norge,2021-02-25,10729,24957,324216,153145,6.013611756123541,2.8405586781390797,35686,477361,fhi:git
nation,Norge,2021-02-26,7826,9882,332042,163027,6.1587696928182805,3.02385164139201,17708,495069,fhi:git
nation,Norge,2021-02-27,440,192,332482,163219,6.166930885272371,3.02741288900834,632,495701,fhi:git
nation,Norge,2021-02-28,536,157,333018,163376,6.17687270153462,3.03032495086128,693,496394,fhi:git
nation,Norge,2021-03-01,5647,60,338665,163436,6.28161418741696,3.03143784074138,5707,502101,fhi:git
nation,Norge,2021-03-02,10103,3783,348768,167219,6.469006295061611,3.1016055476818596,13886,515987,fhi:git
nation,Norge,2021-03-03,16926,17641,365694,184860,6.78295253023861,3.4288137205967497,34567,550554,fhi:git
nation,Norge,2021-03-04,15245,18194,380939,203054,7.065719300608059,3.7662790285732597,33439,583993,fhi:git
nation,Norge,2021-03-05,10897,6287,391836,209341,7.2678386509994,3.88289133984337,17184,601177,fhi:git
nation,Norge,2021-03-06,283,453,392119,209794,7.273087781600549,3.89129365843814,736,601913,fhi:git
nation,Norge,2021-03-07,89,0,392208,209794,7.27473856825604,3.89129365843814,89,602002,fhi:git
nation,Norge,2021-03-08,4104,46,396312,209840,7.3508602360550706,3.89214687401289,4150,606152,fhi:git
