granularity_geo,location_name,date,new_dose_1,new_dose_2,total_dose_1,total_dose_2,total_pr100_dose_1,total_pr100_dose_2,new_doses,total_doses,source
county,Oslo,2020-12-27,5,0,5,0,0.00072098677133472,0.0,5,5,fhi:git
county,Oslo,2020-12-28,264,0,269,0,0.0387890882978079,0.0,264,269,fhi:git
county,Oslo,2020-12-29,118,0,387,0,0.0558043761013073,0.0,118,387,fhi:git
county,Oslo,2020-12-30,58,0,445,0,0.06416782264879001,0.0,58,445,fhi:git
county,Oslo,2020-12-31,5,0,450,0,0.0648888094201248,0.0,5,450,fhi:git
county,Oslo,2021-01-01,6,0,456,0,0.0657539935457264,0.0,6,456,fhi:git
county,Oslo,2021-01-02,0,0,456,0,0.0657539935457264,0.0,0,456,fhi:git
county,Oslo,2021-01-03,0,0,456,0,0.0657539935457264,0.0,0,456,fhi:git
county,Oslo,2021-01-04,0,0,456,0,0.06542230384069099,0.0,0,456,fhi:git
county,Oslo,2021-01-05,480,0,936,0,0.13428788683089202,0.0,480,936,fhi:git
county,Oslo,2021-01-06,604,0,1540,0,0.220943745426895,0.0,604,1540,fhi:git
county,Oslo,2021-01-07,967,0,2507,0,0.359679201159237,0.0,967,2507,fhi:git
county,Oslo,2021-01-08,450,0,2957,0,0.42424068521255104,0.0,450,2957,fhi:git
county,Oslo,2021-01-09,127,0,3084,0,0.44246137071204106,0.0,127,3084,fhi:git
county,Oslo,2021-01-10,100,0,3184,0,0.45680836716833295,0.0,100,3184,fhi:git
county,Oslo,2021-01-11,76,0,3260,0,0.46771208447511503,0.0,76,3260,fhi:git
county,Oslo,2021-01-12,242,0,3502,0,0.502431815899342,0.0,242,3502,fhi:git
county,Oslo,2021-01-13,490,0,3992,0,0.5727320985351719,0.0,490,3992,fhi:git
county,Oslo,2021-01-14,1233,0,5225,0,0.7496305648412509,0.0,1233,5225,fhi:git
county,Oslo,2021-01-15,1637,0,6862,0,0.9844908968307479,0.0,1637,6862,fhi:git
county,Oslo,2021-01-16,645,0,7507,0,1.0770290239738298,0.0,645,7507,fhi:git
county,Oslo,2021-01-17,275,5,7782,5,1.11648326422863,0.0007173498228145941,280,7787,fhi:git
county,Oslo,2021-01-18,760,231,8542,236,1.2255204372964499,0.0338589116368488,991,8778,fhi:git
county,Oslo,2021-01-19,810,69,9352,305,1.34173110859242,0.0437583391916902,879,9657,fhi:git
county,Oslo,2021-01-20,990,99,10342,404,1.4837663735097097,0.0579618656834192,1089,10746,fhi:git
county,Oslo,2021-01-21,1018,21,11360,425,1.62981879743476,0.0609747349392405,1039,11785,fhi:git
county,Oslo,2021-01-22,667,6,12027,431,1.7255132637982198,0.061835554726617996,673,12458,fhi:git
county,Oslo,2021-01-23,233,0,12260,431,1.7589417655413797,0.061835554726617996,233,12691,fhi:git
county,Oslo,2021-01-24,67,0,12327,431,1.7685542531671,0.061835554726617996,67,12758,fhi:git
county,Oslo,2021-01-25,258,0,12585,431,1.80556950402433,0.061835554726617996,258,13016,fhi:git
county,Oslo,2021-01-26,312,404,12897,835,1.8503321329679598,0.11979742041003698,716,13732,fhi:git
county,Oslo,2021-01-27,1035,527,13932,1362,1.9988235462905801,0.19540609173469503,1562,15294,fhi:git
county,Oslo,2021-01-28,870,842,14802,2204,2.12364241546032,0.316207801896673,1712,17006,fhi:git
county,Oslo,2021-01-29,424,502,15226,2706,2.184473680435,0.38822972410725803,926,17932,fhi:git
county,Oslo,2021-01-30,94,152,15320,2858,2.19795985710392,0.410037158720822,246,18178,fhi:git
county,Oslo,2021-01-31,61,45,15381,2903,2.20671152494225,0.41649330712615296,106,18284,fhi:git
county,Oslo,2021-02-01,52,46,15433,2949,2.21417196309953,0.42309292549604705,98,18382,fhi:git
county,Oslo,2021-02-02,1524,150,16957,3099,2.4328201890934102,0.44461342018048494,1674,20056,fhi:git
county,Oslo,2021-02-03,2445,458,19402,3557,2.7836042524497495,0.510322663950302,2903,22959,fhi:git
county,Oslo,2021-02-04,2051,1230,21453,4787,3.0778611497683,0.6867907203626921,3281,26240,fhi:git
county,Oslo,2021-02-05,1381,1568,22834,6355,3.27599317082969,0.9117516247973492,2949,29189,fhi:git
county,Oslo,2021-02-06,242,632,23076,6987,3.3107129022539104,1.0024246424011098,874,30063,fhi:git
county,Oslo,2021-02-07,215,270,23291,7257,3.34155894463494,1.0411615328330999,485,30548,fhi:git
county,Oslo,2021-02-08,46,443,23337,7700,3.34815856300484,1.1047187271344698,489,31037,fhi:git
county,Oslo,2021-02-09,1165,244,24502,7944,3.51530107172064,1.13972539848783,1409,32446,fhi:git
county,Oslo,2021-02-10,1835,808,26337,8752,3.7785684566935895,1.25564912985466,2643,35089,fhi:git
county,Oslo,2021-02-11,1593,744,27930,9496,4.00711611024232,1.36239078348948,2337,37426,fhi:git
county,Oslo,2021-02-12,1355,425,29285,9921,4.20151791222508,1.42336551842872,1780,39206,fhi:git
county,Oslo,2021-02-13,273,194,29558,10115,4.2406852125507495,1.45119869155392,467,39673,fhi:git
county,Oslo,2021-02-14,103,0,29661,10115,4.25546261890073,1.45119869155392,103,39776,fhi:git
county,Oslo,2021-02-15,260,444,29921,10559,4.29276480968709,1.51489935581986,704,40480,fhi:git
county,Oslo,2021-02-16,700,771,30621,11330,4.39319378488114,1.62551469849787,1471,41951,fhi:git
county,Oslo,2021-02-17,1453,1082,32074,12412,4.60165564339106,1.78074920015495,2535,44486,fhi:git
county,Oslo,2021-02-18,1043,915,33117,13327,4.751294816430179,1.91202421773002,1958,46444,fhi:git
county,Oslo,2021-02-19,1496,967,34613,14294,4.965925883416309,2.0507596734623603,2463,48907,fhi:git
county,Oslo,2021-02-20,100,113,34713,14407,4.9802728798726,2.06697177945797,213,49120,fhi:git
county,Oslo,2021-02-21,4,61,34717,14468,4.9808467597308494,2.07572344729631,65,49185,fhi:git
county,Oslo,2021-02-22,600,113,35317,14581,5.066928738468599,2.0919355532919197,713,49898,fhi:git
county,Oslo,2021-02-23,335,1527,35652,16108,5.114991176597179,2.3110141891795,1862,51760,fhi:git
county,Oslo,2021-02-24,687,2335,36339,18443,5.21355504225191,2.64601655643391,3022,54782,fhi:git
county,Oslo,2021-02-25,556,1952,36895,20395,5.29332434254889,2.9260699272607305,2508,57290,fhi:git
county,Oslo,2021-02-26,709,1368,37604,21763,5.395044547424001,3.1223368387828,2077,59367,fhi:git
county,Oslo,2021-02-27,259,99,37863,21862,5.43220326824579,3.13654036527453,358,59725,fhi:git
county,Oslo,2021-02-28,101,62,37964,21924,5.44669373466665,3.14543550307743,163,59888,fhi:git
county,Oslo,2021-03-01,1000,37,38964,21961,5.590163699229571,3.15074389176626,1037,60925,fhi:git
county,Oslo,2021-03-02,741,135,39705,22096,5.696474942970691,3.17011233698225,876,61801,fhi:git
county,Oslo,2021-03-03,1298,135,41003,22231,5.8826989569733605,3.1894807821982503,1433,63234,fhi:git
county,Oslo,2021-03-04,1105,203,42108,22434,6.04123326781538,3.21860518500452,1308,64542,fhi:git
county,Oslo,2021-03-05,1222,61,43330,22495,6.216553564511269,3.22735685284286,1283,65825,fhi:git
county,Oslo,2021-03-06,96,3,43426,22498,6.230326681109309,3.22778726273655,99,65924,fhi:git
county,Oslo,2021-03-07,68,0,43494,22498,6.24008263869959,3.22778726273655,68,65992,fhi:git
county,Oslo,2021-03-08,622,10,44116,22508,6.329320956657719,3.22922196238218,632,66624,fhi:git
county,Oslo,2021-03-09,731,1247,44847,23755,6.43419750075322,3.40812900819214,1978,68602,fhi:git
county,Rogaland,2020-12-27,0,0,0,0,0.0,0.0,0,0,fhi:git
county,Rogaland,2020-12-28,1,0,1,0,0.00020838021888258202,0.0,1,1,fhi:git
county,Rogaland,2020-12-29,0,0,1,0,0.00020838021888258202,0.0,0,1,fhi:git
county,Rogaland,2020-12-30,0,0,1,0,0.00020838021888258202,0.0,0,1,fhi:git
county,Rogaland,2020-12-31,0,0,1,0,0.00020838021888258202,0.0,0,1,fhi:git
county,Rogaland,2021-01-01,0,0,1,0,0.00020838021888258202,0.0,0,1,fhi:git
county,Rogaland,2021-01-02,0,0,1,0,0.00020838021888258202,0.0,0,1,fhi:git
county,Rogaland,2021-01-03,0,0,1,0,0.00020838021888258202,0.0,0,1,fhi:git
county,Rogaland,2021-01-04,0,0,1,0,0.00020719162117084,0.0,0,1,fhi:git
county,Rogaland,2021-01-05,548,0,549,0,0.11374820002279101,0.0,548,549,fhi:git
county,Rogaland,2021-01-06,641,0,1190,0,0.24655802919329897,0.0,641,1190,fhi:git
county,Rogaland,2021-01-07,212,0,1402,0,0.290482652881517,0.0,212,1402,fhi:git
county,Rogaland,2021-01-08,20,0,1422,0,0.29462648530493396,0.0,20,1422,fhi:git
county,Rogaland,2021-01-09,1,0,1423,0,0.29483367692610496,0.0,1,1423,fhi:git
county,Rogaland,2021-01-10,0,0,1423,0,0.29483367692610496,0.0,0,1423,fhi:git
county,Rogaland,2021-01-11,1,0,1424,0,0.295040868547276,0.0,1,1424,fhi:git
county,Rogaland,2021-01-12,117,0,1541,0,0.31928228822426397,0.0,117,1541,fhi:git
county,Rogaland,2021-01-13,761,0,2302,0,0.47695511193527296,0.0,761,2302,fhi:git
county,Rogaland,2021-01-14,535,0,2837,0,0.5878026292616729,0.0,535,2837,fhi:git
county,Rogaland,2021-01-15,291,0,3128,0,0.6480953910223871,0.0,291,3128,fhi:git
county,Rogaland,2021-01-16,0,0,3128,0,0.6480953910223871,0.0,0,3128,fhi:git
county,Rogaland,2021-01-17,1,0,3129,0,0.648302582643558,0.0,1,3129,fhi:git
county,Rogaland,2021-01-18,71,0,3200,0,0.6630131877466879,0.0,71,3200,fhi:git
county,Rogaland,2021-01-19,512,0,3712,0,0.769095297786158,0.0,512,3712,fhi:git
county,Rogaland,2021-01-20,655,0,4367,0,0.904805809653058,0.0,655,4367,fhi:git
county,Rogaland,2021-01-21,428,0,4795,0,0.9934838235141771,0.0,428,4795,fhi:git
county,Rogaland,2021-01-22,272,0,5067,0,1.04983994447265,0.0,272,5067,fhi:git
county,Rogaland,2021-01-23,0,0,5067,0,1.04983994447265,0.0,0,5067,fhi:git
county,Rogaland,2021-01-24,0,0,5067,0,1.04983994447265,0.0,0,5067,fhi:git
county,Rogaland,2021-01-25,150,0,5217,0,1.08091868764827,0.0,150,5217,fhi:git
county,Rogaland,2021-01-26,338,381,5555,381,1.15094945560402,0.07894000766609,719,5936,fhi:git
county,Rogaland,2021-01-27,862,603,6417,984,1.32954863305328,0.203876555232106,1465,7401,fhi:git
county,Rogaland,2021-01-28,523,283,6940,1267,1.4379098509256298,0.262511784023454,806,8207,fhi:git
county,Rogaland,2021-01-29,410,22,7350,1289,1.52285841560567,0.267069999689213,432,8639,fhi:git
county,Rogaland,2021-01-30,3,1,7353,1290,1.5234799904691898,0.267277191310383,4,8643,fhi:git
county,Rogaland,2021-01-31,0,0,7353,1290,1.5234799904691898,0.267277191310383,0,8643,fhi:git
county,Rogaland,2021-02-01,13,5,7366,1295,1.52617348154441,0.268313149416238,18,8661,fhi:git
county,Rogaland,2021-02-02,449,76,7815,1371,1.6192025194501103,0.284059712625221,525,9186,fhi:git
county,Rogaland,2021-02-03,2429,635,10244,2006,2.1224709672740802,0.41562639206870505,3064,12250,fhi:git
county,Rogaland,2021-02-04,1886,549,12130,2555,2.51323436480229,0.5293745920914961,2435,14685,fhi:git
county,Rogaland,2021-02-05,657,281,12787,2836,2.6493592599115297,0.587595437640502,938,15623,fhi:git
county,Rogaland,2021-02-06,0,0,12787,2836,2.6493592599115297,0.587595437640502,0,15623,fhi:git
county,Rogaland,2021-02-07,0,0,12787,2836,2.6493592599115297,0.587595437640502,0,15623,fhi:git
county,Rogaland,2021-02-08,7,71,12794,2907,2.6508096012597298,0.6023060427436321,78,15701,fhi:git
county,Rogaland,2021-02-09,586,394,13380,3301,2.77222389126584,0.683939541484942,980,16681,fhi:git
county,Rogaland,2021-02-10,1921,682,15301,3983,3.17023899553502,0.8252442271234549,2603,19284,fhi:git
county,Rogaland,2021-02-11,1182,492,16483,4475,3.4151394917589504,0.9271825047395079,1674,20958,fhi:git
county,Rogaland,2021-02-12,482,264,16965,4739,3.5150058531632995,0.98188109272861,746,21704,fhi:git
county,Rogaland,2021-02-13,0,0,16965,4739,3.5150058531632995,0.98188109272861,0,21704,fhi:git
county,Rogaland,2021-02-14,0,0,16965,4739,3.5150058531632995,0.98188109272861,0,21704,fhi:git
county,Rogaland,2021-02-15,0,147,16965,4886,3.5150058531632995,1.0123382610407199,147,21851,fhi:git
county,Rogaland,2021-02-16,476,314,17441,5200,3.61362906484062,1.07739643008837,790,22641,fhi:git
county,Rogaland,2021-02-17,1475,781,18916,5981,3.91923670606761,1.2392130862227901,2256,24897,fhi:git
county,Rogaland,2021-02-18,1091,471,20007,6452,4.14528276476499,1.33680033979426,1562,26459,fhi:git
county,Rogaland,2021-02-19,438,411,20445,6863,4.23603269483782,1.4219560960954698,849,27308,fhi:git
county,Rogaland,2021-02-20,1,1,20446,6864,4.23623988645899,1.42216328771664,2,27310,fhi:git
county,Rogaland,2021-02-21,0,0,20446,6864,4.23623988645899,1.42216328771664,0,27310,fhi:git
county,Rogaland,2021-02-22,251,13,20697,6877,4.28824498337287,1.4248567787918702,264,27574,fhi:git
county,Rogaland,2021-02-23,379,405,21076,7282,4.36677060779662,1.5087693853660602,784,28358,fhi:git
county,Rogaland,2021-02-24,676,2165,21752,9447,4.5068321437081105,1.9573392452009197,2841,31199,fhi:git
county,Rogaland,2021-02-25,1159,1806,22911,11253,4.746967232645111,2.3315273130354597,2965,34164,fhi:git
county,Rogaland,2021-02-26,998,674,23909,11927,4.95374447057361,2.47117446570461,1672,35836,fhi:git
county,Rogaland,2021-02-27,1,0,23910,11927,4.95395166219478,2.47117446570461,1,35837,fhi:git
county,Rogaland,2021-02-28,4,0,23914,11927,4.95478042867947,2.47117446570461,4,35841,fhi:git
county,Rogaland,2021-03-01,645,2,24559,11929,5.0884190243346605,2.47158884894695,647,36488,fhi:git
county,Rogaland,2021-03-02,688,542,25247,12471,5.230966859700191,2.58388670762154,1230,37718,fhi:git
county,Rogaland,2021-03-03,1120,1455,26367,13926,5.463021475411531,2.8853505164251203,2575,40293,fhi:git
county,Rogaland,2021-03-04,1042,1474,27409,15400,5.67891514467155,3.1907509660309303,2516,42809,fhi:git
county,Rogaland,2021-03-05,551,424,27960,15824,5.793077727936679,3.27860021340737,975,43784,fhi:git
county,Rogaland,2021-03-06,1,0,27961,15824,5.793284919557849,3.27860021340737,1,43785,fhi:git
county,Rogaland,2021-03-07,0,0,27961,15824,5.793284919557849,3.27860021340737,0,43785,fhi:git
county,Rogaland,2021-03-08,513,0,28474,15824,5.899574221218491,3.27860021340737,513,44298,fhi:git
county,Rogaland,2021-03-09,1277,442,29751,16266,6.16415792145366,3.3701789099648796,1719,46017,fhi:git
county,Møre og Romsdal,2020-12-27,0,0,0,0,0.0,0.0,0,0,fhi:git
county,Møre og Romsdal,2020-12-28,0,0,0,0,0.0,0.0,0,0,fhi:git
county,Møre og Romsdal,2020-12-29,0,0,0,0,0.0,0.0,0,0,fhi:git
county,Møre og Romsdal,2020-12-30,0,0,0,0,0.0,0.0,0,0,fhi:git
county,Møre og Romsdal,2020-12-31,0,0,0,0,0.0,0.0,0,0,fhi:git
county,Møre og Romsdal,2021-01-01,0,0,0,0,0.0,0.0,0,0,fhi:git
county,Møre og Romsdal,2021-01-02,0,0,0,0,0.0,0.0,0,0,fhi:git
county,Møre og Romsdal,2021-01-03,0,0,0,0,0.0,0.0,0,0,fhi:git
county,Møre og Romsdal,2021-01-04,0,0,0,0,0.0,0.0,0,0,fhi:git
county,Møre og Romsdal,2021-01-05,186,0,186,0,0.0700448889826168,0.0,186,186,fhi:git
county,Møre og Romsdal,2021-01-06,497,0,683,0,0.257207845027566,0.0,497,683,fhi:git
county,Møre og Romsdal,2021-01-07,457,0,1140,0,0.4293073840870061,0.0,457,1140,fhi:git
county,Møre og Romsdal,2021-01-08,36,0,1176,0,0.442864459373964,0.0,36,1176,fhi:git
county,Møre og Romsdal,2021-01-09,1,0,1177,0,0.443241044798602,0.0,1,1177,fhi:git
county,Møre og Romsdal,2021-01-10,0,0,1177,0,0.443241044798602,0.0,0,1177,fhi:git
county,Møre og Romsdal,2021-01-11,1,0,1178,0,0.44361763022323997,0.0,1,1178,fhi:git
county,Møre og Romsdal,2021-01-12,225,0,1403,0,0.528349350766728,0.0,225,1403,fhi:git
county,Møre og Romsdal,2021-01-13,387,0,1790,0,0.674087910101528,0.0,387,1790,fhi:git
county,Møre og Romsdal,2021-01-14,410,0,2200,0,0.828487934202995,0.0,410,2200,fhi:git
county,Møre og Romsdal,2021-01-15,152,0,2352,0,0.885728918747929,0.0,152,2352,fhi:git
county,Møre og Romsdal,2021-01-16,1,0,2353,0,0.886105504172566,0.0,1,2353,fhi:git
county,Møre og Romsdal,2021-01-17,1,0,2354,0,0.886482089597204,0.0,1,2354,fhi:git
county,Møre og Romsdal,2021-01-18,11,0,2365,0,0.8906245292682192,0.0,11,2365,fhi:git
county,Møre og Romsdal,2021-01-19,203,0,2568,0,0.967071370469677,0.0,203,2568,fhi:git
county,Møre og Romsdal,2021-01-20,501,0,3069,0,1.1557406682131801,0.0,501,3069,fhi:git
county,Møre og Romsdal,2021-01-21,801,0,3870,0,1.457385593348,0.0,801,3870,fhi:git
county,Møre og Romsdal,2021-01-22,212,0,4082,0,1.53722170337119,0.0,212,4082,fhi:git
county,Møre og Romsdal,2021-01-23,0,0,4082,0,1.53722170337119,0.0,0,4082,fhi:git
county,Møre og Romsdal,2021-01-24,0,0,4082,0,1.53722170337119,0.0,0,4082,fhi:git
county,Møre og Romsdal,2021-01-25,3,0,4085,0,1.53835145964511,0.0,3,4085,fhi:git
county,Møre og Romsdal,2021-01-26,78,129,4163,129,1.56772512276685,0.0485795197782665,207,4292,fhi:git
county,Møre og Romsdal,2021-01-27,543,359,4706,488,1.7722110083451297,0.18377368722321,902,5194,fhi:git
county,Møre og Romsdal,2021-01-28,492,509,5198,997,1.9574910372668899,0.37545566836381206,1001,6195,fhi:git
county,Møre og Romsdal,2021-01-29,99,78,5297,1075,1.99477299430603,0.404829331485554,177,6372,fhi:git
county,Møre og Romsdal,2021-01-30,0,1,5297,1076,1.99477299430603,0.405205916910192,1,6373,fhi:git
county,Møre og Romsdal,2021-01-31,0,0,5297,1076,1.99477299430603,0.405205916910192,0,6373,fhi:git
county,Møre og Romsdal,2021-02-01,0,0,5297,1076,1.99477299430603,0.405205916910192,0,6373,fhi:git
county,Møre og Romsdal,2021-02-02,291,193,5588,1269,2.10435935287561,0.47788690386527294,484,6857,fhi:git
county,Møre og Romsdal,2021-02-03,1064,312,6652,1581,2.50504624469015,0.5953815563522429,1376,8233,fhi:git
county,Møre og Romsdal,2021-02-04,1546,463,8198,2044,3.0872473111800702,0.7697406079595099,2009,10242,fhi:git
county,Møre og Romsdal,2021-02-05,219,156,8417,2200,3.1697195191757297,0.828487934202995,375,10617,fhi:git
county,Møre og Romsdal,2021-02-06,1,2,8418,2202,3.1700961046003697,0.82924110505227,3,10620,fhi:git
county,Møre og Romsdal,2021-02-07,0,1,8418,2203,3.1700961046003697,0.8296176904769079,1,10621,fhi:git
county,Møre og Romsdal,2021-02-08,1,2,8419,2205,3.1704726900250093,0.830370861326183,3,10624,fhi:git
county,Møre og Romsdal,2021-02-09,327,183,8746,2388,3.2936161238815402,0.8992859940348871,510,11134,fhi:git
county,Møre og Romsdal,2021-02-10,1255,436,10001,2824,3.76623083180189,1.06347723917693,1691,12825,fhi:git
county,Møre og Romsdal,2021-02-11,1251,805,11252,3629,4.2373391980236805,1.3666285060102998,2056,14881,fhi:git
county,Møre og Romsdal,2021-02-12,295,207,11547,3836,4.34843189829181,1.44458168891031,502,15383,fhi:git
county,Møre og Romsdal,2021-02-13,24,0,11571,3836,4.35746994848311,1.44458168891031,24,15407,fhi:git
county,Møre og Romsdal,2021-02-14,0,0,11571,3836,4.35746994848311,1.44458168891031,0,15407,fhi:git
county,Møre og Romsdal,2021-02-15,1,8,11572,3844,4.35784653390775,1.4475943723074098,9,15416,fhi:git
county,Møre og Romsdal,2021-02-16,354,58,11926,3902,4.49115777422951,1.4694363269364,412,15828,fhi:git
county,Møre og Romsdal,2021-02-17,1190,420,13116,4322,4.939294429548401,1.62760220528425,1610,17438,fhi:git
county,Møre og Romsdal,2021-02-18,1160,518,14276,4840,5.37613352212816,1.82267345524659,1678,19116,fhi:git
county,Møre og Romsdal,2021-02-19,500,92,14776,4932,5.564426234447019,1.85731931431326,592,19708,fhi:git
county,Møre og Romsdal,2021-02-20,9,0,14785,4932,5.5678155032687595,1.85731931431326,9,19717,fhi:git
county,Møre og Romsdal,2021-02-21,0,0,14785,4932,5.5678155032687595,1.85731931431326,0,19717,fhi:git
county,Møre og Romsdal,2021-02-22,15,0,14800,4932,5.573464284638329,1.85731931431326,15,19732,fhi:git
county,Møre og Romsdal,2021-02-23,390,223,15190,5155,5.72033260024704,1.94129786400747,613,20345,fhi:git
county,Møre og Romsdal,2021-02-24,718,851,15908,6006,5.99072093513693,2.26177206037418,1569,21914,fhi:git
county,Møre og Romsdal,2021-02-25,696,1460,16604,7466,6.25282439068478,2.81158678034525,2156,24070,fhi:git
county,Møre og Romsdal,2021-02-26,259,202,16863,7668,6.3503600156659505,2.88765703612207,461,24531,fhi:git
county,Møre og Romsdal,2021-02-27,2,1,16865,7669,6.35111318651523,2.88803362154671,3,24534,fhi:git
county,Møre og Romsdal,2021-02-28,0,0,16865,7669,6.35111318651523,2.88803362154671,0,24534,fhi:git
county,Møre og Romsdal,2021-03-01,95,1,16960,7670,6.38688880185581,2.88841020697135,96,24630,fhi:git
county,Møre og Romsdal,2021-03-02,726,242,17686,7912,6.6602898201428,2.9795438797336797,968,25598,fhi:git
county,Møre og Romsdal,2021-03-03,861,1101,18547,9013,6.98452987075588,3.39416443225981,1962,27560,fhi:git
county,Møre og Romsdal,2021-03-04,960,1276,19507,10289,7.346051878408099,3.87468743409755,2236,29796,fhi:git
county,Møre og Romsdal,2021-03-05,796,269,20303,10558,7.64581387641973,3.9759889133251,1065,30861,fhi:git
county,Møre og Romsdal,2021-03-06,3,6,20306,10564,7.64694363269364,3.9782484258729305,9,30870,fhi:git
county,Møre og Romsdal,2021-03-07,0,0,20306,10564,7.64694363269364,3.9782484258729305,0,30870,fhi:git
county,Møre og Romsdal,2021-03-08,151,0,20457,10564,7.703808031813941,3.9782484258729305,151,31021,fhi:git
county,Møre og Romsdal,2021-03-09,578,212,21035,10776,7.921474407254539,4.05808453589612,790,31811,fhi:git
county,Nordland,2020-12-27,0,0,0,0,0.0,0.0,0,0,fhi:git
county,Nordland,2020-12-28,0,0,0,0,0.0,0.0,0,0,fhi:git
county,Nordland,2020-12-29,0,0,0,0,0.0,0.0,0,0,fhi:git
county,Nordland,2020-12-30,1,0,1,0,0.00041453354612722,0.0,1,1,fhi:git
county,Nordland,2020-12-31,0,0,1,0,0.00041453354612722,0.0,0,1,fhi:git
county,Nordland,2021-01-01,0,0,1,0,0.00041453354612722,0.0,0,1,fhi:git
county,Nordland,2021-01-02,0,0,1,0,0.00041453354612722,0.0,0,1,fhi:git
county,Nordland,2021-01-03,0,0,1,0,0.00041453354612722,0.0,0,1,fhi:git
county,Nordland,2021-01-04,0,0,1,0,0.000416068568100023,0.0,0,1,fhi:git
county,Nordland,2021-01-05,200,0,201,0,0.0836297821881046,0.0,200,201,fhi:git
county,Nordland,2021-01-06,686,0,887,0,0.36905281990471994,0.0,686,887,fhi:git
county,Nordland,2021-01-07,238,0,1125,0,0.468077139112526,0.0,238,1125,fhi:git
county,Nordland,2021-01-08,114,0,1239,0,0.5155089558759279,0.0,114,1239,fhi:git
county,Nordland,2021-01-09,0,0,1239,0,0.5155089558759279,0.0,0,1239,fhi:git
county,Nordland,2021-01-10,0,0,1239,0,0.5155089558759279,0.0,0,1239,fhi:git
county,Nordland,2021-01-11,0,0,1239,0,0.5155089558759279,0.0,0,1239,fhi:git
county,Nordland,2021-01-12,292,0,1531,0,0.6370009777611351,0.0,292,1531,fhi:git
county,Nordland,2021-01-13,627,0,2158,0,0.8978759699598491,0.0,627,2158,fhi:git
county,Nordland,2021-01-14,272,0,2430,0,1.01104662048306,0.0,272,2430,fhi:git
county,Nordland,2021-01-15,69,0,2499,0,1.03975535168196,0.0,69,2499,fhi:git
county,Nordland,2021-01-16,0,0,2499,0,1.03975535168196,0.0,0,2499,fhi:git
county,Nordland,2021-01-17,1,0,2500,0,1.04017142025006,0.0,1,2500,fhi:git
county,Nordland,2021-01-18,0,0,2500,0,1.04017142025006,0.0,0,2500,fhi:git
county,Nordland,2021-01-19,313,0,2813,0,1.1704008820653602,0.0,313,2813,fhi:git
county,Nordland,2021-01-20,786,0,3599,0,1.4974307765919799,0.0,786,3599,fhi:git
county,Nordland,2021-01-21,616,0,4215,0,1.7537290145416,0.0,616,4215,fhi:git
county,Nordland,2021-01-22,173,0,4388,0,1.8257088768229,0.0,173,4388,fhi:git
county,Nordland,2021-01-23,4,0,4392,0,1.8273731510953,0.0,4,4392,fhi:git
county,Nordland,2021-01-24,0,0,4392,0,1.8273731510953,0.0,0,4392,fhi:git
county,Nordland,2021-01-25,51,0,4443,0,1.8485926480684,0.0,51,4443,fhi:git
county,Nordland,2021-01-26,120,90,4563,90,1.8985208762403998,0.0374461711290021,210,4653,fhi:git
county,Nordland,2021-01-27,626,528,5189,618,2.15897979987102,0.257130375085814,1154,5807,fhi:git
county,Nordland,2021-01-28,471,365,5660,983,2.35494809544613,0.40899540244232296,836,6643,fhi:git
county,Nordland,2021-01-29,211,144,5871,1127,2.44273856331523,0.468909276248726,355,6998,fhi:git
county,Nordland,2021-01-30,1,0,5872,1127,2.44315463188333,0.468909276248726,1,6999,fhi:git
county,Nordland,2021-01-31,0,0,5872,1127,2.44315463188333,0.468909276248726,0,6999,fhi:git
county,Nordland,2021-02-01,9,4,5881,1131,2.4468992489962402,0.47057355052112604,13,7012,fhi:git
county,Nordland,2021-02-02,110,200,5991,1331,2.49266679148724,0.553787264141131,310,7322,fhi:git
county,Nordland,2021-02-03,1417,457,7408,1788,3.0822359524849703,0.743930599762841,1874,9196,fhi:git
county,Nordland,2021-02-04,1670,346,9078,2134,3.7770704612120096,0.8878903243254491,2016,11212,fhi:git
county,Nordland,2021-02-05,327,125,9405,2259,3.9131248829807204,0.9398988953379521,452,11664,fhi:git
county,Nordland,2021-02-06,0,0,9405,2259,3.9131248829807204,0.9398988953379521,0,11664,fhi:git
county,Nordland,2021-02-07,1,0,9406,2259,3.9135409515488195,0.9398988953379521,1,11665,fhi:git
county,Nordland,2021-02-08,6,1,9412,2260,3.91603736295742,0.940314963906052,7,11672,fhi:git
county,Nordland,2021-02-09,70,262,9482,2522,3.94516216272442,1.04932492874826,332,12004,fhi:git
county,Nordland,2021-02-10,2013,588,11495,3110,4.78270819030976,1.29397324679107,2601,14605,fhi:git
county,Nordland,2021-02-11,1221,560,12716,3670,5.290727911959889,1.52697164492708,1781,16386,fhi:git
county,Nordland,2021-02-12,287,238,13003,3908,5.410139591004599,1.6259959641348898,525,16911,fhi:git
county,Nordland,2021-02-13,53,3,13056,3911,5.432191225113901,1.62724416983919,56,16967,fhi:git
county,Nordland,2021-02-14,0,0,13056,3911,5.432191225113901,1.62724416983919,0,16967,fhi:git
county,Nordland,2021-02-15,0,1,13056,3912,5.432191225113901,1.62766023840729,1,16968,fhi:git
county,Nordland,2021-02-16,221,71,13277,3983,5.524142378664,1.6572011067423897,292,17260,fhi:git
county,Nordland,2021-02-17,1480,515,14757,4498,6.13992385945204,1.8714764193139,1995,19255,fhi:git
county,Nordland,2021-02-18,844,608,15601,5106,6.49108573092846,2.12444610871872,1452,20707,fhi:git
county,Nordland,2021-02-19,306,230,15907,5336,6.618402712767071,2.2201418793817203,536,21243,fhi:git
county,Nordland,2021-02-20,1,1,15908,5337,6.61881878133517,2.22055794794982,2,21245,fhi:git
county,Nordland,2021-02-21,0,0,15908,5337,6.61881878133517,2.22055794794982,0,21245,fhi:git
county,Nordland,2021-02-22,268,0,16176,5337,6.73032515758597,2.22055794794982,268,21513,fhi:git
county,Nordland,2021-02-23,306,56,16482,5393,6.857642139424581,2.24385778776342,362,21875,fhi:git
county,Nordland,2021-02-24,963,976,17445,6369,7.258316170504901,2.6499407102290498,1939,23814,fhi:git
county,Nordland,2021-02-25,580,1848,18025,8217,7.49963594000291,3.4188354240778898,2428,26242,fhi:git
county,Nordland,2021-02-26,421,397,18446,8614,7.674800807173019,3.5840146456136,818,27060,fhi:git
county,Nordland,2021-02-27,0,4,18446,8618,7.674800807173019,3.585678919886,4,27064,fhi:git
county,Nordland,2021-02-28,0,1,18446,8619,7.674800807173019,3.5860949884541,1,27065,fhi:git
county,Nordland,2021-03-01,238,0,18684,8619,7.77382512638083,3.5860949884541,238,27303,fhi:git
county,Nordland,2021-03-02,505,50,19189,8669,7.98393975327134,3.6068984168591,555,27858,fhi:git
county,Nordland,2021-03-03,627,1531,19816,10200,8.24481474547005,4.243899394620231,2158,30016,fhi:git
county,Nordland,2021-03-04,715,1353,20531,11553,8.54230377166157,4.80684016725957,2068,32084,fhi:git
county,Nordland,2021-03-05,426,322,20957,11875,8.71954898167218,4.94081424618777,748,32832,fhi:git
county,Nordland,2021-03-06,13,51,20970,11926,8.72495787305748,4.96203374316087,64,32896,fhi:git
county,Nordland,2021-03-07,0,0,20970,11926,8.72495787305748,4.96203374316087,0,32896,fhi:git
county,Nordland,2021-03-08,361,0,21331,11926,8.87515862614159,4.96203374316087,361,33257,fhi:git
county,Nordland,2021-03-09,635,47,21966,11973,9.1393621668851,4.981588965861571,682,33939,fhi:git
county,Viken,2020-12-27,0,0,0,0,0.0,0.0,0,0,fhi:git
county,Viken,2020-12-28,65,0,65,0,0.00523701522360041,0.0,65,65,fhi:git
county,Viken,2020-12-29,689,0,754,0,0.0607493765937647,0.0,689,754,fhi:git
county,Viken,2020-12-30,216,0,970,0,0.0781523810291138,0.0,216,970,fhi:git
county,Viken,2020-12-31,67,0,1037,0,0.0835505351826711,0.0,67,1037,fhi:git
county,Viken,2021-01-01,0,0,1037,0,0.0835505351826711,0.0,0,1037,fhi:git
county,Viken,2021-01-02,0,0,1037,0,0.0835505351826711,0.0,0,1037,fhi:git
county,Viken,2021-01-03,0,0,1037,0,0.0835505351826711,0.0,0,1037,fhi:git
county,Viken,2021-01-04,0,0,1037,0,0.0828020798732657,0.0,0,1037,fhi:git
county,Viken,2021-01-05,525,0,1562,0,0.124722129953752,0.0,525,1562,fhi:git
county,Viken,2021-01-06,1647,0,3209,0,0.25623131563482104,0.0,1647,3209,fhi:git
county,Viken,2021-01-07,1920,0,5129,0,0.409538927357743,0.0,1920,5129,fhi:git
county,Viken,2021-01-08,281,0,5410,0,0.431976135115109,0.0,281,5410,fhi:git
county,Viken,2021-01-09,6,0,5416,0,0.432455221401743,0.0,6,5416,fhi:git
county,Viken,2021-01-10,5,0,5421,0,0.432854459973938,0.0,5,5421,fhi:git
county,Viken,2021-01-11,57,0,5478,0,0.43740577969696204,0.0,57,5478,fhi:git
county,Viken,2021-01-12,788,0,6266,0,0.500325778674911,0.0,788,6266,fhi:git
county,Viken,2021-01-13,1944,0,8210,0,0.65554973554437,0.0,1944,8210,fhi:git
county,Viken,2021-01-14,1952,0,10162,0,0.8114124741293409,0.0,1952,10162,fhi:git
county,Viken,2021-01-15,1043,0,11205,0,0.8946936402892409,0.0,1043,11205,fhi:git
county,Viken,2021-01-16,87,0,11292,0,0.901640391445435,0.0,87,11292,fhi:git
county,Viken,2021-01-17,22,0,11314,0,0.903397041163094,0.0,22,11314,fhi:git
county,Viken,2021-01-18,142,51,11456,51,0.914735416613435,0.00407223343639012,193,11507,fhi:git
county,Viken,2021-01-19,645,384,12101,435,0.966237192426604,0.0347337557809745,1029,12536,fhi:git
county,Viken,2021-01-20,1489,342,13590,777,1.0851304392263101,0.06204167411912001,1831,14367,fhi:git
county,Viken,2021-01-21,1998,99,15588,876,1.24466617267547,0.0699465978485832,2097,16464,fhi:git
county,Viken,2021-01-22,819,1,16407,877,1.3100614508010302,0.0700264455630222,820,17284,fhi:git
county,Viken,2021-01-23,96,0,16503,877,1.31772683138718,0.0700264455630222,96,17380,fhi:git
county,Viken,2021-01-24,0,0,16503,877,1.31772683138718,0.0700264455630222,0,17380,fhi:git
county,Viken,2021-01-25,61,0,16564,877,1.32259754196796,0.0700264455630222,61,17441,fhi:git
county,Viken,2021-01-26,562,401,17126,1278,1.36747195748269,0.10204537905307,963,18404,fhi:git
county,Viken,2021-01-27,1936,1165,19062,2443,1.5220571326366397,0.19506796637453103,3101,21505,fhi:git
county,Viken,2021-01-28,3106,1708,22168,4151,1.77006413368424,0.33144786263638,4814,26319,fhi:git
county,Viken,2021-01-29,1040,427,23208,4578,1.85310575670082,0.365542836701842,1467,27786,fhi:git
county,Viken,2021-01-30,6,18,23214,4596,1.85358484298745,0.366980095561745,24,27810,fhi:git
county,Viken,2021-01-31,7,3,23221,4599,1.85414377698853,0.367219638705062,10,27820,fhi:git
county,Viken,2021-02-01,35,45,23256,4644,1.8569384469938899,0.37081278585481803,80,27900,fhi:git
county,Viken,2021-02-02,1019,687,24275,5331,1.93830326800726,0.42566816567442606,1706,29606,fhi:git
county,Viken,2021-02-03,4742,1720,29017,7051,2.3169411298771,0.5630062345095429,6462,36068,fhi:git
county,Viken,2021-02-04,6628,1750,35645,8801,2.8461717811789398,0.702739734777832,8378,44446,fhi:git
county,Viken,2021-02-05,3142,1093,38787,9894,3.0970532999463396,0.790013286659683,4235,48681,fhi:git
county,Viken,2021-02-06,37,87,38824,9981,3.10000766538059,0.796960037815878,124,48805,fhi:git
county,Viken,2021-02-07,15,19,38839,10000,3.10120538109717,0.7984771443902191,34,48839,fhi:git
county,Viken,2021-02-08,15,96,38854,10096,3.10240309681376,0.806142524976365,111,48950,fhi:git
county,Viken,2021-02-09,791,565,39645,10661,3.16556263893502,0.851256483634412,1356,50306,fhi:git
county,Viken,2021-02-10,3433,1326,43078,11987,3.43967984260419,0.957134552980555,4759,55065,fhi:git
county,Viken,2021-02-11,4837,1914,47915,13901,3.82590323734573,1.1099630784168402,6751,61816,fhi:git
county,Viken,2021-02-12,2420,975,50335,14876,4.01913470628817,1.18781459999489,3395,65211,fhi:git
county,Viken,2021-02-13,23,95,50358,14971,4.020971203720269,1.1954001328666002,118,65329,fhi:git
county,Viken,2021-02-14,6,0,50364,14971,4.0214502900069,1.1954001328666002,6,65335,fhi:git
county,Viken,2021-02-15,354,123,50718,15094,4.04971638091831,1.2052214017426,477,65812,fhi:git
county,Viken,2021-02-16,1414,354,52132,15448,4.16262104913509,1.23348749265401,1768,67580,fhi:git
county,Viken,2021-02-17,4386,1796,56518,17244,4.51283312466464,1.37689398778649,6182,73762,fhi:git
county,Viken,2021-02-18,4840,2918,61358,20162,4.89929606254951,1.6098896185195601,7758,81520,fhi:git
county,Viken,2021-02-19,3793,1281,65151,21443,5.202158443416719,1.7121745407159499,5074,86594,fhi:git
county,Viken,2021-02-20,28,5,65179,21448,5.20439417942101,1.71257377928814,33,86627,fhi:git
county,Viken,2021-02-21,1,6,65180,21454,5.204474027135451,1.71305286557478,7,86634,fhi:git
county,Viken,2021-02-22,697,7,65877,21461,5.26012788409945,1.71361179957585,704,87338,fhi:git
county,Viken,2021-02-23,2125,754,68002,22215,5.42980427728237,1.7738169762628702,2879,90217,fhi:git
county,Viken,2021-02-24,2468,4158,70470,26373,5.626868436517871,2.10582377290032,6626,96843,fhi:git
county,Viken,2021-02-25,2357,6240,72827,32613,5.81506949945065,2.60407351099982,8597,105440,fhi:git
county,Viken,2021-02-26,1715,2705,74542,35318,5.9520083297135695,2.8200615785573797,4420,109860,fhi:git
county,Viken,2021-02-27,166,86,74708,35404,5.965263050310449,2.8269284819991296,252,110112,fhi:git
county,Viken,2021-02-28,416,1,75124,35405,5.9984796995170795,2.82700832971357,417,110529,fhi:git
county,Viken,2021-03-01,1394,1,76518,35406,6.109787413445081,2.8270881774280094,1395,111924,fhi:git
county,Viken,2021-03-02,2888,516,79406,35922,6.34038761274497,2.86828959807855,3404,115328,fhi:git
county,Viken,2021-03-03,4862,2558,84268,38480,6.7286072003475,3.07254005161356,7420,122748,fhi:git
county,Viken,2021-03-04,3967,3248,88235,41728,7.0453630835271,3.3318854281115096,7215,129963,fhi:git
county,Viken,2021-03-05,2438,1726,90673,43454,7.2400318113294295,3.4697025832332598,4164,134127,fhi:git
county,Viken,2021-03-06,155,0,90828,43454,7.2524082070674805,3.4697025832332598,155,134282,fhi:git
county,Viken,2021-03-07,17,0,90845,43454,7.253765618212941,3.4697025832332598,17,134299,fhi:git
county,Viken,2021-03-08,994,22,91839,43476,7.33313424636533,3.4714592329509197,1016,135315,fhi:git
county,Viken,2021-03-09,2537,691,94376,44167,7.53570789789713,3.5266340036282795,3228,138543,fhi:git
county,Innlandet,2020-12-27,0,0,0,0,0.0,0.0,0,0,fhi:git
county,Innlandet,2020-12-28,272,0,272,0,0.0732393607711674,0.0,272,272,fhi:git
county,Innlandet,2020-12-29,260,0,532,0,0.143247573273019,0.0,260,532,fhi:git
county,Innlandet,2020-12-30,149,0,681,0,0.183367664283695,0.0,149,681,fhi:git
county,Innlandet,2020-12-31,0,0,681,0,0.183367664283695,0.0,0,681,fhi:git
county,Innlandet,2021-01-01,0,0,681,0,0.183367664283695,0.0,0,681,fhi:git
county,Innlandet,2021-01-02,0,0,681,0,0.183367664283695,0.0,0,681,fhi:git
county,Innlandet,2021-01-03,0,0,681,0,0.183367664283695,0.0,0,681,fhi:git
county,Innlandet,2021-01-04,0,0,681,0,0.18375458374594897,0.0,0,681,fhi:git
county,Innlandet,2021-01-05,271,0,952,0,0.256878654517098,0.0,271,952,fhi:git
county,Innlandet,2021-01-06,703,0,1655,0,0.44656950969096293,0.0,703,1655,fhi:git
county,Innlandet,2021-01-07,696,0,2351,0,0.634371551228673,0.0,696,2351,fhi:git
county,Innlandet,2021-01-08,75,0,2426,0,0.654608840187478,0.0,75,2426,fhi:git
county,Innlandet,2021-01-09,0,0,2426,0,0.654608840187478,0.0,0,2426,fhi:git
county,Innlandet,2021-01-10,0,0,2426,0,0.654608840187478,0.0,0,2426,fhi:git
county,Innlandet,2021-01-11,50,0,2476,0,0.668100366160015,0.0,50,2476,fhi:git
county,Innlandet,2021-01-12,403,0,2879,0,0.7768420654986601,0.0,403,2879,fhi:git
county,Innlandet,2021-01-13,994,0,3873,0,1.04505360183269,0.0,994,3873,fhi:git
county,Innlandet,2021-01-14,958,0,4831,0,1.30355123946649,0.0,958,4831,fhi:git
county,Innlandet,2021-01-15,279,0,5110,0,1.37883395439325,0.0,279,5110,fhi:git
county,Innlandet,2021-01-16,4,0,5114,0,1.37991327647105,0.0,4,5114,fhi:git
county,Innlandet,2021-01-17,0,0,5114,0,1.37991327647105,0.0,0,5114,fhi:git
county,Innlandet,2021-01-18,62,0,5176,0,1.39664276867699,0.0,62,5176,fhi:git
county,Innlandet,2021-01-19,331,318,5507,318,1.4859566706151899,0.0858061051853331,649,5825,fhi:git
county,Innlandet,2021-01-20,664,252,6171,570,1.66512413553047,0.153803396086918,916,6741,fhi:git
county,Innlandet,2021-01-21,832,48,7003,618,1.88962312771348,0.166755261020553,880,7621,fhi:git
county,Innlandet,2021-01-22,238,0,7241,618,1.95384279134276,0.166755261020553,238,7859,fhi:git
county,Innlandet,2021-01-23,6,0,7247,618,1.95546177445946,0.166755261020553,6,7865,fhi:git
county,Innlandet,2021-01-24,0,0,7247,618,1.95546177445946,0.166755261020553,0,7865,fhi:git
county,Innlandet,2021-01-25,1,0,7248,618,1.9557316049789097,0.166755261020553,1,7866,fhi:git
county,Innlandet,2021-01-26,149,131,7397,749,1.9959363523770701,0.20210305906859902,280,8146,fhi:git
county,Innlandet,2021-01-27,933,603,8330,1352,2.24768822702461,0.364810862297391,1536,9682,fhi:git
county,Innlandet,2021-01-28,903,707,9233,2059,2.49134518608862,0.555581039549059,1610,11292,fhi:git
county,Innlandet,2021-01-29,319,132,9552,2191,2.5774211217934,0.5911986681165561,451,11743,fhi:git
county,Innlandet,2021-01-30,2,0,9554,2191,2.5779607828323,0.5911986681165561,2,11745,fhi:git
county,Innlandet,2021-01-31,1,0,9555,2191,2.57823061335175,0.5911986681165561,1,11746,fhi:git
county,Innlandet,2021-02-01,9,49,9564,2240,2.58065908802681,0.6044203635696421,58,11804,fhi:git
county,Innlandet,2021-02-02,609,341,10173,2581,2.74498587437231,0.6964325707023421,950,12754,fhi:git
county,Innlandet,2021-02-03,2311,872,12484,3453,3.3685642048229503,0.9317247836633811,3183,15937,fhi:git
county,Innlandet,2021-02-04,2656,997,15140,4450,4.0852340644841005,1.20074581155576,3653,19590,fhi:git
county,Innlandet,2021-02-05,813,270,15953,4720,4.30460627679754,1.27360005180746,1083,20673,fhi:git
county,Innlandet,2021-02-06,7,4,15960,4724,4.3064950904337005,1.27467937388526,11,20684,fhi:git
county,Innlandet,2021-02-07,0,0,15960,4724,4.3064950904337005,1.27467937388526,0,20684,fhi:git
county,Innlandet,2021-02-08,2,62,15962,4786,4.3070347514726,1.29140886609121,64,20748,fhi:git
county,Innlandet,2021-02-09,257,269,16219,5055,4.37638119497144,1.3639932758234599,526,21274,fhi:git
county,Innlandet,2021-02-10,2052,578,18271,5633,4.93007342088434,1.51995531606598,2630,23904,fhi:git
county,Innlandet,2021-02-11,2236,846,20507,6479,5.53341446237618,1.7482319355213,3082,26986,fhi:git
county,Innlandet,2021-02-12,429,282,20936,6761,5.64917175522055,1.8243241420064098,711,27697,fhi:git
county,Innlandet,2021-02-13,0,5,20936,6766,5.64917175522055,1.8256732946036598,5,27702,fhi:git
county,Innlandet,2021-02-14,1,0,20937,6766,5.64944158574,1.8256732946036598,1,27703,fhi:git
county,Innlandet,2021-02-15,87,14,21024,6780,5.672916840932209,1.82945092187597,101,27804,fhi:git
county,Innlandet,2021-02-16,518,92,21542,6872,5.81268905000769,1.85427532966544,610,28414,fhi:git
county,Innlandet,2021-02-17,1566,781,23108,7653,6.235243643467539,2.06501296535646,2347,30761,fhi:git
county,Innlandet,2021-02-18,1436,900,24544,8553,6.6227202693987905,2.30786043286212,2336,33097,fhi:git
county,Innlandet,2021-02-19,541,296,25085,8849,6.768698580421639,2.38773026661954,837,33934,fhi:git
county,Innlandet,2021-02-20,0,3,25085,8852,6.768698580421639,2.38853975817789,3,33937,fhi:git
county,Innlandet,2021-02-21,0,1,25085,8853,6.768698580421639,2.38880958869734,1,33938,fhi:git
county,Innlandet,2021-02-22,283,3,25368,8856,6.8450606174262,2.38961908025569,286,34224,fhi:git
county,Innlandet,2021-02-23,317,306,25685,9162,6.93059689209208,2.47218721920762,623,34847,fhi:git
county,Innlandet,2021-02-24,847,2318,26532,11480,7.15914334206685,3.09765436329442,3165,38012,fhi:git
county,Innlandet,2021-02-25,1741,2447,28273,13927,7.62891827643057,3.75792964439036,4188,42200,fhi:git
county,Innlandet,2021-02-26,677,812,28950,14739,7.8115935380987205,3.97703202618435,1489,43689,fhi:git
county,Innlandet,2021-02-27,3,1,28953,14740,7.81240302965707,3.9773018567038,4,43693,fhi:git
county,Innlandet,2021-02-28,3,6,28956,14746,7.813212521215429,3.9789208398205096,9,43702,fhi:git
county,Innlandet,2021-03-01,170,7,29126,14753,7.859083709522049,3.9808096534566597,177,43879,fhi:git
county,Innlandet,2021-03-02,500,159,29626,14912,7.99399896924742,4.02371270604933,659,44538,fhi:git
county,Innlandet,2021-03-03,1540,1963,31166,16875,8.40953796920154,4.55339001573112,3503,48041,fhi:git
county,Innlandet,2021-03-04,1439,2213,32605,19088,8.79782408669115,5.15052495527559,3652,51693,fhi:git
county,Innlandet,2021-03-05,500,391,33105,19479,8.93273934641652,5.25602868838083,891,52584,fhi:git
county,Innlandet,2021-03-06,2,3,33107,19482,8.93327900745542,5.256838179939179,5,52589,fhi:git
county,Innlandet,2021-03-07,0,0,33107,19482,8.93327900745542,5.256838179939179,0,52589,fhi:git
county,Innlandet,2021-03-08,62,0,33169,19482,8.95000849966136,5.256838179939179,62,52651,fhi:git
county,Innlandet,2021-03-09,851,294,34020,19776,9.17963427171394,5.3361683526577,1145,53796,fhi:git
county,Vestfold og Telemark,2020-12-27,0,0,0,0,0.0,0.0,0,0,fhi:git
county,Vestfold og Telemark,2020-12-28,0,0,0,0,0.0,0.0,0,0,fhi:git
county,Vestfold og Telemark,2020-12-29,0,0,0,0,0.0,0.0,0,0,fhi:git
county,Vestfold og Telemark,2020-12-30,0,0,0,0,0.0,0.0,0,0,fhi:git
county,Vestfold og Telemark,2020-12-31,0,0,0,0,0.0,0.0,0,0,fhi:git
county,Vestfold og Telemark,2021-01-01,0,0,0,0,0.0,0.0,0,0,fhi:git
county,Vestfold og Telemark,2021-01-02,0,0,0,0,0.0,0.0,0,0,fhi:git
county,Vestfold og Telemark,2021-01-03,0,0,0,0,0.0,0.0,0,0,fhi:git
county,Vestfold og Telemark,2021-01-04,1,0,1,0,0.000237033104043311,0.0,1,1,fhi:git
county,Vestfold og Telemark,2021-01-05,218,0,219,0,0.051910249785484995,0.0,218,219,fhi:git
county,Vestfold og Telemark,2021-01-06,1026,0,1245,0,0.295106214533922,0.0,1026,1245,fhi:git
county,Vestfold og Telemark,2021-01-07,442,0,1687,0,0.39987484652106503,0.0,442,1687,fhi:git
county,Vestfold og Telemark,2021-01-08,63,0,1750,0,0.41480793207579403,0.0,63,1750,fhi:git
county,Vestfold og Telemark,2021-01-09,0,0,1750,0,0.41480793207579403,0.0,0,1750,fhi:git
county,Vestfold og Telemark,2021-01-10,2,0,1752,0,0.41528199828387996,0.0,2,1752,fhi:git
county,Vestfold og Telemark,2021-01-11,3,0,1755,0,0.41599309759601005,0.0,3,1755,fhi:git
county,Vestfold og Telemark,2021-01-12,418,0,2173,0,0.5150729350861141,0.0,418,2173,fhi:git
county,Vestfold og Telemark,2021-01-13,1166,0,3339,0,0.7914535344006141,0.0,1166,3339,fhi:git
county,Vestfold og Telemark,2021-01-14,582,0,3921,0,0.9294068009538209,0.0,582,3921,fhi:git
county,Vestfold og Telemark,2021-01-15,157,0,4078,0,0.966620998288621,0.0,157,4078,fhi:git
county,Vestfold og Telemark,2021-01-16,3,0,4081,0,0.9673320976007509,0.0,3,4081,fhi:git
county,Vestfold og Telemark,2021-01-17,41,0,4122,0,0.977050454866527,0.0,41,4122,fhi:git
county,Vestfold og Telemark,2021-01-18,7,0,4129,0,0.97870968659483,0.0,7,4129,fhi:git
county,Vestfold og Telemark,2021-01-19,232,0,4361,0,1.03370136673288,0.0,232,4361,fhi:git
county,Vestfold og Telemark,2021-01-20,1607,0,5968,0,1.41461356493048,0.0,1607,5968,fhi:git
county,Vestfold og Telemark,2021-01-21,828,0,6796,0,1.6108769750783403,0.0,828,6796,fhi:git
county,Vestfold og Telemark,2021-01-22,181,0,6977,0,1.6537799669101798,0.0,181,6977,fhi:git
county,Vestfold og Telemark,2021-01-23,3,0,6980,0,1.65449106622231,0.0,3,6980,fhi:git
county,Vestfold og Telemark,2021-01-24,0,0,6980,0,1.65449106622231,0.0,0,6980,fhi:git
county,Vestfold og Telemark,2021-01-25,44,0,7024,0,1.6649205228002097,0.0,44,7024,fhi:git
county,Vestfold og Telemark,2021-01-26,103,179,7127,179,1.68933493251668,0.0424289256237526,282,7306,fhi:git
county,Vestfold og Telemark,2021-01-27,1623,898,8750,1077,2.0740396603789697,0.25528465305464604,2521,9827,fhi:git
county,Vestfold og Telemark,2021-01-28,652,449,9402,1526,2.22858524421521,0.36171251677009203,1101,10928,fhi:git
county,Vestfold og Telemark,2021-01-29,86,90,9488,1616,2.24897009116293,0.38304549613398997,176,11104,fhi:git
county,Vestfold og Telemark,2021-01-30,0,0,9488,1616,2.24897009116293,0.38304549613398997,0,11104,fhi:git
county,Vestfold og Telemark,2021-01-31,1,1,9489,1617,2.24920712426698,0.3832825292380329,2,11106,fhi:git
county,Vestfold og Telemark,2021-02-01,50,1,9539,1618,2.26105877946914,0.38351956234207707,51,11157,fhi:git
county,Vestfold og Telemark,2021-02-02,462,327,10001,1945,2.37056807353715,0.46102938736423904,789,11946,fhi:git
county,Vestfold og Telemark,2021-02-03,3214,847,13215,2792,3.1323924699323498,0.661796426488924,4061,16007,fhi:git
county,Vestfold og Telemark,2021-02-04,1902,708,15117,3500,3.5832294338227304,0.8296158641515881,2610,18617,fhi:git
county,Vestfold og Telemark,2021-02-05,963,244,16080,3744,3.8114923130164398,0.8874519415381551,1207,19824,fhi:git
county,Vestfold og Telemark,2021-02-06,0,4,16080,3748,3.8114923130164398,0.888400073954328,4,19828,fhi:git
county,Vestfold og Telemark,2021-02-07,2,1,16082,3749,3.8119663792245198,0.8886371070583721,3,19831,fhi:git
county,Vestfold og Telemark,2021-02-08,17,46,16099,3795,3.81599594199326,0.8995406298443641,63,19894,fhi:git
county,Vestfold og Telemark,2021-02-09,354,208,16453,4003,3.8999056608245897,0.948843515485373,562,20456,fhi:git
county,Vestfold og Telemark,2021-02-10,2886,1396,19339,5399,4.5839831990935895,1.27974172872983,4282,24738,fhi:git
county,Vestfold og Telemark,2021-02-11,1538,876,20877,6275,4.9485401131122,1.48738272787177,2414,27152,fhi:git
county,Vestfold og Telemark,2021-02-12,602,213,21479,6488,5.09123404174627,1.537870779033,815,27967,fhi:git
county,Vestfold og Telemark,2021-02-13,2,2,21481,6490,5.091708107954361,1.5383448452410902,4,27971,fhi:git
county,Vestfold og Telemark,2021-02-14,0,0,21481,6490,5.091708107954361,1.5383448452410902,0,27971,fhi:git
county,Vestfold og Telemark,2021-02-15,4,2,21485,6492,5.09265624037053,1.5388189114491697,6,27977,fhi:git
county,Vestfold og Telemark,2021-02-16,575,76,22060,6568,5.22895027519543,1.5568334273564601,651,28628,fhi:git
county,Vestfold og Telemark,2021-02-17,3015,1525,25075,8093,5.943605083886019,1.91830891102251,4540,33168,fhi:git
county,Vestfold og Telemark,2021-02-18,1809,626,26884,8719,6.37239796910037,2.0666916341536297,2435,35603,fhi:git
county,Vestfold og Telemark,2021-02-19,280,83,27164,8802,6.43876723823249,2.08636538178922,363,35966,fhi:git
county,Vestfold og Telemark,2021-02-20,0,1,27164,8803,6.43876723823249,2.08660241489326,1,35967,fhi:git
county,Vestfold og Telemark,2021-02-21,1,1,27165,8804,6.439004271336531,2.0868394479973102,2,35969,fhi:git
county,Vestfold og Telemark,2021-02-22,51,0,27216,8804,6.45109295964274,2.0868394479973102,51,36020,fhi:git
county,Vestfold og Telemark,2021-02-23,626,381,27842,9185,6.5994756827738605,2.17714906063781,1007,37027,fhi:git
county,Vestfold og Telemark,2021-02-24,662,2853,28504,12038,6.756391597650531,2.85340450647337,3515,40542,fhi:git
county,Vestfold og Telemark,2021-02-25,684,1992,29188,14030,6.918522240816151,3.32557444972765,2676,43218,fhi:git
county,Vestfold og Telemark,2021-02-26,537,845,29725,14875,7.04580901768741,3.5258674226442497,1382,44600,fhi:git
county,Vestfold og Telemark,2021-02-27,3,0,29728,14875,7.04652011699954,3.5258674226442497,3,44603,fhi:git
county,Vestfold og Telemark,2021-02-28,0,0,29728,14875,7.04652011699954,3.5258674226442497,0,44603,fhi:git
county,Vestfold og Telemark,2021-03-01,599,0,30327,14875,7.1885029463214805,3.5258674226442497,599,45202,fhi:git
county,Vestfold og Telemark,2021-03-02,844,352,31171,15227,7.3885588861340405,3.60930307526749,1196,46398,fhi:git
county,Vestfold og Telemark,2021-03-03,1951,2792,33122,18019,7.851010472122541,4.27109950175642,4743,51141,fhi:git
county,Vestfold og Telemark,2021-03-04,980,1428,34102,19447,8.08330291408498,4.60958277433026,2408,53549,fhi:git
county,Vestfold og Telemark,2021-03-05,1430,582,35532,20029,8.42226025286692,4.747536040883469,2012,55561,fhi:git
county,Vestfold og Telemark,2021-03-06,2,0,35534,20029,8.422734319075,4.747536040883469,2,55563,fhi:git
county,Vestfold og Telemark,2021-03-07,0,0,35534,20029,8.422734319075,4.747536040883469,0,55563,fhi:git
county,Vestfold og Telemark,2021-03-08,208,0,35742,20029,8.47203720471601,4.747536040883469,208,55771,fhi:git
county,Vestfold og Telemark,2021-03-09,811,111,36553,20140,8.66427105209514,4.77384671543228,922,56693,fhi:git
county,Agder,2020-12-27,0,0,0,0,0.0,0.0,0,0,fhi:git
county,Agder,2020-12-28,0,0,0,0,0.0,0.0,0,0,fhi:git
county,Agder,2020-12-29,0,0,0,0,0.0,0.0,0,0,fhi:git
county,Agder,2020-12-30,0,0,0,0,0.0,0.0,0,0,fhi:git
county,Agder,2020-12-31,0,0,0,0,0.0,0.0,0,0,fhi:git
county,Agder,2021-01-01,0,0,0,0,0.0,0.0,0,0,fhi:git
county,Agder,2021-01-02,0,0,0,0,0.0,0.0,0,0,fhi:git
county,Agder,2021-01-03,3,0,3,0,0.000976463963597423,0.0,3,3,fhi:git
county,Agder,2021-01-04,0,0,3,0,0.000971367329031255,0.0,0,3,fhi:git
county,Agder,2021-01-05,79,0,82,0,0.026550706993521002,0.0,79,82,fhi:git
county,Agder,2021-01-06,791,0,873,0,0.282667892748095,0.0,791,873,fhi:git
county,Agder,2021-01-07,230,0,1103,0,0.35713938797382505,0.0,230,1103,fhi:git
county,Agder,2021-01-08,49,0,1152,0,0.373005054348002,0.0,49,1152,fhi:git
county,Agder,2021-01-09,0,0,1152,0,0.373005054348002,0.0,0,1152,fhi:git
county,Agder,2021-01-10,0,0,1152,0,0.373005054348002,0.0,0,1152,fhi:git
county,Agder,2021-01-11,1,0,1153,0,0.3733288434576789,0.0,1,1153,fhi:git
county,Agder,2021-01-12,225,0,1378,0,0.446181393135023,0.0,225,1378,fhi:git
county,Agder,2021-01-13,847,0,2225,0,0.720430769031514,0.0,847,2225,fhi:git
county,Agder,2021-01-14,517,0,2742,0,0.887829738734567,0.0,517,2742,fhi:git
county,Agder,2021-01-15,119,0,2861,0,0.9263606427861399,0.0,119,2861,fhi:git
county,Agder,2021-01-16,1,0,2862,0,0.926684431895818,0.0,1,2862,fhi:git
county,Agder,2021-01-17,2,0,2864,0,0.927332010115172,0.0,2,2864,fhi:git
county,Agder,2021-01-18,15,0,2879,0,0.932188846760328,0.0,15,2879,fhi:git
county,Agder,2021-01-19,347,0,3226,0,1.04454366781828,0.0,347,3226,fhi:git
county,Agder,2021-01-20,459,0,3685,0,1.19316286916006,0.0,459,3685,fhi:git
county,Agder,2021-01-21,340,0,4025,0,1.30325116645027,0.0,340,4025,fhi:git
county,Agder,2021-01-22,65,0,4090,0,1.3242974585792802,0.0,65,4090,fhi:git
county,Agder,2021-01-23,1,0,4091,0,1.32462124768896,0.0,1,4091,fhi:git
county,Agder,2021-01-24,0,0,4091,0,1.32462124768896,0.0,0,4091,fhi:git
county,Agder,2021-01-25,1,0,4092,0,1.32494503679863,0.0,1,4092,fhi:git
county,Agder,2021-01-26,63,66,4155,66,1.34534375070829,0.0213700812386876,129,4221,fhi:git
county,Agder,2021-01-27,567,681,4722,747,1.5289321758952001,0.24187046492878303,1248,5469,fhi:git
county,Agder,2021-01-28,950,248,5672,995,1.8365318300884301,0.32217016412870003,1198,6667,fhi:git
county,Agder,2021-01-29,204,61,5876,1056,1.90258480846255,0.341921299819002,265,6932,fhi:git
county,Agder,2021-01-30,32,0,5908,1056,1.9129460599722201,0.341921299819002,32,6964,fhi:git
county,Agder,2021-01-31,23,0,5931,1056,1.9203932094947902,0.341921299819002,23,6987,fhi:git
county,Agder,2021-02-01,0,2,5931,1058,1.9203932094947902,0.342568878038356,2,6989,fhi:git
county,Agder,2021-02-02,203,170,6134,1228,1.98612239875924,0.397613026683461,373,7362,fhi:git
county,Agder,2021-02-03,1331,592,7465,1820,2.4170857037394398,0.5892961796122951,1923,9285,fhi:git
county,Agder,2021-02-04,1707,498,9172,2318,2.9697937139582207,0.7505431562314829,2205,11490,fhi:git
county,Agder,2021-02-05,618,134,9790,2452,3.1698953837386603,0.793930896928213,752,12242,fhi:git
county,Agder,2021-02-06,509,2,10299,2454,3.3347040405643,0.794578475147567,511,12753,fhi:git
county,Agder,2021-02-07,83,2,10382,2456,3.3615785366675,0.795226053366921,85,12838,fhi:git
county,Agder,2021-02-08,13,2,10395,2458,3.3657877950932997,0.795873631586275,15,12853,fhi:git
county,Agder,2021-02-09,188,254,10583,2712,3.42666014771259,0.878116065444255,442,13295,fhi:git
county,Agder,2021-02-10,1152,371,11735,3083,3.7996652020605897,0.998241825134453,1523,14818,fhi:git
county,Agder,2021-02-11,1005,409,12740,3492,4.12507325728607,1.13067157099238,1414,16232,fhi:git
county,Agder,2021-02-12,354,70,13094,3562,4.23969460211175,1.15333680866978,424,16656,fhi:git
county,Agder,2021-02-13,509,2,13603,3564,4.40450325893739,1.15398438688913,511,17167,fhi:git
county,Agder,2021-02-14,0,0,13603,3564,4.40450325893739,1.15398438688913,0,17167,fhi:git
county,Agder,2021-02-15,1,2,13604,3566,4.40482704804707,1.15463196510849,3,17170,fhi:git
county,Agder,2021-02-16,140,113,13744,3679,4.45015752340186,1.1912201345020001,253,17423,fhi:git
county,Agder,2021-02-17,1212,435,14956,4114,4.842589924330491,1.3320683972115301,1647,19070,fhi:git
county,Agder,2021-02-18,1085,821,16041,4935,5.193901108330119,1.59789925625642,1906,20976,fhi:git
county,Agder,2021-02-19,719,342,16760,5277,5.42670547818795,1.70863513176598,1061,22037,fhi:git
county,Agder,2021-02-20,339,36,17099,5313,5.5364699863684805,1.7202915397143501,375,22412,fhi:git
county,Agder,2021-02-21,52,23,17151,5336,5.55330702007169,1.72773868923693,75,22487,fhi:git
county,Agder,2021-02-22,224,0,17375,5336,5.625835780639349,1.72773868923693,224,22711,fhi:git
county,Agder,2021-02-23,294,201,17669,5537,5.721029778884421,1.79282030028202,495,23206,fhi:git
county,Agder,2021-02-24,943,1110,18612,6647,6.026362909309911,2.15222621202359,2053,25259,fhi:git
county,Agder,2021-02-25,715,1559,19327,8206,6.25787212272902,2.6570134340101603,2274,27533,fhi:git
county,Agder,2021-02-26,375,466,19702,8672,6.37929303885793,2.80789915911968,841,28374,fhi:git
county,Agder,2021-02-27,0,1,19702,8673,6.37929303885793,2.80822294822936,1,28375,fhi:git
county,Agder,2021-02-28,8,81,19710,8754,6.3818833517353495,2.8344498661132,89,28464,fhi:git
county,Agder,2021-03-01,259,0,19969,8754,6.465744731141711,2.8344498661132,259,28723,fhi:git
county,Agder,2021-03-02,570,192,20539,8946,6.650304523657651,2.8966173751712,762,29485,fhi:git
county,Agder,2021-03-03,623,876,21162,9822,6.85202513898648,3.1802566352483304,1499,30984,fhi:git
county,Agder,2021-03-04,783,1067,21945,10889,7.1055520118636295,3.5257396152737797,1850,32834,fhi:git
county,Agder,2021-03-05,952,335,22897,11224,7.41379924427622,3.6342089670156,1287,34121,fhi:git
county,Agder,2021-03-06,14,404,22911,11628,7.4183322918117,3.7650197673251498,418,34539,fhi:git
county,Agder,2021-03-07,3,0,22914,11628,7.41930365914073,3.7650197673251498,3,34542,fhi:git
county,Agder,2021-03-08,151,0,23065,11628,7.46819581470197,3.7650197673251498,151,34693,fhi:git
county,Agder,2021-03-09,631,94,23696,11722,7.67250674290821,3.7954559436347903,725,35418,fhi:git
county,Vestland,2020-12-27,0,0,0,0,0.0,0.0,0,0,fhi:git
county,Vestland,2020-12-28,0,0,0,0,0.0,0.0,0,0,fhi:git
county,Vestland,2020-12-29,0,0,0,0,0.0,0.0,0,0,fhi:git
county,Vestland,2020-12-30,0,0,0,0,0.0,0.0,0,0,fhi:git
county,Vestland,2020-12-31,0,0,0,0,0.0,0.0,0,0,fhi:git
county,Vestland,2021-01-01,0,0,0,0,0.0,0.0,0,0,fhi:git
county,Vestland,2021-01-02,0,0,0,0,0.0,0.0,0,0,fhi:git
county,Vestland,2021-01-03,0,0,0,0,0.0,0.0,0,0,fhi:git
county,Vestland,2021-01-04,2,0,2,0,0.000313076746068147,0.0,2,2,fhi:git
county,Vestland,2021-01-05,416,0,418,0,0.0654330399282428,0.0,416,418,fhi:git
county,Vestland,2021-01-06,1254,0,1672,0,0.261732159712971,0.0,1254,1672,fhi:git
county,Vestland,2021-01-07,717,0,2389,0,0.37397017317840203,0.0,717,2389,fhi:git
county,Vestland,2021-01-08,139,0,2528,0,0.3957290070301379,0.0,139,2528,fhi:git
county,Vestland,2021-01-09,0,0,2528,0,0.3957290070301379,0.0,0,2528,fhi:git
county,Vestland,2021-01-10,0,0,2528,0,0.3957290070301379,0.0,0,2528,fhi:git
county,Vestland,2021-01-11,65,0,2593,0,0.40590400127735293,0.0,65,2593,fhi:git
county,Vestland,2021-01-12,855,0,3448,0,0.5397443102214861,0.0,855,3448,fhi:git
county,Vestland,2021-01-13,1125,0,4573,0,0.7158499798848191,0.0,1125,4573,fhi:git
county,Vestland,2021-01-14,997,0,5570,0,0.8719187377997909,0.0,997,5570,fhi:git
county,Vestland,2021-01-15,424,0,5994,0,0.938291007966238,0.0,424,5994,fhi:git
county,Vestland,2021-01-16,2,0,5996,0,0.9386040847123059,0.0,2,5996,fhi:git
county,Vestland,2021-01-17,1,0,5997,0,0.9387606230853399,0.0,1,5997,fhi:git
county,Vestland,2021-01-18,62,0,6059,0,0.948466002213453,0.0,62,6059,fhi:git
county,Vestland,2021-01-19,368,0,6427,0,1.0060721234899899,0.0,368,6427,fhi:git
county,Vestland,2021-01-20,1235,0,7662,0,1.1993970141870702,0.0,1235,7662,fhi:git
county,Vestland,2021-01-21,783,0,8445,0,1.32196656027275,0.0,783,8445,fhi:git
county,Vestland,2021-01-22,313,0,8758,0,1.3709630710324199,0.0,313,8758,fhi:git
county,Vestland,2021-01-23,0,0,8758,0,1.3709630710324199,0.0,0,8758,fhi:git
county,Vestland,2021-01-24,0,0,8758,0,1.3709630710324199,0.0,0,8758,fhi:git
county,Vestland,2021-01-25,2,0,8760,0,1.3712761477784898,0.0,2,8760,fhi:git
county,Vestland,2021-01-26,152,174,8912,174,1.3950699804796698,0.0272376769079288,326,9086,fhi:git
county,Vestland,2021-01-27,1590,1208,10502,1382,1.6439659936038402,0.21633603153309,2798,11884,fhi:git
county,Vestland,2021-01-28,1940,683,12442,2065,1.94765043728995,0.32325174031536197,2623,14507,fhi:git
county,Vestland,2021-01-29,481,176,12923,2241,2.02294539471933,0.35080249396935903,657,15164,fhi:git
county,Vestland,2021-01-30,1,0,12924,2241,2.02310193309237,0.35080249396935903,1,15165,fhi:git
county,Vestland,2021-01-31,1,0,12925,2241,2.0232584714654,0.35080249396935903,1,15166,fhi:git
county,Vestland,2021-02-01,13,59,12938,2300,2.02529347031485,0.36003825797836997,72,15238,fhi:git
county,Vestland,2021-02-02,722,581,13660,2881,2.13831417564545,0.450987052711166,1303,16541,fhi:git
county,Vestland,2021-02-03,2828,1039,16488,3920,2.58100469458581,0.613630422293569,3867,20408,fhi:git
county,Vestland,2021-02-04,2586,1098,19074,5018,2.9858129272519203,0.7855095558849821,3684,24092,fhi:git
county,Vestland,2021-02-05,911,486,19985,5504,3.12841938508596,0.861587205179542,1397,25489,fhi:git
county,Vestland,2021-02-06,0,2,19985,5506,3.12841938508596,0.86190028192561,2,25491,fhi:git
county,Vestland,2021-02-07,2,1,19987,5507,3.12873246183203,0.862056820298644,3,25494,fhi:git
county,Vestland,2021-02-08,8,49,19995,5556,3.1299847688163,0.869727200577314,57,25551,fhi:git
county,Vestland,2021-02-09,888,305,20883,5861,3.26899084407056,0.9174714043527059,1193,26744,fhi:git
county,Vestland,2021-02-10,2751,970,23634,6831,3.6996279082873,1.06931362619576,3721,30465,fhi:git
county,Vestland,2021-02-11,2695,834,26329,7665,4.12149882361413,1.19986662930618,3529,33994,fhi:git
county,Vestland,2021-02-12,617,457,26946,8122,4.21808299977615,1.27140466578275,1074,35068,fhi:git
county,Vestland,2021-02-13,0,0,26946,8122,4.21808299977615,1.27140466578275,0,35068,fhi:git
county,Vestland,2021-02-14,0,2,26946,8124,4.21808299977615,1.27171774252881,2,35070,fhi:git
county,Vestland,2021-02-15,94,1,27040,8125,4.23279760684135,1.2718742809018502,95,35165,fhi:git
county,Vestland,2021-02-16,1061,56,28101,8181,4.39888482063051,1.28064042979176,1117,36282,fhi:git
county,Vestland,2021-02-17,2675,1325,30776,9506,4.81762496849665,1.4880537740618998,4000,40282,fhi:git
county,Vestland,2021-02-18,1974,1975,32750,11481,5.12663171686591,1.7972170608042,3949,44231,fhi:git
county,Vestland,2021-02-19,1132,539,33882,12020,5.303833155140491,1.88159124386957,1671,45902,fhi:git
county,Vestland,2021-02-20,1,3,33883,12023,5.30398969351352,1.8820608589886698,4,45906,fhi:git
county,Vestland,2021-02-21,0,1,33883,12024,5.30398969351352,1.8822173973617,1,45907,fhi:git
county,Vestland,2021-02-22,48,2,33931,12026,5.31150353541916,1.88253047410777,50,45957,fhi:git
county,Vestland,2021-02-23,509,590,34440,12616,5.3911815672935,1.9748881141978702,1099,47056,fhi:git
county,Vestland,2021-02-24,1311,2382,35751,14998,5.596403374341169,2.34776251876504,3693,50749,fhi:git
county,Vestland,2021-02-25,1235,2639,36986,17637,5.789728265038249,2.76086728520196,3874,54623,fhi:git
county,Vestland,2021-02-26,1380,872,38366,18509,6.005751219825269,2.89736874648767,2252,56875,fhi:git
county,Vestland,2021-02-27,1,0,38367,18509,6.00590775819831,2.89736874648767,1,56876,fhi:git
county,Vestland,2021-02-28,0,7,38367,18516,6.00590775819831,2.8984645150989103,7,56883,fhi:git
county,Vestland,2021-03-01,437,11,38804,18527,6.0743150272142,2.9001864372022794,448,57331,fhi:git
county,Vestland,2021-03-02,1328,753,40132,19280,6.2821979866034505,3.01805983209694,2081,59412,fhi:git
county,Vestland,2021-03-03,1732,2028,41864,21308,6.55332244869846,3.3355196526100404,3760,63172,fhi:git
county,Vestland,2021-03-04,1769,2813,43633,24121,6.83023883059574,3.7758620959548903,4582,67754,fhi:git
county,Vestland,2021-03-05,1234,887,44867,25008,7.023407182919789,3.91471163283612,2121,69875,fhi:git
county,Vestland,2021-03-06,1,6,44868,25014,7.02356372129282,3.91565086307432,7,69882,fhi:git
county,Vestland,2021-03-07,2,0,44870,25014,7.023876798038889,3.91565086307432,2,69884,fhi:git
county,Vestland,2021-03-08,513,14,45383,25028,7.104180983405371,3.9178424002967995,527,70411,fhi:git
county,Vestland,2021-03-09,1427,505,46810,25533,7.3275612417249905,3.996894278679,1932,72343,fhi:git
county,Trøndelag,2020-12-27,0,0,0,0,0.0,0.0,0,0,fhi:git
county,Trøndelag,2020-12-28,0,0,0,0,0.0,0.0,0,0,fhi:git
county,Trøndelag,2020-12-29,0,0,0,0,0.0,0.0,0,0,fhi:git
county,Trøndelag,2020-12-30,0,0,0,0,0.0,0.0,0,0,fhi:git
county,Trøndelag,2020-12-31,0,0,0,0,0.0,0.0,0,0,fhi:git
county,Trøndelag,2021-01-01,0,0,0,0,0.0,0.0,0,0,fhi:git
county,Trøndelag,2021-01-02,0,0,0,0,0.0,0.0,0,0,fhi:git
county,Trøndelag,2021-01-03,0,0,0,0,0.0,0.0,0,0,fhi:git
county,Trøndelag,2021-01-04,3,0,3,0,0.000636775031626493,0.0,3,3,fhi:git
county,Trøndelag,2021-01-05,407,0,410,0,0.0870259209889541,0.0,407,410,fhi:git
county,Trøndelag,2021-01-06,674,0,1084,0,0.23008804476104003,0.0,674,1084,fhi:git
county,Trøndelag,2021-01-07,484,0,1568,0,0.332821083196781,0.0,484,1568,fhi:git
county,Trøndelag,2021-01-08,141,0,1709,0,0.36274950968322606,0.0,141,1709,fhi:git
county,Trøndelag,2021-01-09,0,0,1709,0,0.36274950968322606,0.0,0,1709,fhi:git
county,Trøndelag,2021-01-10,0,0,1709,0,0.36274950968322606,0.0,0,1709,fhi:git
county,Trøndelag,2021-01-11,95,0,1804,0,0.38291405235139797,0.0,95,1804,fhi:git
county,Trøndelag,2021-01-12,500,0,2304,0,0.48904322428914704,0.0,500,2304,fhi:git
county,Trøndelag,2021-01-13,859,0,3163,0,0.6713731416781991,0.0,859,3163,fhi:git
county,Trøndelag,2021-01-14,670,0,3833,0,0.813586232074783,0.0,670,3833,fhi:git
county,Trøndelag,2021-01-15,253,0,4086,0,0.867287593075284,0.0,253,4086,fhi:git
county,Trøndelag,2021-01-16,0,0,4086,0,0.867287593075284,0.0,0,4086,fhi:git
county,Trøndelag,2021-01-17,0,0,4086,0,0.867287593075284,0.0,0,4086,fhi:git
county,Trøndelag,2021-01-18,152,0,4238,0,0.899550861344359,0.0,152,4238,fhi:git
county,Trøndelag,2021-01-19,568,0,4806,0,1.0201136006656402,0.0,568,4806,fhi:git
county,Trøndelag,2021-01-20,734,0,5540,0,1.17591122507026,0.0,734,5540,fhi:git
county,Trøndelag,2021-01-21,524,0,6064,0,1.28713459726102,0.0,524,6064,fhi:git
county,Trøndelag,2021-01-22,284,0,6348,0,1.34741596692166,0.0,284,6348,fhi:git
county,Trøndelag,2021-01-23,1,0,6349,0,1.3476282252655403,0.0,1,6349,fhi:git
county,Trøndelag,2021-01-24,0,0,6349,0,1.3476282252655403,0.0,0,6349,fhi:git
county,Trøndelag,2021-01-25,1,0,6350,0,1.34784048360941,0.0,1,6350,fhi:git
county,Trøndelag,2021-01-26,313,184,6663,184,1.4142773452424398,0.0390555352730916,497,6847,fhi:git
county,Trøndelag,2021-01-27,993,590,7656,774,1.62504988071081,0.164287958159635,1583,8430,fhi:git
county,Trøndelag,2021-01-28,727,481,8383,1255,1.7793616967083001,0.26638422156374997,1208,9638,fhi:git
county,Trøndelag,2021-01-29,419,229,8802,1484,1.8682979427921298,0.314991382311239,648,10286,fhi:git
county,Trøndelag,2021-01-30,1,0,8803,1484,1.86851020113601,0.314991382311239,1,10287,fhi:git
county,Trøndelag,2021-01-31,1,1,8804,1485,1.8687224594798797,0.315203640655114,2,10289,fhi:git
county,Trøndelag,2021-02-01,14,86,8818,1571,1.8716940762941399,0.33345785822840696,100,10389,fhi:git
county,Trøndelag,2021-02-02,833,392,9651,1963,2.04850527674243,0.41666312902760205,1225,11614,fhi:git
county,Trøndelag,2021-02-03,2125,808,11776,2771,2.4995542574778598,0.588167870879004,2933,14547,fhi:git
county,Trøndelag,2021-02-04,2128,597,13904,3368,2.9512400132449197,0.7148861021726759,2725,17272,fhi:git
county,Trøndelag,2021-02-05,1293,320,15197,3688,3.22569005187594,0.782808772212836,1613,18885,fhi:git
county,Trøndelag,2021-02-06,7,0,15204,3688,3.2271758602830696,0.782808772212836,7,18892,fhi:git
county,Trøndelag,2021-02-07,1,0,15205,3688,3.2273881186269398,0.782808772212836,1,18893,fhi:git
county,Trøndelag,2021-02-08,3,150,15208,3838,3.2280248936585703,0.8146475237941609,153,19046,fhi:git
county,Trøndelag,2021-02-09,836,523,16044,4361,3.40547286913849,0.925658637641046,1359,20405,fhi:git
county,Trøndelag,2021-02-10,2224,625,18268,4986,3.8775354259175896,1.05832010256323,2849,23254,fhi:git
county,Trøndelag,2021-02-11,2342,579,20610,5565,4.37464446727401,1.1812176836671497,2921,26175,fhi:git
county,Trøndelag,2021-02-12,891,345,21501,5910,4.56376665166708,1.2544468123041899,1236,27411,fhi:git
county,Trøndelag,2021-02-13,1,0,21502,5910,4.56397891001095,1.2544468123041899,1,27412,fhi:git
county,Trøndelag,2021-02-14,0,0,21502,5910,4.56397891001095,1.2544468123041899,0,27412,fhi:git
county,Trøndelag,2021-02-15,0,2,21502,5912,4.56397891001095,1.25487132899194,2,27414,fhi:git
county,Trøndelag,2021-02-16,338,210,21840,6122,4.63572223024087,1.2994455812058001,548,27962,fhi:git
county,Trøndelag,2021-02-17,2221,903,24061,7025,5.1071480119883494,1.49111486572537,3124,31086,fhi:git
county,Trøndelag,2021-02-18,2087,751,26148,7776,5.550131175656519,1.65052088197587,2838,33924,fhi:git
county,Trøndelag,2021-02-19,1258,409,27406,8185,5.817152172251889,1.7373345446209498,1667,35591,fhi:git
county,Trøndelag,2021-02-20,0,1,27406,8186,5.817152172251889,1.73754680296482,1,35592,fhi:git
county,Trøndelag,2021-02-21,0,3,27406,8189,5.817152172251889,1.73818357799645,3,35595,fhi:git
county,Trøndelag,2021-02-22,18,2,27424,8191,5.820972822441651,1.7386080946842,20,35615,fhi:git
county,Trøndelag,2021-02-23,334,672,27758,8863,5.89186710929607,1.8812457017685402,1006,36621,fhi:git
county,Trøndelag,2021-02-24,969,2045,28727,10908,6.09754544451142,2.31531401499393,3014,39635,fhi:git
county,Trøndelag,2021-02-25,463,1958,29190,12866,6.19582105772578,2.73091585230215,2421,42056,fhi:git
county,Trøndelag,2021-02-26,610,1145,29800,14011,6.32529864748983,2.9739516560396004,1755,43811,fhi:git
county,Trøndelag,2021-02-27,4,1,29804,14012,6.32614768086534,2.9741639143834706,5,43816,fhi:git
county,Trøndelag,2021-02-28,1,0,29805,14012,6.32635993920921,2.9741639143834706,1,43817,fhi:git
county,Trøndelag,2021-03-01,510,0,30315,14012,6.434611694585709,2.9741639143834706,510,44327,fhi:git
county,Trøndelag,2021-03-02,815,780,31130,14792,6.60760224484424,3.1397254226063596,1595,45922,fhi:git
county,Trøndelag,2021-03-03,1979,2073,33109,16865,7.027661507373849,3.57973696946027,4052,49974,fhi:git
county,Trøndelag,2021-03-04,1862,2254,34971,19119,7.422886543670031,4.05816727655564,4116,54090,fhi:git
county,Trøndelag,2021-03-05,994,951,35965,20070,7.63387133748228,4.26002496158124,1945,56035,fhi:git
county,Trøndelag,2021-03-06,0,0,35965,20070,7.63387133748228,4.26002496158124,0,56035,fhi:git
county,Trøndelag,2021-03-07,1,0,35966,20070,7.634083595826151,4.26002496158124,1,56036,fhi:git
county,Trøndelag,2021-03-08,431,0,36397,20070,7.72556694203649,4.26002496158124,431,56467,fhi:git
county,Trøndelag,2021-03-09,1106,296,37503,20366,7.960324670362789,4.32285343136839,1402,57869,fhi:git
county,Troms og Finnmark,2020-12-27,0,0,0,0,0.0,0.0,0,0,fhi:git
county,Troms og Finnmark,2020-12-28,1,0,1,0,0.00041099662571770297,0.0,1,1,fhi:git
county,Troms og Finnmark,2020-12-29,0,0,1,0,0.00041099662571770297,0.0,0,1,fhi:git
county,Troms og Finnmark,2020-12-30,0,0,1,0,0.00041099662571770297,0.0,0,1,fhi:git
county,Troms og Finnmark,2020-12-31,0,0,1,0,0.00041099662571770297,0.0,0,1,fhi:git
county,Troms og Finnmark,2021-01-01,0,0,1,0,0.00041099662571770297,0.0,0,1,fhi:git
county,Troms og Finnmark,2021-01-02,0,0,1,0,0.00041099662571770297,0.0,0,1,fhi:git
county,Troms og Finnmark,2021-01-03,0,0,1,0,0.00041099662571770297,0.0,0,1,fhi:git
county,Troms og Finnmark,2021-01-04,0,0,1,0,0.00041293647385286204,0.0,0,1,fhi:git
county,Troms og Finnmark,2021-01-05,53,0,54,0,0.0222985695880546,0.0,53,54,fhi:git
county,Troms og Finnmark,2021-01-06,530,0,584,0,0.241154900730072,0.0,530,584,fhi:git
county,Troms og Finnmark,2021-01-07,187,0,771,0,0.318374021340557,0.0,187,771,fhi:git
county,Troms og Finnmark,2021-01-08,247,0,1018,0,0.42036933038221397,0.0,247,1018,fhi:git
county,Troms og Finnmark,2021-01-09,0,0,1018,0,0.42036933038221397,0.0,0,1018,fhi:git
county,Troms og Finnmark,2021-01-10,0,0,1018,0,0.42036933038221397,0.0,0,1018,fhi:git
county,Troms og Finnmark,2021-01-11,1,0,1019,0,0.420782266856067,0.0,1,1019,fhi:git
county,Troms og Finnmark,2021-01-12,188,0,1207,0,0.498414323940405,0.0,188,1207,fhi:git
county,Troms og Finnmark,2021-01-13,568,0,1775,0,0.732962241088831,0.0,568,1775,fhi:git
county,Troms og Finnmark,2021-01-14,330,0,2105,0,0.8692312774602758,0.0,330,2105,fhi:git
county,Troms og Finnmark,2021-01-15,37,0,2142,0,0.8845099269928319,0.0,37,2142,fhi:git
county,Troms og Finnmark,2021-01-16,2,0,2144,0,0.8853357999405369,0.0,2,2144,fhi:git
county,Troms og Finnmark,2021-01-17,1,0,2145,0,0.88574873641439,0.0,1,2145,fhi:git
county,Troms og Finnmark,2021-01-18,0,1,2145,1,0.88574873641439,0.00041293647385286204,1,2146,fhi:git
county,Troms og Finnmark,2021-01-19,248,0,2393,1,0.9881569819299001,0.00041293647385286204,248,2394,fhi:git
county,Troms og Finnmark,2021-01-20,914,0,3307,1,1.36558091903142,0.00041293647385286204,914,3308,fhi:git
county,Troms og Finnmark,2021-01-21,248,0,3555,1,1.4679891645469298,0.00041293647385286204,248,3556,fhi:git
county,Troms og Finnmark,2021-01-22,81,0,3636,1,1.50143701892901,0.00041293647385286204,81,3637,fhi:git
county,Troms og Finnmark,2021-01-23,12,0,3648,1,1.50639225661524,0.00041293647385286204,12,3649,fhi:git
county,Troms og Finnmark,2021-01-24,0,0,3648,1,1.50639225661524,0.00041293647385286204,0,3649,fhi:git
county,Troms og Finnmark,2021-01-25,6,0,3654,1,1.50886987545836,0.00041293647385286204,6,3655,fhi:git
county,Troms og Finnmark,2021-01-26,84,0,3738,1,1.543556539262,0.00041293647385286204,84,3739,fhi:git
county,Troms og Finnmark,2021-01-27,667,357,4405,358,1.8189851673218602,0.14783125763932503,1024,4763,fhi:git
county,Troms og Finnmark,2021-01-28,235,275,4640,633,1.91602523867728,0.261388787948862,510,5273,fhi:git
county,Troms og Finnmark,2021-01-29,103,243,4743,876,1.9585576954841297,0.36173235109510793,346,5619,fhi:git
county,Troms og Finnmark,2021-01-30,0,0,4743,876,1.9585576954841297,0.36173235109510793,0,5619,fhi:git
county,Troms og Finnmark,2021-01-31,0,0,4743,876,1.9585576954841297,0.36173235109510793,0,5619,fhi:git
county,Troms og Finnmark,2021-02-01,0,2,4743,878,1.9585576954841297,0.36255822404281296,2,5621,fhi:git
county,Troms og Finnmark,2021-02-02,121,21,4864,899,2.00852300882032,0.371229889993723,142,5763,fhi:git
county,Troms og Finnmark,2021-02-03,1159,562,6023,1461,2.48711638201579,0.603300188299032,1721,7484,fhi:git
county,Troms og Finnmark,2021-02-04,1149,379,7172,1840,2.96158039047273,0.7598031118892671,1528,9012,fhi:git
county,Troms og Finnmark,2021-02-05,286,140,7458,1980,3.07968022199465,0.817614218228668,426,9438,fhi:git
county,Troms og Finnmark,2021-02-06,1,1,7459,1981,3.0800931584685,0.818027154702521,2,9440,fhi:git
county,Troms og Finnmark,2021-02-07,0,1,7459,1982,3.0800931584685,0.818440091176374,1,9441,fhi:git
county,Troms og Finnmark,2021-02-08,0,0,7459,1982,3.0800931584685,0.818440091176374,0,9441,fhi:git
county,Troms og Finnmark,2021-02-09,72,26,7531,2008,3.1098245845859105,0.8291764394965481,98,9539,fhi:git
county,Troms og Finnmark,2021-02-10,1407,803,8938,2811,3.69082620329688,1.1607644280004,2210,11749,fhi:git
county,Troms og Finnmark,2021-02-11,996,466,9934,3277,4.10211093125434,1.35319282481583,1462,13211,fhi:git
county,Troms og Finnmark,2021-02-12,294,113,10228,3390,4.22351425456708,1.3998546463611998,407,13618,fhi:git
county,Troms og Finnmark,2021-02-13,5,2,10233,3392,4.22557893693634,1.4006805193089098,7,13625,fhi:git
county,Troms og Finnmark,2021-02-14,0,0,10233,3392,4.22557893693634,1.4006805193089098,0,13625,fhi:git
county,Troms og Finnmark,2021-02-15,0,6,10233,3398,4.22557893693634,1.4031581381520302,6,13631,fhi:git
county,Troms og Finnmark,2021-02-16,131,52,10364,3450,4.2796736150110695,1.4246308347923797,183,13814,fhi:git
county,Troms og Finnmark,2021-02-17,959,581,11323,4031,4.67567969343596,1.66454692610089,1540,15354,fhi:git
county,Troms og Finnmark,2021-02-18,1284,262,12607,4293,5.20589012586304,1.77273628225034,1546,16900,fhi:git
county,Troms og Finnmark,2021-02-19,234,132,12841,4425,5.302517260744611,1.82724389679892,366,17266,fhi:git
county,Troms og Finnmark,2021-02-20,0,0,12841,4425,5.302517260744611,1.82724389679892,0,17266,fhi:git
county,Troms og Finnmark,2021-02-21,0,0,12841,4425,5.302517260744611,1.82724389679892,0,17266,fhi:git
county,Troms og Finnmark,2021-02-22,107,0,12948,4425,5.34670146344686,1.82724389679892,107,17373,fhi:git
county,Troms og Finnmark,2021-02-23,79,78,13027,4503,5.37932344488124,1.85945294175944,157,17530,fhi:git
county,Troms og Finnmark,2021-02-24,409,987,13436,5490,5.54821446268706,2.26702124145222,1396,18926,fhi:git
county,Troms og Finnmark,2021-02-25,567,1053,14003,6543,5.78234944336163,2.70184334841928,1620,20546,fhi:git
county,Troms og Finnmark,2021-02-26,155,403,14158,6946,5.846354596808831,2.86825674738198,558,21104,fhi:git
county,Troms og Finnmark,2021-02-27,0,0,14158,6946,5.846354596808831,2.86825674738198,0,21104,fhi:git
county,Troms og Finnmark,2021-02-28,3,0,14161,6946,5.8475934062303905,2.86825674738198,3,21107,fhi:git
county,Troms og Finnmark,2021-03-01,322,0,14483,6946,5.98055895081101,2.86825674738198,322,21429,fhi:git
county,Troms og Finnmark,2021-03-02,541,72,15024,7018,6.203957583165409,2.8979881734993898,613,22042,fhi:git
county,Troms og Finnmark,2021-03-03,430,1178,15454,8196,6.3815202669221405,3.38442733969806,1608,23650,fhi:git
county,Troms og Finnmark,2021-03-04,684,889,16138,9085,6.663968815037499,3.75152786495326,1573,25223,fhi:git
county,Troms og Finnmark,2021-03-05,544,370,16682,9455,6.88860625681345,3.90431436027881,914,26137,fhi:git
county,Troms og Finnmark,2021-03-06,0,1,16682,9456,6.88860625681345,3.90472729675267,1,26138,fhi:git
county,Troms og Finnmark,2021-03-07,0,0,16682,9456,6.88860625681345,3.90472729675267,0,26138,fhi:git
county,Troms og Finnmark,2021-03-08,396,0,17078,9456,7.05212910045919,3.90472729675267,396,26534,fhi:git
county,Troms og Finnmark,2021-03-09,582,32,17660,9488,7.29245812824155,3.91794126391596,614,27148,fhi:git
nation,Norge,2020-12-27,5,0,5,0,9.31518486915891e-05,0.0,5,5,fhi:git
nation,Norge,2020-12-28,603,0,608,0,0.0113272648008972,0.0,603,608,fhi:git
nation,Norge,2020-12-29,1067,0,1675,0,0.0312058693116824,0.0,1067,1675,fhi:git
nation,Norge,2020-12-30,424,0,2099,0,0.0391051460807291,0.0,424,2099,fhi:git
nation,Norge,2020-12-31,72,0,2171,0,0.040446532701888,0.0,72,2171,fhi:git
nation,Norge,2021-01-01,6,0,2177,0,0.0405583149203179,0.0,6,2177,fhi:git
nation,Norge,2021-01-02,0,0,2177,0,0.0405583149203179,0.0,0,2177,fhi:git
nation,Norge,2021-01-03,3,0,2180,0,0.0406142060295329,0.0,3,2180,fhi:git
nation,Norge,2021-01-04,6,0,2186,0,0.040546287965079,0.0,6,2186,fhi:git
nation,Norge,2021-01-05,3385,0,5571,0,0.10333182536754598,0.0,3385,5571,fhi:git
nation,Norge,2021-01-06,9063,0,14634,0,0.271433841757075,0.0,9063,14634,fhi:git
nation,Norge,2021-01-07,6552,0,21186,0,0.39296141666430195,0.0,6552,21186,fhi:git
nation,Norge,2021-01-08,1615,0,22801,0,0.422916702603736,0.0,1615,22801,fhi:git
nation,Norge,2021-01-09,135,0,22936,0,0.425420704833967,0.0,135,22936,fhi:git
nation,Norge,2021-01-10,107,0,23043,0,0.42740535845348404,0.0,107,23043,fhi:git
nation,Norge,2021-01-11,351,0,23394,0,0.433915764252085,0.0,351,23394,fhi:git
nation,Norge,2021-01-12,4254,0,27648,0,0.512819656751374,0.0,4254,27648,fhi:git
nation,Norge,2021-01-13,9773,0,37421,0,0.6940908700554539,0.0,9773,37421,fhi:git
nation,Norge,2021-01-14,8471,0,45892,0,0.8512123729613019,0.0,8471,45892,fhi:git
nation,Norge,2021-01-15,4471,0,50363,0,0.934141217193629,0.0,4471,50363,fhi:git
nation,Norge,2021-01-16,745,0,51108,0,0.947959599871573,0.0,745,51108,fhi:git
nation,Norge,2021-01-17,345,5,51453,5,0.9543587166821641,9.27408233419007e-05,350,51458,fhi:git
nation,Norge,2021-01-18,1283,283,52736,288,0.9781560119516949,0.00534187142449348,1566,53024,fhi:git
nation,Norge,2021-01-19,4583,771,57319,1059,1.0631622506268799,0.0196425063838146,5354,58378,fhi:git
nation,Norge,2021-01-20,10045,693,67364,1752,1.24947856472076,0.032496384499002,10738,69116,fhi:git
nation,Norge,2021-01-21,8424,168,75788,1920,1.40572830388719,0.0356124761632899,8592,77708,fhi:git
nation,Norge,2021-01-22,3311,7,79099,1927,1.4671412771041998,0.0357423133159685,3318,81026,fhi:git
nation,Norge,2021-01-23,357,0,79456,1927,1.47376297189081,0.0357423133159685,357,81383,fhi:git
nation,Norge,2021-01-24,67,0,79523,1927,1.4750056989235902,0.0357423133159685,67,81450,fhi:git
nation,Norge,2021-01-25,578,0,80101,1927,1.4857265381019198,0.0357423133159685,578,82028,fhi:git
nation,Norge,2021-01-26,2274,2141,82375,4068,1.52790506455781,0.0754539338709704,4415,86443,fhi:git
nation,Norge,2021-01-27,11384,7525,93759,11593,1.73905737114265,0.215028873000531,18909,105352,fhi:git
nation,Norge,2021-01-28,10877,6554,104636,18147,1.94080575824063,0.336593544237094,17431,122783,fhi:git
nation,Norge,2021-01-29,3803,2105,108439,20252,2.01134442847447,0.37563743086403495,5908,128691,fhi:git
nation,Norge,2021-01-30,140,172,108579,20424,2.01394117152805,0.37882771518699604,312,129003,fhi:git
nation,Norge,2021-01-31,95,50,108674,20474,2.01570324717154,0.379755123420415,145,129148,fhi:git
nation,Norge,2021-02-01,195,300,108869,20774,2.01932013928188,0.385319572820929,495,129643,fhi:git
nation,Norge,2021-02-02,6347,3138,115216,23912,2.13704534043209,0.44352371355030606,9485,139128,fhi:git
nation,Norge,2021-02-03,25083,8306,140299,32218,2.6022889548090697,0.597584769285872,33389,172517,fhi:git
nation,Norge,2021-02-04,25936,8627,166235,40845,3.0833541536481697,0.757599785879987,34563,207080,fhi:git
nation,Norge,2021-02-05,10618,4828,176853,45673,3.28029856609703,0.847150324898927,15446,222526,fhi:git
nation,Norge,2021-02-06,804,735,177657,46408,3.2952112904904105,0.860783225930186,1539,224065,fhi:git
nation,Norge,2021-02-07,320,295,177977,46703,3.30114670318429,0.8662549345073579,615,224680,fhi:git
nation,Norge,2021-02-08,119,923,178096,47626,3.30335393477983,0.8833748904962729,1042,225722,fhi:git
nation,Norge,2021-02-09,5535,3234,183631,50860,3.4060180262193103,0.943359655033814,8769,234491,fhi:git
nation,Norge,2021-02-10,22942,8592,206573,59452,3.83155002004129,1.1027254858645401,31534,266025,fhi:git
nation,Norge,2021-02-11,20903,8533,227476,67985,4.21926230610444,1.26099697497982,29436,295461,fhi:git
nation,Norge,2021-02-12,8028,3596,235504,71581,4.3681669720622,1.3276961751273202,11624,307085,fhi:git
nation,Norge,2021-02-13,890,304,236394,71885,4.38467483861706,1.33333481718651,1194,308279,fhi:git
nation,Norge,2021-02-14,110,2,236504,71887,4.38671513673058,1.33337191351584,112,308391,fhi:git
nation,Norge,2021-02-15,802,750,237306,72637,4.40159076479462,1.34728303701713,1552,309943,fhi:git
nation,Norge,2021-02-16,5933,2168,243239,74805,4.511637025772121,1.3874954580181798,8101,318044,fhi:git
nation,Norge,2021-02-17,21655,10151,264894,84956,4.91329753166589,1.5757778775669,31806,349850,fhi:git
nation,Norge,2021-02-18,18669,10771,283563,95727,5.25957321785988,1.77556015921003,29440,379290,fhi:git
nation,Norge,2021-02-19,10700,4788,294263,100515,5.45803857981155,1.86436877164223,15488,394778,fhi:git
nation,Norge,2021-02-20,479,164,294742,100679,5.4669231506877,1.8674106706478402,643,395421,fhi:git
nation,Norge,2021-02-21,58,96,294800,100775,5.467998944238469,1.8691912944560098,154,395575,fhi:git
nation,Norge,2021-02-22,2564,140,297364,100915,5.515556438448191,1.87178803750958,2704,398279,fhi:git
nation,Norge,2021-02-23,5704,5195,303068,106110,5.62135516971663,1.96814575296182,10899,409178,fhi:git
nation,Norge,2021-02-24,10670,22190,313738,128300,5.81926408672825,2.37972952695317,32860,442038,fhi:git
nation,Norge,2021-02-25,10767,24972,324505,153272,6.0189721757127,2.8429142950519597,35739,477777,fhi:git
nation,Norge,2021-02-26,7851,9897,332356,163169,6.1645938165241505,3.02648548077492,17748,495525,fhi:git
nation,Norge,2021-02-27,440,193,332796,163362,6.172755008978241,3.0300652765559195,633,496158,fhi:git
nation,Norge,2021-02-28,536,158,333332,163520,6.18269682524049,3.0329958865735205,694,496852,fhi:git
nation,Norge,2021-03-01,5675,60,339007,163580,6.287957659733549,3.0341087764536203,5735,502587,fhi:git
nation,Norge,2021-03-02,10159,3795,349166,167375,6.47638846459962,3.1044990613701295,13954,516541,fhi:git
nation,Norge,2021-03-03,17038,17701,366204,185076,6.792412094219481,3.43282012416512,34739,551280,fhi:git
nation,Norge,2021-03-04,15311,18227,381515,203303,7.07640304345705,3.77089752157569,33538,584818,fhi:git
nation,Norge,2021-03-05,11123,6319,392638,209622,7.28271427906345,3.8881033741151803,17442,602260,fhi:git
nation,Norge,2021-03-06,288,474,392926,210096,7.28805615048794,3.896895204168,762,603022,fhi:git
nation,Norge,2021-03-07,91,0,393017,210096,7.2897440334727595,3.896895204168,91,603113,fhi:git
nation,Norge,2021-03-08,4406,46,397423,210142,7.37146724700164,3.8977484197427406,4452,607565,fhi:git
nation,Norge,2021-03-09,11171,3972,408594,214114,7.5786687945121205,3.97142172980555,15143,622708,fhi:git
