granularity_geo,location_name,date,new_dose_1,new_dose_2,total_dose_1,total_dose_2,total_pr100_dose_1,total_pr100_dose_2,new_doses,total_doses,source
county,Oslo,2020-12-27,5,0,5,0,0.00072098677133472,0.0,5,5,fhi:git
county,Oslo,2020-12-28,264,0,269,0,0.0387890882978079,0.0,264,269,fhi:git
county,Oslo,2020-12-29,118,0,387,0,0.0558043761013073,0.0,118,387,fhi:git
county,Oslo,2020-12-30,58,0,445,0,0.06416782264879001,0.0,58,445,fhi:git
county,Oslo,2020-12-31,5,0,450,0,0.0648888094201248,0.0,5,450,fhi:git
county,Oslo,2021-01-01,6,0,456,0,0.0657539935457264,0.0,6,456,fhi:git
county,Oslo,2021-01-02,0,0,456,0,0.0657539935457264,0.0,0,456,fhi:git
county,Oslo,2021-01-03,0,0,456,0,0.0657539935457264,0.0,0,456,fhi:git
county,Oslo,2021-01-04,0,0,456,0,0.06542230384069099,0.0,0,456,fhi:git
county,Oslo,2021-01-05,480,0,936,0,0.13428788683089202,0.0,480,936,fhi:git
county,Oslo,2021-01-06,604,0,1540,0,0.220943745426895,0.0,604,1540,fhi:git
county,Oslo,2021-01-07,967,0,2507,0,0.359679201159237,0.0,967,2507,fhi:git
county,Oslo,2021-01-08,450,0,2957,0,0.42424068521255104,0.0,450,2957,fhi:git
county,Oslo,2021-01-09,127,0,3084,0,0.44246137071204106,0.0,127,3084,fhi:git
county,Oslo,2021-01-10,100,0,3184,0,0.45680836716833295,0.0,100,3184,fhi:git
county,Oslo,2021-01-11,77,0,3261,0,0.46785555443967797,0.0,77,3261,fhi:git
county,Oslo,2021-01-12,241,0,3502,0,0.502431815899342,0.0,241,3502,fhi:git
county,Oslo,2021-01-13,489,0,3991,0,0.572588628570609,0.0,489,3991,fhi:git
county,Oslo,2021-01-14,1237,0,5228,0,0.750060974734939,0.0,1237,5228,fhi:git
county,Oslo,2021-01-15,1637,0,6865,0,0.984921306724437,0.0,1637,6865,fhi:git
county,Oslo,2021-01-16,645,0,7510,0,1.07745943386752,0.0,645,7510,fhi:git
county,Oslo,2021-01-17,276,5,7786,5,1.11705714408689,0.0007173498228145941,281,7791,fhi:git
county,Oslo,2021-01-18,761,231,8547,236,1.22623778711927,0.0338589116368488,992,8783,fhi:git
county,Oslo,2021-01-19,810,70,9357,306,1.3424484584152299,0.0439018091562531,880,9663,fhi:git
county,Oslo,2021-01-20,990,99,10347,405,1.48448372333252,0.0581053356479821,1089,10752,fhi:git
county,Oslo,2021-01-21,1020,21,11367,426,1.6308230871866998,0.0611182049038034,1041,11793,fhi:git
county,Oslo,2021-01-22,668,6,12035,432,1.72666102351473,0.0619790246911809,674,12467,fhi:git
county,Oslo,2021-01-23,233,0,12268,432,1.7600895252578899,0.0619790246911809,233,12700,fhi:git
county,Oslo,2021-01-24,67,0,12335,432,1.7697020128836,0.0619790246911809,67,12767,fhi:git
county,Oslo,2021-01-25,258,0,12593,432,1.80671726374084,0.0619790246911809,258,13025,fhi:git
county,Oslo,2021-01-26,312,405,12905,837,1.8514798926844702,0.120084360339163,717,13742,fhi:git
county,Oslo,2021-01-27,1035,528,13940,1365,1.9999713060070903,0.19583650162838395,1563,15305,fhi:git
county,Oslo,2021-01-28,869,843,14809,2208,2.12464670521226,0.316781681754925,1712,17017,fhi:git
county,Oslo,2021-01-29,424,503,15233,2711,2.18547797018694,0.388947073930073,927,17944,fhi:git
county,Oslo,2021-01-30,94,152,15327,2863,2.19896414685586,0.410754508543636,246,18190,fhi:git
county,Oslo,2021-01-31,61,45,15388,2908,2.20771581469419,0.417210656948968,106,18296,fhi:git
county,Oslo,2021-02-01,53,47,15441,2955,2.2153197228160297,0.423953745283425,100,18396,fhi:git
county,Oslo,2021-02-02,1524,151,16965,3106,2.43396794880992,0.445617709932426,1675,20071,fhi:git
county,Oslo,2021-02-03,2456,456,19421,3562,2.7863301817764503,0.511040013773117,2912,22983,fhi:git
county,Oslo,2021-02-04,2050,1233,21471,4795,3.0804436091304304,0.6879384800791949,3283,26266,fhi:git
county,Oslo,2021-02-05,1382,1568,22853,6363,3.27871910015638,0.912899384513852,2950,29216,fhi:git
county,Oslo,2021-02-06,243,632,23096,6995,3.31358230154517,1.00357240211762,875,30091,fhi:git
county,Oslo,2021-02-07,215,270,23311,7265,3.3444283439262,1.0423092925496,485,30576,fhi:git
county,Oslo,2021-02-08,46,443,23357,7708,3.35102796229609,1.10586648685098,489,31065,fhi:git
county,Oslo,2021-02-09,1165,244,24522,7952,3.51817047101189,1.14087315820433,1409,32474,fhi:git
county,Oslo,2021-02-10,1831,811,26353,8763,3.7808639761266,1.2572272994648601,2642,35116,fhi:git
county,Oslo,2021-02-11,1585,744,27938,9507,4.00826386995882,1.36396895309967,2329,37445,fhi:git
county,Oslo,2021-02-12,1358,424,29296,9931,4.20309608183527,1.42480021807435,1782,39227,fhi:git
county,Oslo,2021-02-13,273,194,29569,10125,4.24226338216095,1.45263339119955,467,39694,fhi:git
county,Oslo,2021-02-14,103,0,29672,10125,4.25704078851093,1.45263339119955,103,39797,fhi:git
county,Oslo,2021-02-15,261,444,29933,10569,4.29448644926185,1.5163340554654898,705,40502,fhi:git
county,Oslo,2021-02-16,723,771,30656,11340,4.39821523364084,1.6269493981435001,1494,41996,fhi:git
county,Oslo,2021-02-17,1461,1082,32117,12422,4.607824851867259,1.7821838998005801,2543,44539,fhi:git
county,Oslo,2021-02-18,1072,917,33189,13339,4.76162465387871,1.91374585730477,1989,46528,fhi:git
county,Oslo,2021-02-19,1495,968,34684,14307,4.97611225090027,2.05262478300168,2463,48991,fhi:git
county,Oslo,2021-02-20,100,114,34784,14421,4.99045924735657,2.0689803589618503,214,49205,fhi:git
county,Oslo,2021-02-21,4,61,34788,14482,4.991033127214821,2.0777320268001898,65,49270,fhi:git
county,Oslo,2021-02-22,603,112,35391,14594,5.07754551584626,2.09380066283124,715,49985,fhi:git
county,Oslo,2021-02-23,336,1528,35727,16122,5.1257514239394,2.3130227686833797,1864,51849,fhi:git
county,Oslo,2021-02-24,687,2340,36414,18462,5.22431528959412,2.64874248576061,3027,54876,fhi:git
county,Oslo,2021-02-25,597,1953,37011,20415,5.30996685843819,2.9289393265519905,2550,57426,fhi:git
county,Oslo,2021-02-26,765,1370,37776,21785,5.41972138132882,3.12549317800319,2135,59561,fhi:git
county,Oslo,2021-02-27,258,101,38034,21886,5.4567366321860495,3.1399836444240403,359,59920,fhi:git
county,Oslo,2021-02-28,101,62,38135,21948,5.471227098606911,3.14887878222694,163,60083,fhi:git
county,Oslo,2021-03-01,1037,38,39172,21986,5.620005451858651,3.15433064088033,1075,61158,fhi:git
county,Oslo,2021-03-02,767,135,39939,22121,5.73004691467841,3.17369908609633,902,62060,fhi:git
county,Oslo,2021-03-03,1357,166,41296,22287,5.92473565659029,3.1975151002137703,1523,63583,fhi:git
county,Oslo,2021-03-04,1175,204,42471,22491,6.09331286495172,3.22678297298461,1379,64962,fhi:git
county,Oslo,2021-03-05,1288,67,43759,22558,6.27810217930876,3.23639546061032,1355,66317,fhi:git
county,Oslo,2021-03-06,97,3,43856,22561,6.292018765871361,3.23682587050401,100,66417,fhi:git
county,Oslo,2021-03-07,68,0,43924,22561,6.30177472346164,3.23682587050401,68,66485,fhi:git
county,Oslo,2021-03-08,649,10,44573,22571,6.39488673046298,3.23826057014964,659,67144,fhi:git
county,Oslo,2021-03-09,776,1329,45349,23900,6.506219422963799,3.42893215305376,2105,69249,fhi:git
county,Oslo,2021-03-10,1183,2392,46532,26292,6.67594439104174,3.7721123082882597,3575,72824,fhi:git
county,Oslo,2021-03-11,856,2372,47388,28664,6.79875468070759,4.1124230642315,3228,76052,fhi:git
county,Oslo,2021-03-12,276,1637,47664,30301,6.83835239092696,4.347283396221,1913,77965,fhi:git
county,Oslo,2021-03-13,17,265,47681,30566,6.84079138032453,4.38530293683017,282,78247,fhi:git
county,Oslo,2021-03-14,1,97,47682,30663,6.84093485028909,4.39921952339278,98,78345,fhi:git
county,Oslo,2021-03-15,28,354,47710,31017,6.84495200929685,4.45000789084805,382,78727,fhi:git
county,Oslo,2021-03-16,938,105,48648,31122,6.97952683605687,4.465072237127161,1043,79770,fhi:git
county,Rogaland,2020-12-27,0,0,0,0,0.0,0.0,0,0,fhi:git
county,Rogaland,2020-12-28,1,0,1,0,0.00020838021888258202,0.0,1,1,fhi:git
county,Rogaland,2020-12-29,0,0,1,0,0.00020838021888258202,0.0,0,1,fhi:git
county,Rogaland,2020-12-30,0,0,1,0,0.00020838021888258202,0.0,0,1,fhi:git
county,Rogaland,2020-12-31,0,0,1,0,0.00020838021888258202,0.0,0,1,fhi:git
county,Rogaland,2021-01-01,0,0,1,0,0.00020838021888258202,0.0,0,1,fhi:git
county,Rogaland,2021-01-02,0,0,1,0,0.00020838021888258202,0.0,0,1,fhi:git
county,Rogaland,2021-01-03,0,0,1,0,0.00020838021888258202,0.0,0,1,fhi:git
county,Rogaland,2021-01-04,0,0,1,0,0.00020719162117084,0.0,0,1,fhi:git
county,Rogaland,2021-01-05,548,0,549,0,0.11374820002279101,0.0,548,549,fhi:git
county,Rogaland,2021-01-06,641,0,1190,0,0.24655802919329897,0.0,641,1190,fhi:git
county,Rogaland,2021-01-07,212,0,1402,0,0.290482652881517,0.0,212,1402,fhi:git
county,Rogaland,2021-01-08,20,0,1422,0,0.29462648530493396,0.0,20,1422,fhi:git
county,Rogaland,2021-01-09,1,0,1423,0,0.29483367692610496,0.0,1,1423,fhi:git
county,Rogaland,2021-01-10,0,0,1423,0,0.29483367692610496,0.0,0,1423,fhi:git
county,Rogaland,2021-01-11,1,0,1424,0,0.295040868547276,0.0,1,1424,fhi:git
county,Rogaland,2021-01-12,117,0,1541,0,0.31928228822426397,0.0,117,1541,fhi:git
county,Rogaland,2021-01-13,761,0,2302,0,0.47695511193527296,0.0,761,2302,fhi:git
county,Rogaland,2021-01-14,535,0,2837,0,0.5878026292616729,0.0,535,2837,fhi:git
county,Rogaland,2021-01-15,291,0,3128,0,0.6480953910223871,0.0,291,3128,fhi:git
county,Rogaland,2021-01-16,0,0,3128,0,0.6480953910223871,0.0,0,3128,fhi:git
county,Rogaland,2021-01-17,1,0,3129,0,0.648302582643558,0.0,1,3129,fhi:git
county,Rogaland,2021-01-18,71,0,3200,0,0.6630131877466879,0.0,71,3200,fhi:git
county,Rogaland,2021-01-19,512,0,3712,0,0.769095297786158,0.0,512,3712,fhi:git
county,Rogaland,2021-01-20,655,0,4367,0,0.904805809653058,0.0,655,4367,fhi:git
county,Rogaland,2021-01-21,428,0,4795,0,0.9934838235141771,0.0,428,4795,fhi:git
county,Rogaland,2021-01-22,272,0,5067,0,1.04983994447265,0.0,272,5067,fhi:git
county,Rogaland,2021-01-23,0,0,5067,0,1.04983994447265,0.0,0,5067,fhi:git
county,Rogaland,2021-01-24,0,0,5067,0,1.04983994447265,0.0,0,5067,fhi:git
county,Rogaland,2021-01-25,150,0,5217,0,1.08091868764827,0.0,150,5217,fhi:git
county,Rogaland,2021-01-26,338,381,5555,381,1.15094945560402,0.07894000766609,719,5936,fhi:git
county,Rogaland,2021-01-27,865,603,6420,984,1.33017020791679,0.203876555232106,1468,7404,fhi:git
county,Rogaland,2021-01-28,524,283,6944,1267,1.4387386174103098,0.262511784023454,807,8211,fhi:git
county,Rogaland,2021-01-29,410,22,7354,1289,1.5236871820903601,0.267069999689213,432,8643,fhi:git
county,Rogaland,2021-01-30,3,1,7357,1290,1.52430875695387,0.267277191310383,4,8647,fhi:git
county,Rogaland,2021-01-31,0,0,7357,1290,1.52430875695387,0.267277191310383,0,8647,fhi:git
county,Rogaland,2021-02-01,13,5,7370,1295,1.5270022480290901,0.268313149416238,18,8665,fhi:git
county,Rogaland,2021-02-02,449,76,7819,1371,1.6200312859347998,0.284059712625221,525,9190,fhi:git
county,Rogaland,2021-02-03,2431,635,10250,2006,2.1237141170011102,0.41562639206870505,3066,12256,fhi:git
county,Rogaland,2021-02-04,1887,550,12137,2556,2.51468470615048,0.5295817837126671,2437,14693,fhi:git
county,Rogaland,2021-02-05,657,281,12794,2837,2.6508096012597298,0.5878026292616729,938,15631,fhi:git
county,Rogaland,2021-02-06,0,0,12794,2837,2.6508096012597298,0.5878026292616729,0,15631,fhi:git
county,Rogaland,2021-02-07,0,0,12794,2837,2.6508096012597298,0.5878026292616729,0,15631,fhi:git
county,Rogaland,2021-02-08,7,71,12801,2908,2.65225994260792,0.602513234364802,78,15709,fhi:git
county,Rogaland,2021-02-09,587,394,13388,3302,2.7738814242352,0.684146733106113,981,16690,fhi:git
county,Rogaland,2021-02-10,1923,682,15311,3984,3.17231091174673,0.825451418744626,2605,19295,fhi:git
county,Rogaland,2021-02-11,1182,494,16493,4478,3.4172114079706604,0.927804079603021,1676,20971,fhi:git
county,Rogaland,2021-02-12,482,268,16975,4746,3.5170777693750095,0.9833314340768059,750,21721,fhi:git
county,Rogaland,2021-02-13,1,0,16976,4746,3.51728496099618,0.9833314340768059,1,21722,fhi:git
county,Rogaland,2021-02-14,0,0,16976,4746,3.51728496099618,0.9833314340768059,0,21722,fhi:git
county,Rogaland,2021-02-15,0,147,16976,4893,3.51728496099618,1.01378860238892,147,21869,fhi:git
county,Rogaland,2021-02-16,478,314,17454,5207,3.61632255591584,1.07884677143656,792,22661,fhi:git
county,Rogaland,2021-02-17,1486,783,18940,5990,3.92420930497571,1.24107781081333,2269,24930,fhi:git
county,Rogaland,2021-02-18,1101,472,20041,6462,4.152327279884799,1.33887225600597,1573,26503,fhi:git
county,Rogaland,2021-02-19,441,411,20482,6873,4.24369878482114,1.4240280123071798,852,27355,fhi:git
county,Rogaland,2021-02-20,1,1,20483,6874,4.24390597644231,1.4242352039283501,2,27357,fhi:git
county,Rogaland,2021-02-21,0,0,20483,6874,4.24390597644231,1.4242352039283501,0,27357,fhi:git
county,Rogaland,2021-02-22,251,13,20734,6887,4.29591107335619,1.42692869500357,264,27621,fhi:git
county,Rogaland,2021-02-23,379,405,21113,7292,4.37443669777994,1.51084130157776,784,28405,fhi:git
county,Rogaland,2021-02-24,676,2168,21789,9460,4.514498233691429,1.96003273627615,2844,31249,fhi:git
county,Rogaland,2021-02-25,1159,1809,22948,11269,4.75463332262843,2.33484237897419,2968,34217,fhi:git
county,Rogaland,2021-02-26,998,674,23946,11943,4.96141056055693,2.47448953164334,1672,35889,fhi:git
county,Rogaland,2021-02-27,1,1,23947,11944,4.9616177521781,2.47469672326451,2,35891,fhi:git
county,Rogaland,2021-02-28,4,0,23951,11944,4.96244651866279,2.47469672326451,4,35895,fhi:git
county,Rogaland,2021-03-01,647,2,24598,11946,5.096499497560321,2.47511110650685,649,36544,fhi:git
county,Rogaland,2021-03-02,790,545,25388,12491,5.26018087828528,2.58803054004496,1335,37879,fhi:git
county,Rogaland,2021-03-03,1132,1460,26520,13951,5.49472179345067,2.8905303069543904,2592,40471,fhi:git
county,Rogaland,2021-03-04,1054,1476,27574,15427,5.71310176216474,3.19634513980255,2530,43001,fhi:git
county,Rogaland,2021-03-05,574,424,28148,15851,5.8320297527168,3.2841943871789803,998,43999,fhi:git
county,Rogaland,2021-03-06,1,1,28149,15852,5.83223694433797,3.28440157880015,2,44001,fhi:git
county,Rogaland,2021-03-07,0,0,28149,15852,5.83223694433797,3.28440157880015,0,44001,fhi:git
county,Rogaland,2021-03-08,538,0,28687,15852,5.94370603652788,3.28440157880015,538,44539,fhi:git
county,Rogaland,2021-03-09,1368,452,30055,16304,6.22714417428959,3.37805219156937,1820,46359,fhi:git
county,Rogaland,2021-03-10,2047,1053,32102,17357,6.6512654228263,3.5962249686622703,3100,49459,fhi:git
county,Rogaland,2021-03-11,1257,1024,33359,18381,6.91170529063805,3.8083891887412102,2281,51740,fhi:git
county,Rogaland,2021-03-12,114,546,33473,18927,6.935325135451519,3.9215158139004904,660,52400,fhi:git
county,Rogaland,2021-03-13,0,0,33473,18927,6.935325135451519,3.9215158139004904,0,52400,fhi:git
county,Rogaland,2021-03-14,0,0,33473,18927,6.935325135451519,3.9215158139004904,0,52400,fhi:git
county,Rogaland,2021-03-15,0,1,33473,18928,6.935325135451519,3.9217230055216605,1,52401,fhi:git
county,Rogaland,2021-03-16,366,63,33839,18991,7.01115726880005,3.9347760776554197,429,52830,fhi:git
county,Møre og Romsdal,2020-12-27,0,0,0,0,0.0,0.0,0,0,fhi:git
county,Møre og Romsdal,2020-12-28,0,0,0,0,0.0,0.0,0,0,fhi:git
county,Møre og Romsdal,2020-12-29,0,0,0,0,0.0,0.0,0,0,fhi:git
county,Møre og Romsdal,2020-12-30,0,0,0,0,0.0,0.0,0,0,fhi:git
county,Møre og Romsdal,2020-12-31,0,0,0,0,0.0,0.0,0,0,fhi:git
county,Møre og Romsdal,2021-01-01,0,0,0,0,0.0,0.0,0,0,fhi:git
county,Møre og Romsdal,2021-01-02,0,0,0,0,0.0,0.0,0,0,fhi:git
county,Møre og Romsdal,2021-01-03,0,0,0,0,0.0,0.0,0,0,fhi:git
county,Møre og Romsdal,2021-01-04,0,0,0,0,0.0,0.0,0,0,fhi:git
county,Møre og Romsdal,2021-01-05,186,0,186,0,0.0700448889826168,0.0,186,186,fhi:git
county,Møre og Romsdal,2021-01-06,497,0,683,0,0.257207845027566,0.0,497,683,fhi:git
county,Møre og Romsdal,2021-01-07,457,0,1140,0,0.4293073840870061,0.0,457,1140,fhi:git
county,Møre og Romsdal,2021-01-08,36,0,1176,0,0.442864459373964,0.0,36,1176,fhi:git
county,Møre og Romsdal,2021-01-09,1,0,1177,0,0.443241044798602,0.0,1,1177,fhi:git
county,Møre og Romsdal,2021-01-10,0,0,1177,0,0.443241044798602,0.0,0,1177,fhi:git
county,Møre og Romsdal,2021-01-11,1,0,1178,0,0.44361763022323997,0.0,1,1178,fhi:git
county,Møre og Romsdal,2021-01-12,225,0,1403,0,0.528349350766728,0.0,225,1403,fhi:git
county,Møre og Romsdal,2021-01-13,387,0,1790,0,0.674087910101528,0.0,387,1790,fhi:git
county,Møre og Romsdal,2021-01-14,410,0,2200,0,0.828487934202995,0.0,410,2200,fhi:git
county,Møre og Romsdal,2021-01-15,151,0,2351,0,0.885352333323291,0.0,151,2351,fhi:git
county,Møre og Romsdal,2021-01-16,1,0,2352,0,0.885728918747929,0.0,1,2352,fhi:git
county,Møre og Romsdal,2021-01-17,1,0,2353,0,0.886105504172566,0.0,1,2353,fhi:git
county,Møre og Romsdal,2021-01-18,11,0,2364,0,0.890247943843582,0.0,11,2364,fhi:git
county,Møre og Romsdal,2021-01-19,203,0,2567,0,0.966694785045039,0.0,203,2567,fhi:git
county,Møre og Romsdal,2021-01-20,500,0,3067,0,1.1549874973639,0.0,500,3067,fhi:git
county,Møre og Romsdal,2021-01-21,801,0,3868,0,1.45663242249872,0.0,801,3868,fhi:git
county,Møre og Romsdal,2021-01-22,212,0,4080,0,1.5364685325219198,0.0,212,4080,fhi:git
county,Møre og Romsdal,2021-01-23,0,0,4080,0,1.5364685325219198,0.0,0,4080,fhi:git
county,Møre og Romsdal,2021-01-24,0,0,4080,0,1.5364685325219198,0.0,0,4080,fhi:git
county,Møre og Romsdal,2021-01-25,3,0,4083,0,1.53759828879583,0.0,3,4083,fhi:git
county,Møre og Romsdal,2021-01-26,78,129,4161,129,1.56697195191757,0.0485795197782665,207,4290,fhi:git
county,Møre og Romsdal,2021-01-27,543,359,4704,488,1.77145783749586,0.18377368722321,902,5192,fhi:git
county,Møre og Romsdal,2021-01-28,493,509,5197,997,1.95711445184226,0.37545566836381206,1002,6194,fhi:git
county,Møre og Romsdal,2021-01-29,99,78,5296,1075,1.9943964088813897,0.404829331485554,177,6371,fhi:git
county,Møre og Romsdal,2021-01-30,0,1,5296,1076,1.9943964088813897,0.405205916910192,1,6372,fhi:git
county,Møre og Romsdal,2021-01-31,0,0,5296,1076,1.9943964088813897,0.405205916910192,0,6372,fhi:git
county,Møre og Romsdal,2021-02-01,0,0,5296,1076,1.9943964088813897,0.405205916910192,0,6372,fhi:git
county,Møre og Romsdal,2021-02-02,291,193,5587,1269,2.10398276745097,0.47788690386527294,484,6856,fhi:git
county,Møre og Romsdal,2021-02-03,1063,312,6650,1581,2.5042930738408704,0.5953815563522429,1375,8231,fhi:git
county,Møre og Romsdal,2021-02-04,1544,463,8194,2044,3.08574096948152,0.7697406079595099,2007,10238,fhi:git
county,Møre og Romsdal,2021-02-05,219,155,8413,2199,3.1682131774771802,0.828111348778357,374,10612,fhi:git
county,Møre og Romsdal,2021-02-06,1,2,8414,2201,3.16858976290182,0.8288645196276321,3,10615,fhi:git
county,Møre og Romsdal,2021-02-07,0,1,8414,2202,3.16858976290182,0.82924110505227,1,10616,fhi:git
county,Møre og Romsdal,2021-02-08,1,2,8415,2204,3.16896634832645,0.8299942759015458,3,10619,fhi:git
county,Møre og Romsdal,2021-02-09,326,183,8741,2387,3.2917331967583503,0.898909408610249,509,11128,fhi:git
county,Møre og Romsdal,2021-02-10,1256,435,9997,2822,3.7647244901033394,1.06272406832766,1691,12819,fhi:git
county,Møre og Romsdal,2021-02-11,1252,805,11249,3627,4.23620944174977,1.36587533516103,2057,14876,fhi:git
county,Møre og Romsdal,2021-02-12,296,207,11545,3834,4.3476787274425295,1.44382851806104,503,15379,fhi:git
county,Møre og Romsdal,2021-02-13,24,0,11569,3834,4.35671677763384,1.44382851806104,24,15403,fhi:git
county,Møre og Romsdal,2021-02-14,0,0,11569,3834,4.35671677763384,1.44382851806104,0,15403,fhi:git
county,Møre og Romsdal,2021-02-15,1,8,11570,3842,4.35709336305848,1.44684120145814,9,15412,fhi:git
county,Møre og Romsdal,2021-02-16,354,58,11924,3900,4.490404603380231,1.46868315608713,412,15824,fhi:git
county,Møre og Romsdal,2021-02-17,1196,423,13120,4323,4.94080077124695,1.6279787907088799,1619,17443,fhi:git
county,Møre og Romsdal,2021-02-18,1165,520,14285,4843,5.3795227909499,1.8238032115204998,1685,19128,fhi:git
county,Møre og Romsdal,2021-02-19,499,92,14784,4935,5.56743891784412,1.85844907058717,591,19719,fhi:git
county,Møre og Romsdal,2021-02-20,11,0,14795,4935,5.571581357515139,1.85844907058717,11,19730,fhi:git
county,Møre og Romsdal,2021-02-21,0,0,14795,4935,5.571581357515139,1.85844907058717,0,19730,fhi:git
county,Møre og Romsdal,2021-02-22,15,0,14810,4935,5.57723013888471,1.85844907058717,15,19745,fhi:git
county,Møre og Romsdal,2021-02-23,390,223,15200,5158,5.72409845449342,1.9424276202813797,613,20358,fhi:git
county,Møre og Romsdal,2021-02-24,724,874,15924,6032,5.99674630193113,2.27156328141476,1598,21956,fhi:git
county,Møre og Romsdal,2021-02-25,702,1459,16626,7491,6.261109270026809,2.8210014159612,2161,24117,fhi:git
county,Møre og Romsdal,2021-02-26,260,202,16886,7693,6.35902148043262,2.8970716717380203,462,24579,fhi:git
county,Møre og Romsdal,2021-02-27,2,1,16888,7694,6.3597746512819,2.8974482571626496,3,24582,fhi:git
county,Møre og Romsdal,2021-02-28,0,0,16888,7694,6.3597746512819,2.8974482571626496,0,24582,fhi:git
county,Møre og Romsdal,2021-03-01,101,1,16989,7695,6.397809779170309,2.8978248425872897,102,24684,fhi:git
county,Møre og Romsdal,2021-03-02,743,251,17732,7946,6.67761274967614,2.99234778417136,994,25678,fhi:git
county,Møre og Romsdal,2021-03-03,868,1103,18600,9049,7.0044888982616795,3.40772150754677,1971,27649,fhi:git
county,Møre og Romsdal,2021-03-04,987,1293,19587,10342,7.3761787123791205,3.89464646160335,2280,29929,fhi:git
county,Møre og Romsdal,2021-03-05,814,271,20401,10613,7.6827192480342195,3.99670111168017,1085,31014,fhi:git
county,Møre og Romsdal,2021-03-06,3,6,20404,10619,7.683849004308139,3.9989606242280002,9,31023,fhi:git
county,Møre og Romsdal,2021-03-07,0,0,20404,10619,7.683849004308139,3.9989606242280002,0,31023,fhi:git
county,Møre og Romsdal,2021-03-08,157,0,20561,10619,7.74297291597626,3.9989606242280002,157,31180,fhi:git
county,Møre og Romsdal,2021-03-09,666,238,21227,10857,7.99377880878499,4.088587955291779,904,32084,fhi:git
county,Møre og Romsdal,2021-03-10,1282,934,22509,11791,8.47656132317055,4.44031874190341,2216,34300,fhi:git
county,Møre og Romsdal,2021-03-11,533,960,23042,12751,8.67728135450246,4.80184074955563,1493,35793,fhi:git
county,Møre og Romsdal,2021-03-12,59,247,23101,12998,8.69949989455608,4.894857349441151,306,36099,fhi:git
county,Møre og Romsdal,2021-03-13,0,16,23101,13014,8.69949989455608,4.900882716235349,16,36115,fhi:git
county,Møre og Romsdal,2021-03-14,0,0,23101,13014,8.69949989455608,4.900882716235349,0,36115,fhi:git
county,Møre og Romsdal,2021-03-15,0,0,23101,13014,8.69949989455608,4.900882716235349,0,36115,fhi:git
county,Møre og Romsdal,2021-03-16,152,5,23253,13019,8.75674087910102,4.90276564335854,157,36272,fhi:git
county,Nordland,2020-12-27,0,0,0,0,0.0,0.0,0,0,fhi:git
county,Nordland,2020-12-28,0,0,0,0,0.0,0.0,0,0,fhi:git
county,Nordland,2020-12-29,0,0,0,0,0.0,0.0,0,0,fhi:git
county,Nordland,2020-12-30,1,0,1,0,0.00041453354612722,0.0,1,1,fhi:git
county,Nordland,2020-12-31,0,0,1,0,0.00041453354612722,0.0,0,1,fhi:git
county,Nordland,2021-01-01,0,0,1,0,0.00041453354612722,0.0,0,1,fhi:git
county,Nordland,2021-01-02,0,0,1,0,0.00041453354612722,0.0,0,1,fhi:git
county,Nordland,2021-01-03,0,0,1,0,0.00041453354612722,0.0,0,1,fhi:git
county,Nordland,2021-01-04,0,0,1,0,0.000416068568100023,0.0,0,1,fhi:git
county,Nordland,2021-01-05,200,0,201,0,0.0836297821881046,0.0,200,201,fhi:git
county,Nordland,2021-01-06,686,0,887,0,0.36905281990471994,0.0,686,887,fhi:git
county,Nordland,2021-01-07,238,0,1125,0,0.468077139112526,0.0,238,1125,fhi:git
county,Nordland,2021-01-08,114,0,1239,0,0.5155089558759279,0.0,114,1239,fhi:git
county,Nordland,2021-01-09,0,0,1239,0,0.5155089558759279,0.0,0,1239,fhi:git
county,Nordland,2021-01-10,0,0,1239,0,0.5155089558759279,0.0,0,1239,fhi:git
county,Nordland,2021-01-11,0,0,1239,0,0.5155089558759279,0.0,0,1239,fhi:git
county,Nordland,2021-01-12,292,0,1531,0,0.6370009777611351,0.0,292,1531,fhi:git
county,Nordland,2021-01-13,626,0,2157,0,0.8974599013917491,0.0,626,2157,fhi:git
county,Nordland,2021-01-14,272,0,2429,0,1.01063055191496,0.0,272,2429,fhi:git
county,Nordland,2021-01-15,69,0,2498,0,1.0393392831138601,0.0,69,2498,fhi:git
county,Nordland,2021-01-16,0,0,2498,0,1.0393392831138601,0.0,0,2498,fhi:git
county,Nordland,2021-01-17,1,0,2499,0,1.03975535168196,0.0,1,2499,fhi:git
county,Nordland,2021-01-18,0,0,2499,0,1.03975535168196,0.0,0,2499,fhi:git
county,Nordland,2021-01-19,313,0,2812,0,1.1699848134972601,0.0,313,2812,fhi:git
county,Nordland,2021-01-20,786,0,3598,0,1.4970147080238798,0.0,786,3598,fhi:git
county,Nordland,2021-01-21,616,0,4214,0,1.7533129459735,0.0,616,4214,fhi:git
county,Nordland,2021-01-22,173,0,4387,0,1.8252928082548001,0.0,173,4387,fhi:git
county,Nordland,2021-01-23,4,0,4391,0,1.8269570825272,0.0,4,4391,fhi:git
county,Nordland,2021-01-24,0,0,4391,0,1.8269570825272,0.0,0,4391,fhi:git
county,Nordland,2021-01-25,51,0,4442,0,1.8481765795003,0.0,51,4442,fhi:git
county,Nordland,2021-01-26,119,90,4561,90,1.8976887391042,0.0374461711290021,209,4651,fhi:git
county,Nordland,2021-01-27,626,528,5187,618,2.15814766273482,0.257130375085814,1154,5805,fhi:git
county,Nordland,2021-01-28,471,365,5658,983,2.3541159583099303,0.40899540244232296,836,6641,fhi:git
county,Nordland,2021-01-29,211,144,5869,1127,2.4419064261790298,0.468909276248726,355,6996,fhi:git
county,Nordland,2021-01-30,1,0,5870,1127,2.44232249474713,0.468909276248726,1,6997,fhi:git
county,Nordland,2021-01-31,0,0,5870,1127,2.44232249474713,0.468909276248726,0,6997,fhi:git
county,Nordland,2021-02-01,9,4,5879,1131,2.44606711186003,0.47057355052112604,13,7010,fhi:git
county,Nordland,2021-02-02,110,200,5989,1331,2.4918346543510403,0.553787264141131,310,7320,fhi:git
county,Nordland,2021-02-03,1417,456,7406,1787,3.08140381534877,0.743514531194741,1873,9193,fhi:git
county,Nordland,2021-02-04,1670,346,9076,2133,3.7762383240758104,0.8874742557573492,2016,11209,fhi:git
county,Nordland,2021-02-05,329,155,9405,2288,3.9131248829807204,0.951964883812852,484,11693,fhi:git
county,Nordland,2021-02-06,0,0,9405,2288,3.9131248829807204,0.951964883812852,0,11693,fhi:git
county,Nordland,2021-02-07,1,0,9406,2288,3.9135409515488195,0.951964883812852,1,11694,fhi:git
county,Nordland,2021-02-08,6,1,9412,2289,3.91603736295742,0.9523809523809521,7,11701,fhi:git
county,Nordland,2021-02-09,70,262,9482,2551,3.94516216272442,1.06139091722316,332,12033,fhi:git
county,Nordland,2021-02-10,2013,633,11495,3184,4.78270819030976,1.32476232083047,2646,14679,fhi:git
county,Nordland,2021-02-11,1221,583,12716,3767,5.290727911959889,1.56733029603279,1804,16483,fhi:git
county,Nordland,2021-02-12,287,238,13003,4005,5.410139591004599,1.66635461524059,525,17008,fhi:git
county,Nordland,2021-02-13,53,3,13056,4008,5.432191225113901,1.6676028209448899,56,17064,fhi:git
county,Nordland,2021-02-14,0,0,13056,4008,5.432191225113901,1.6676028209448899,0,17064,fhi:git
county,Nordland,2021-02-15,0,1,13056,4009,5.432191225113901,1.6680188895129902,1,17065,fhi:git
county,Nordland,2021-02-16,223,71,13279,4080,5.524974515800201,1.6975597578480903,294,17359,fhi:git
county,Nordland,2021-02-17,1485,515,14764,4595,6.142836339428741,1.91183507041961,2000,19359,fhi:git
county,Nordland,2021-02-18,848,607,15612,5202,6.49566248517756,2.1643886912563204,1455,20814,fhi:git
county,Nordland,2021-02-19,306,230,15918,5432,6.622979467016161,2.26008446191932,536,21350,fhi:git
county,Nordland,2021-02-20,1,1,15919,5433,6.62339553558426,2.26050053048742,2,21352,fhi:git
county,Nordland,2021-02-21,0,0,15919,5433,6.62339553558426,2.26050053048742,0,21352,fhi:git
county,Nordland,2021-02-22,268,0,16187,5433,6.734901911835071,2.26050053048742,268,21620,fhi:git
county,Nordland,2021-02-23,306,56,16493,5489,6.862218893673679,2.2838003703010297,362,21982,fhi:git
county,Nordland,2021-02-24,971,976,17464,6465,7.2662214732988,2.6898832927666496,1947,23929,fhi:git
county,Nordland,2021-02-25,589,1849,18053,8314,7.51128585990971,3.45919407518359,2438,26367,fhi:git
county,Nordland,2021-02-26,423,397,18476,8711,7.68728286421602,3.6243732967192996,820,27187,fhi:git
county,Nordland,2021-02-27,1,4,18477,8715,7.687698932784119,3.6260375709917003,5,27192,fhi:git
county,Nordland,2021-02-28,0,1,18477,8716,7.687698932784119,3.6264536395598,1,27193,fhi:git
county,Nordland,2021-03-01,239,0,18716,8716,7.78713932056003,3.6264536395598,239,27432,fhi:git
county,Nordland,2021-03-02,515,50,19231,8766,8.00141463313154,3.6472570679648,565,27997,fhi:git
county,Nordland,2021-03-03,637,1565,19868,10331,8.26645031101126,4.29840437704134,2202,30199,fhi:git
county,Nordland,2021-03-04,718,1355,20586,11686,8.56518754290707,4.86217728681687,2073,32272,fhi:git
county,Nordland,2021-03-05,440,323,21026,12009,8.74825771287108,4.99656743431318,763,33035,fhi:git
county,Nordland,2021-03-06,13,51,21039,12060,8.753666604256379,5.01778693128628,64,33099,fhi:git
county,Nordland,2021-03-07,0,0,21039,12060,8.753666604256379,5.01778693128628,0,33099,fhi:git
county,Nordland,2021-03-08,360,0,21399,12060,8.903451288772391,5.01778693128628,360,33459,fhi:git
county,Nordland,2021-03-09,650,51,22049,12111,9.173895858037401,5.03900642825938,701,34160,fhi:git
county,Nordland,2021-03-10,1175,1169,23224,13280,9.662776425554929,5.525390584368299,2344,36504,fhi:git
county,Nordland,2021-03-11,726,986,23950,14266,9.964842205995552,5.93563419251493,1712,38216,fhi:git
county,Nordland,2021-03-12,68,252,24018,14518,9.99313486862635,6.04048347167613,320,38536,fhi:git
county,Nordland,2021-03-13,0,2,24018,14520,9.99313486862635,6.041315608812329,2,38538,fhi:git
county,Nordland,2021-03-14,0,0,24018,14520,9.99313486862635,6.041315608812329,0,38538,fhi:git
county,Nordland,2021-03-15,0,1,24018,14521,9.99313486862635,6.0417316773804295,1,38539,fhi:git
county,Nordland,2021-03-16,29,2,24047,14523,10.0052008571013,6.0425638145166305,31,38570,fhi:git
county,Viken,2020-12-27,0,0,0,0,0.0,0.0,0,0,fhi:git
county,Viken,2020-12-28,65,0,65,0,0.00523701522360041,0.0,65,65,fhi:git
county,Viken,2020-12-29,689,0,754,0,0.0607493765937647,0.0,689,754,fhi:git
county,Viken,2020-12-30,216,0,970,0,0.0781523810291138,0.0,216,970,fhi:git
county,Viken,2020-12-31,67,0,1037,0,0.0835505351826711,0.0,67,1037,fhi:git
county,Viken,2021-01-01,0,0,1037,0,0.0835505351826711,0.0,0,1037,fhi:git
county,Viken,2021-01-02,0,0,1037,0,0.0835505351826711,0.0,0,1037,fhi:git
county,Viken,2021-01-03,0,0,1037,0,0.0835505351826711,0.0,0,1037,fhi:git
county,Viken,2021-01-04,0,0,1037,0,0.0828020798732657,0.0,0,1037,fhi:git
county,Viken,2021-01-05,525,0,1562,0,0.124722129953752,0.0,525,1562,fhi:git
county,Viken,2021-01-06,1647,0,3209,0,0.25623131563482104,0.0,1647,3209,fhi:git
county,Viken,2021-01-07,1921,0,5130,0,0.409618775072182,0.0,1921,5130,fhi:git
county,Viken,2021-01-08,281,0,5411,0,0.4320559828295471,0.0,281,5411,fhi:git
county,Viken,2021-01-09,6,0,5417,0,0.432535069116182,0.0,6,5417,fhi:git
county,Viken,2021-01-10,5,0,5422,0,0.432934307688377,0.0,5,5422,fhi:git
county,Viken,2021-01-11,57,0,5479,0,0.43748562741140096,0.0,57,5479,fhi:git
county,Viken,2021-01-12,788,0,6267,0,0.50040562638935,0.0,788,6267,fhi:git
county,Viken,2021-01-13,1944,0,8211,0,0.6556295832588089,0.0,1944,8211,fhi:git
county,Viken,2021-01-14,1949,0,10160,0,0.811252778700462,0.0,1949,10160,fhi:git
county,Viken,2021-01-15,1042,0,11202,0,0.8944540971459229,0.0,1042,11202,fhi:git
county,Viken,2021-01-16,87,0,11289,0,0.9014008483021179,0.0,87,11289,fhi:git
county,Viken,2021-01-17,22,0,11311,0,0.903157498019777,0.0,22,11311,fhi:git
county,Viken,2021-01-18,142,51,11453,51,0.9144958734701178,0.00407223343639012,193,11504,fhi:git
county,Viken,2021-01-19,646,384,12099,435,0.9660774969977259,0.0347337557809745,1030,12534,fhi:git
county,Viken,2021-01-20,1490,342,13589,777,1.08505059151187,0.06204167411912001,1832,14366,fhi:git
county,Viken,2021-01-21,1998,100,15587,877,1.24458632496103,0.0700264455630222,2098,16464,fhi:git
county,Viken,2021-01-22,821,1,16408,878,1.3101412985154701,0.0701062932774612,822,17286,fhi:git
county,Viken,2021-01-23,97,0,16505,878,1.31788652681606,0.0701062932774612,97,17383,fhi:git
county,Viken,2021-01-24,0,0,16505,878,1.31788652681606,0.0701062932774612,0,17383,fhi:git
county,Viken,2021-01-25,62,0,16567,878,1.32283708511128,0.0701062932774612,62,17445,fhi:git
county,Viken,2021-01-26,562,401,17129,1279,1.36771150062601,0.102125226767509,963,18408,fhi:git
county,Viken,2021-01-27,1941,1216,19070,2495,1.52269591435215,0.19922004752536,3157,21565,fhi:git
county,Viken,2021-01-28,3105,1709,22175,4204,1.7706230676853099,0.335679791501648,4814,26379,fhi:git
county,Viken,2021-01-29,1040,427,23215,4631,1.8536646907018899,0.36977476556711,1467,27846,fhi:git
county,Viken,2021-01-30,8,18,23223,4649,1.8543034724174101,0.37121202442701295,26,27872,fhi:git
county,Viken,2021-01-31,7,3,23230,4652,1.85486240641848,0.37145156757033004,10,27882,fhi:git
county,Viken,2021-02-01,36,45,23266,4697,1.8577369241382802,0.375044714720086,81,27963,fhi:git
county,Viken,2021-02-02,1022,687,24288,5384,1.9393412882949599,0.42990009453969397,1709,29672,fhi:git
county,Viken,2021-02-03,4753,1723,29041,7107,2.31885747502364,0.567477706518129,6476,36148,fhi:git
county,Viken,2021-02-04,6631,1748,35672,8855,2.8483276694687905,0.707051511357539,8379,44527,fhi:git
county,Viken,2021-02-05,3142,1092,38814,9947,3.0992091882362,0.794245215524951,4234,48761,fhi:git
county,Viken,2021-02-06,37,87,38851,10034,3.1021635536704397,0.801191966681146,124,48885,fhi:git
county,Viken,2021-02-07,15,19,38866,10053,3.10336126938703,0.8027090732554871,34,48919,fhi:git
county,Viken,2021-02-08,15,95,38881,10148,3.10455898510361,0.8102946061271942,110,49029,fhi:git
county,Viken,2021-02-09,791,566,39672,10714,3.16771852722488,0.855488412499681,1357,50386,fhi:git
county,Viken,2021-02-10,3435,1325,43107,12039,3.4419954263229195,0.9612866341313849,4760,55146,fhi:git
county,Viken,2021-02-11,4842,1916,47949,13955,3.82861805963666,1.11427485499655,6758,61904,fhi:git
county,Viken,2021-02-12,2428,976,50377,14931,4.02248831029461,1.1922062242890399,3404,65308,fhi:git
county,Viken,2021-02-13,23,96,50400,15027,4.024324807726701,1.19987160487518,119,65427,fhi:git
county,Viken,2021-02-14,6,0,50406,15027,4.02480389401334,1.19987160487518,6,65433,fhi:git
county,Viken,2021-02-15,353,124,50759,15151,4.05299013721031,1.2097727214656202,477,65910,fhi:git
county,Viken,2021-02-16,1424,358,52183,15509,4.16669328257148,1.23835820323479,1782,67692,fhi:git
county,Viken,2021-02-17,4415,1805,56598,17314,4.51922094181976,1.38248332779723,6220,73912,fhi:git
county,Viken,2021-02-18,4878,2923,61476,20237,4.908718092853309,1.61587819710249,7801,81713,fhi:git
county,Viken,2021-02-19,3796,1281,65272,21518,5.2118200168638396,1.7181631192988702,5077,86790,fhi:git
county,Viken,2021-02-20,28,7,65300,21525,5.21405575286813,1.71872205329995,35,86825,fhi:git
county,Viken,2021-02-21,1,6,65301,21531,5.21413560058257,1.71920113958658,7,86832,fhi:git
county,Viken,2021-02-22,698,8,65999,21539,5.26986930526101,1.71983992130209,706,87538,fhi:git
county,Viken,2021-02-23,2124,754,68123,22293,5.439465850729491,1.7800450979891203,2878,90416,fhi:git
county,Viken,2021-02-24,2461,4171,70584,26464,5.63597107596392,2.1130899149142803,6632,97048,fhi:git
county,Viken,2021-02-25,2552,6241,73136,32705,5.83974244321231,2.6114195007282097,8793,105841,fhi:git
county,Viken,2021-02-26,1930,2715,75066,35420,5.99384853207962,2.8282060454301603,4645,110486,fhi:git
county,Viken,2021-02-27,166,88,75232,35508,6.0071032526765,2.83523264430079,254,110740,fhi:git
county,Viken,2021-02-28,416,1,75648,35509,6.04031990188313,2.83531249201523,417,111157,fhi:git
county,Viken,2021-03-01,1520,2,77168,35511,6.161688427830441,2.83547218744411,1522,112679,fhi:git
county,Viken,2021-03-02,3007,518,80175,36029,6.40179050514858,2.87683330352352,3525,116204,fhi:git
county,Viken,2021-03-03,4947,2692,85122,38721,6.7967971484784195,3.09178335079337,7639,123843,fhi:git
county,Viken,2021-03-04,4378,3258,89500,41979,7.1463704422924605,3.3519272044357002,7636,131479,fhi:git
county,Viken,2021-03-05,2729,1779,92229,43758,7.36427485499655,3.4939762884227203,4508,135987,fhi:git
county,Viken,2021-03-06,159,0,92388,43758,7.376970641592361,3.4939762884227203,159,136146,fhi:git
county,Viken,2021-03-07,17,0,92405,43758,7.37832805273782,3.4939762884227203,17,136163,fhi:git
county,Viken,2021-03-08,1130,22,93535,43780,7.46855597005391,3.49573293814038,1152,137315,fhi:git
county,Viken,2021-03-09,2890,713,96425,44493,7.699315864782691,3.5526643585354,3603,140918,fhi:git
county,Viken,2021-03-10,5356,3165,101781,47658,8.12698022331809,3.80538237473491,8521,149439,fhi:git
county,Viken,2021-03-11,3364,4737,105145,52395,8.39558793469096,4.183620998032549,8101,157540,fhi:git
county,Viken,2021-03-12,1205,3255,106350,55650,8.49180443058998,4.44352530853157,4460,162000,fhi:git
county,Viken,2021-03-13,6,8,106356,55658,8.492283516876611,4.444164090247081,14,162014,fhi:git
county,Viken,2021-03-14,2,5,106358,55663,8.49244321230549,4.44456332881928,7,162021,fhi:git
county,Viken,2021-03-15,34,38,106392,55701,8.49515803459642,4.44759754196796,72,162093,fhi:git
county,Viken,2021-03-16,122,35,106514,55736,8.50489945575798,4.450392211973321,157,162250,fhi:git
county,Innlandet,2020-12-27,0,0,0,0,0.0,0.0,0,0,fhi:git
county,Innlandet,2020-12-28,272,0,272,0,0.0732393607711674,0.0,272,272,fhi:git
county,Innlandet,2020-12-29,260,0,532,0,0.143247573273019,0.0,260,532,fhi:git
county,Innlandet,2020-12-30,149,0,681,0,0.183367664283695,0.0,149,681,fhi:git
county,Innlandet,2020-12-31,0,0,681,0,0.183367664283695,0.0,0,681,fhi:git
county,Innlandet,2021-01-01,0,0,681,0,0.183367664283695,0.0,0,681,fhi:git
county,Innlandet,2021-01-02,0,0,681,0,0.183367664283695,0.0,0,681,fhi:git
county,Innlandet,2021-01-03,0,0,681,0,0.183367664283695,0.0,0,681,fhi:git
county,Innlandet,2021-01-04,0,0,681,0,0.18375458374594897,0.0,0,681,fhi:git
county,Innlandet,2021-01-05,271,0,952,0,0.256878654517098,0.0,271,952,fhi:git
county,Innlandet,2021-01-06,703,0,1655,0,0.44656950969096293,0.0,703,1655,fhi:git
county,Innlandet,2021-01-07,696,0,2351,0,0.634371551228673,0.0,696,2351,fhi:git
county,Innlandet,2021-01-08,75,0,2426,0,0.654608840187478,0.0,75,2426,fhi:git
county,Innlandet,2021-01-09,0,0,2426,0,0.654608840187478,0.0,0,2426,fhi:git
county,Innlandet,2021-01-10,0,0,2426,0,0.654608840187478,0.0,0,2426,fhi:git
county,Innlandet,2021-01-11,50,0,2476,0,0.668100366160015,0.0,50,2476,fhi:git
county,Innlandet,2021-01-12,403,0,2879,0,0.7768420654986601,0.0,403,2879,fhi:git
county,Innlandet,2021-01-13,994,0,3873,0,1.04505360183269,0.0,994,3873,fhi:git
county,Innlandet,2021-01-14,958,0,4831,0,1.30355123946649,0.0,958,4831,fhi:git
county,Innlandet,2021-01-15,279,0,5110,0,1.37883395439325,0.0,279,5110,fhi:git
county,Innlandet,2021-01-16,4,0,5114,0,1.37991327647105,0.0,4,5114,fhi:git
county,Innlandet,2021-01-17,0,0,5114,0,1.37991327647105,0.0,0,5114,fhi:git
county,Innlandet,2021-01-18,62,0,5176,0,1.39664276867699,0.0,62,5176,fhi:git
county,Innlandet,2021-01-19,331,318,5507,318,1.4859566706151899,0.0858061051853331,649,5825,fhi:git
county,Innlandet,2021-01-20,663,252,6170,570,1.66485430501102,0.153803396086918,915,6740,fhi:git
county,Innlandet,2021-01-21,833,48,7003,618,1.88962312771348,0.166755261020553,881,7621,fhi:git
county,Innlandet,2021-01-22,239,0,7242,618,1.95411262186221,0.166755261020553,239,7860,fhi:git
county,Innlandet,2021-01-23,6,0,7248,618,1.9557316049789097,0.166755261020553,6,7866,fhi:git
county,Innlandet,2021-01-24,0,0,7248,618,1.9557316049789097,0.166755261020553,0,7866,fhi:git
county,Innlandet,2021-01-25,1,0,7249,618,1.9560014354983601,0.166755261020553,1,7867,fhi:git
county,Innlandet,2021-01-26,149,131,7398,749,1.9962061828965199,0.20210305906859902,280,8147,fhi:git
county,Innlandet,2021-01-27,934,603,8332,1352,2.24822788806351,0.364810862297391,1537,9684,fhi:git
county,Innlandet,2021-01-28,904,707,9236,2059,2.4921546776469703,0.555581039549059,1611,11295,fhi:git
county,Innlandet,2021-01-29,319,132,9555,2191,2.57823061335175,0.5911986681165561,451,11746,fhi:git
county,Innlandet,2021-01-30,2,0,9557,2191,2.5787702743906604,0.5911986681165561,2,11748,fhi:git
county,Innlandet,2021-01-31,1,0,9558,2191,2.57904010491011,0.5911986681165561,1,11749,fhi:git
county,Innlandet,2021-02-01,9,49,9567,2240,2.58146857958516,0.6044203635696421,58,11807,fhi:git
county,Innlandet,2021-02-02,610,341,10177,2581,2.74606519645011,0.6964325707023421,951,12758,fhi:git
county,Innlandet,2021-02-03,2311,873,12488,3454,3.3696435269007496,0.9319946141828321,3184,15942,fhi:git
county,Innlandet,2021-02-04,2655,997,15143,4451,4.08604355604245,1.2010156420752098,3652,19594,fhi:git
county,Innlandet,2021-02-05,813,270,15956,4721,4.3054157683559,1.27386988232691,1083,20677,fhi:git
county,Innlandet,2021-02-06,7,4,15963,4725,4.3073045819920495,1.27494920440471,11,20688,fhi:git
county,Innlandet,2021-02-07,0,0,15963,4725,4.3073045819920495,1.27494920440471,0,20688,fhi:git
county,Innlandet,2021-02-08,2,62,15965,4787,4.30784424303095,1.29167869661066,64,20752,fhi:git
county,Innlandet,2021-02-09,257,269,16222,5056,4.37719068652979,1.36426310634291,526,21278,fhi:git
county,Innlandet,2021-02-10,2055,579,18277,5635,4.93169240400105,1.52049497710488,2634,23912,fhi:git
county,Innlandet,2021-02-11,2236,848,20513,6483,5.53503344549289,1.7493112575991001,3084,26996,fhi:git
county,Innlandet,2021-02-12,430,283,20943,6766,5.651060568856701,1.8256732946036598,713,27709,fhi:git
county,Innlandet,2021-02-13,0,5,20943,6771,5.651060568856701,1.8270224472009098,5,27714,fhi:git
county,Innlandet,2021-02-14,1,0,20944,6771,5.651330399376151,1.8270224472009098,1,27715,fhi:git
county,Innlandet,2021-02-15,87,14,21031,6785,5.67480565456837,1.83080007447322,101,27816,fhi:git
county,Innlandet,2021-02-16,529,92,21560,6877,5.817545999357799,1.8556244822626902,621,28437,fhi:git
county,Innlandet,2021-02-17,1575,782,23135,7659,6.24252906749271,2.06663194847316,2357,30794,fhi:git
county,Innlandet,2021-02-18,1469,900,24604,8559,6.63891010056583,2.30947941597882,2369,33163,fhi:git
county,Innlandet,2021-02-19,541,296,25145,8855,6.784888411588679,2.3893492497362403,837,34000,fhi:git
county,Innlandet,2021-02-20,0,3,25145,8858,6.784888411588679,2.3901587412945897,3,34003,fhi:git
county,Innlandet,2021-02-21,0,1,25145,8859,6.784888411588679,2.39042857181404,1,34004,fhi:git
county,Innlandet,2021-02-22,283,3,25428,8862,6.86125044859324,2.3912380633723997,286,34290,fhi:git
county,Innlandet,2021-02-23,317,306,25745,9168,6.94678672325912,2.4738062023243197,623,34913,fhi:git
county,Innlandet,2021-02-24,848,2318,26593,11486,7.1756030037533405,3.0992733464111204,3166,38079,fhi:git
county,Innlandet,2021-02-25,1744,2447,28337,13933,7.646187429675419,3.75954862750706,4191,42270,fhi:git
county,Innlandet,2021-02-26,676,813,29013,14746,7.82859286082412,3.9789208398205096,1489,43759,fhi:git
county,Innlandet,2021-02-27,3,1,29016,14747,7.829402352382469,3.97919067033996,4,43763,fhi:git
county,Innlandet,2021-02-28,3,6,29019,14753,7.830211843940821,3.9808096534566597,9,43772,fhi:git
county,Innlandet,2021-03-01,170,7,29189,14760,7.87608303224745,3.9826984670928196,177,43949,fhi:git
county,Innlandet,2021-03-02,504,159,29693,14919,8.012077614050611,4.02560151968549,663,44612,fhi:git
county,Innlandet,2021-03-03,1544,1970,31237,16889,8.42869593608255,4.55716764300343,3514,48126,fhi:git
county,Innlandet,2021-03-04,1483,2244,32720,19133,8.82885459642798,5.16266732865087,3727,51853,fhi:git
county,Innlandet,2021-03-05,522,397,33242,19530,8.96970612758127,5.2697900448728205,919,52772,fhi:git
county,Innlandet,2021-03-06,2,3,33244,19533,8.97024578862017,5.27059953643117,5,52777,fhi:git
county,Innlandet,2021-03-07,0,0,33244,19533,8.97024578862017,5.27059953643117,0,52777,fhi:git
county,Innlandet,2021-03-08,102,0,33346,19533,8.99776850160414,5.27059953643117,102,52879,fhi:git
county,Innlandet,2021-03-09,934,311,34280,19844,9.24979020677113,5.3545168279803494,1245,54124,fhi:git
county,Innlandet,2021-03-10,1996,1308,36276,21152,9.78837192359479,5.7074551474219,3304,57428,fhi:git
county,Innlandet,2021-03-11,1006,959,37282,22111,10.059821426162198,5.96622261557516,1965,59393,fhi:git
county,Innlandet,2021-03-12,43,178,37325,22289,10.0714241384986,6.014252448037389,221,59614,fhi:git
county,Innlandet,2021-03-13,0,0,37325,22289,10.0714241384986,6.014252448037389,0,59614,fhi:git
county,Innlandet,2021-03-14,0,1,37325,22290,10.0714241384986,6.01452227855684,1,59615,fhi:git
county,Innlandet,2021-03-15,25,3,37350,22293,10.0781699014849,6.015331770115191,28,59643,fhi:git
county,Innlandet,2021-03-16,45,5,37395,22298,10.0903122748602,6.016680922712441,50,59693,fhi:git
county,Vestfold og Telemark,2020-12-27,0,0,0,0,0.0,0.0,0,0,fhi:git
county,Vestfold og Telemark,2020-12-28,0,0,0,0,0.0,0.0,0,0,fhi:git
county,Vestfold og Telemark,2020-12-29,0,0,0,0,0.0,0.0,0,0,fhi:git
county,Vestfold og Telemark,2020-12-30,0,0,0,0,0.0,0.0,0,0,fhi:git
county,Vestfold og Telemark,2020-12-31,0,0,0,0,0.0,0.0,0,0,fhi:git
county,Vestfold og Telemark,2021-01-01,0,0,0,0,0.0,0.0,0,0,fhi:git
county,Vestfold og Telemark,2021-01-02,0,0,0,0,0.0,0.0,0,0,fhi:git
county,Vestfold og Telemark,2021-01-03,0,0,0,0,0.0,0.0,0,0,fhi:git
county,Vestfold og Telemark,2021-01-04,1,0,1,0,0.000237033104043311,0.0,1,1,fhi:git
county,Vestfold og Telemark,2021-01-05,218,0,219,0,0.051910249785484995,0.0,218,219,fhi:git
county,Vestfold og Telemark,2021-01-06,1026,0,1245,0,0.295106214533922,0.0,1026,1245,fhi:git
county,Vestfold og Telemark,2021-01-07,442,0,1687,0,0.39987484652106503,0.0,442,1687,fhi:git
county,Vestfold og Telemark,2021-01-08,63,0,1750,0,0.41480793207579403,0.0,63,1750,fhi:git
county,Vestfold og Telemark,2021-01-09,0,0,1750,0,0.41480793207579403,0.0,0,1750,fhi:git
county,Vestfold og Telemark,2021-01-10,3,0,1753,0,0.415519031387924,0.0,3,1753,fhi:git
county,Vestfold og Telemark,2021-01-11,3,0,1756,0,0.41623013070005394,0.0,3,1756,fhi:git
county,Vestfold og Telemark,2021-01-12,418,0,2174,0,0.515309968190158,0.0,418,2174,fhi:git
county,Vestfold og Telemark,2021-01-13,1166,0,3340,0,0.7916905675046579,0.0,1166,3340,fhi:git
county,Vestfold og Telemark,2021-01-14,583,0,3923,0,0.929880867161908,0.0,583,3923,fhi:git
county,Vestfold og Telemark,2021-01-15,157,0,4080,0,0.967095064496707,0.0,157,4080,fhi:git
county,Vestfold og Telemark,2021-01-16,3,0,4083,0,0.967806163808838,0.0,3,4083,fhi:git
county,Vestfold og Telemark,2021-01-17,41,0,4124,0,0.9775245210746129,0.0,41,4124,fhi:git
county,Vestfold og Telemark,2021-01-18,7,0,4131,0,0.9791837528029159,0.0,7,4131,fhi:git
county,Vestfold og Telemark,2021-01-19,232,0,4363,0,1.03417543294096,0.0,232,4363,fhi:git
county,Vestfold og Telemark,2021-01-20,1607,0,5970,0,1.4150876311385603,0.0,1607,5970,fhi:git
county,Vestfold og Telemark,2021-01-21,829,0,6799,0,1.61158807439047,0.0,829,6799,fhi:git
county,Vestfold og Telemark,2021-01-22,181,0,6980,0,1.65449106622231,0.0,181,6980,fhi:git
county,Vestfold og Telemark,2021-01-23,3,0,6983,0,1.65520216553444,0.0,3,6983,fhi:git
county,Vestfold og Telemark,2021-01-24,0,0,6983,0,1.65520216553444,0.0,0,6983,fhi:git
county,Vestfold og Telemark,2021-01-25,44,0,7027,0,1.66563162211234,0.0,44,7027,fhi:git
county,Vestfold og Telemark,2021-01-26,103,179,7130,179,1.69004603182881,0.0424289256237526,282,7309,fhi:git
county,Vestfold og Telemark,2021-01-27,1625,898,8755,1077,2.07522482589919,0.25528465305464604,2523,9832,fhi:git
county,Vestfold og Telemark,2021-01-28,653,449,9408,1526,2.23000744283947,0.36171251677009203,1102,10934,fhi:git
county,Vestfold og Telemark,2021-01-29,86,90,9494,1616,2.25039228978719,0.38304549613398997,176,11110,fhi:git
county,Vestfold og Telemark,2021-01-30,0,0,9494,1616,2.25039228978719,0.38304549613398997,0,11110,fhi:git
county,Vestfold og Telemark,2021-01-31,1,2,9495,1618,2.25062932289124,0.38351956234207707,3,11113,fhi:git
county,Vestfold og Telemark,2021-02-01,50,1,9545,1619,2.2624809780934,0.38375659544611995,51,11164,fhi:git
county,Vestfold og Telemark,2021-02-02,463,327,10008,1946,2.3722273052654503,0.4612664204682829,790,11954,fhi:git
county,Vestfold og Telemark,2021-02-03,3215,847,13223,2793,3.1342887347647,0.662033459592967,4062,16016,fhi:git
county,Vestfold og Telemark,2021-02-04,1902,708,15125,3501,3.58512569865507,0.8298528972556309,2610,18626,fhi:git
county,Vestfold og Telemark,2021-02-05,963,245,16088,3746,3.8133885778487797,0.8879260077462421,1208,19834,fhi:git
county,Vestfold og Telemark,2021-02-06,0,4,16088,3750,3.8133885778487797,0.8888741401624151,4,19838,fhi:git
county,Vestfold og Telemark,2021-02-07,2,1,16090,3751,3.8138626440568704,0.889111173266458,3,19841,fhi:git
county,Vestfold og Telemark,2021-02-08,17,46,16107,3797,3.8178922068256096,0.900014696052451,63,19904,fhi:git
county,Vestfold og Telemark,2021-02-09,356,208,16463,4005,3.90227599186502,0.9493175816934591,564,20468,fhi:git
county,Vestfold og Telemark,2021-02-10,2886,1396,19349,5401,4.586353530134019,1.28021579493792,4282,24750,fhi:git
county,Vestfold og Telemark,2021-02-11,1539,878,20888,6279,4.95114747725667,1.4883308602879501,2417,27167,fhi:git
county,Vestfold og Telemark,2021-02-12,602,213,21490,6492,5.093841405890751,1.5388189114491697,815,27982,fhi:git
county,Vestfold og Telemark,2021-02-13,2,2,21492,6494,5.09431547209883,1.53929297765726,4,27986,fhi:git
county,Vestfold og Telemark,2021-02-14,0,0,21492,6494,5.09431547209883,1.53929297765726,0,27986,fhi:git
county,Vestfold og Telemark,2021-02-15,4,2,21496,6496,5.09526360451501,1.5397670438653501,6,27992,fhi:git
county,Vestfold og Telemark,2021-02-16,582,76,22078,6572,5.23321687106821,1.5577815597726399,658,28650,fhi:git
county,Vestfold og Telemark,2021-02-17,3029,1531,25107,8103,5.9511901432154,1.92067924206295,4560,33210,fhi:git
county,Vestfold og Telemark,2021-02-18,1817,627,26924,8730,6.381879293262099,2.0692989982981,2444,35654,fhi:git
county,Vestfold og Telemark,2021-02-19,280,83,27204,8813,6.44824856239422,2.0889727459336997,363,36017,fhi:git
county,Vestfold og Telemark,2021-02-20,0,1,27204,8814,6.44824856239422,2.08920977903774,1,36018,fhi:git
county,Vestfold og Telemark,2021-02-21,1,1,27205,8815,6.44848559549827,2.0894468121417797,2,36020,fhi:git
county,Vestfold og Telemark,2021-02-22,51,0,27256,8815,6.460574283804481,2.0894468121417797,51,36071,fhi:git
county,Vestfold og Telemark,2021-02-23,628,384,27884,9199,6.60943107314368,2.1804675240944196,1012,37083,fhi:git
county,Vestfold og Telemark,2021-02-24,662,2868,28546,12067,6.7663469880203495,2.86027846649063,3530,40613,fhi:git
county,Vestfold og Telemark,2021-02-25,701,1991,29247,14058,6.932507193954709,3.33221137664086,2692,43305,fhi:git
county,Vestfold og Telemark,2021-02-26,543,845,29790,14903,7.061216169450231,3.5325043495574597,1388,44693,fhi:git
county,Vestfold og Telemark,2021-02-27,3,1,29793,14904,7.061927268762361,3.5327413826615,4,44697,fhi:git
county,Vestfold og Telemark,2021-02-28,0,0,29793,14904,7.061927268762361,3.5327413826615,0,44697,fhi:git
county,Vestfold og Telemark,2021-03-01,603,0,30396,14904,7.204858230500469,3.5327413826615,603,45300,fhi:git
county,Vestfold og Telemark,2021-03-02,843,354,31239,15258,7.404677137208981,3.6166511014928298,1197,46497,fhi:git
county,Vestfold og Telemark,2021-03-03,1969,2805,33208,18063,7.87139531907026,4.281528958334319,4774,51271,fhi:git
county,Vestfold og Telemark,2021-03-04,1009,1428,34217,19491,8.11056172104996,4.62001223090817,2437,53708,fhi:git
county,Vestfold og Telemark,2021-03-05,1472,584,35689,20075,8.45947445020171,4.75843956366946,2056,55764,fhi:git
county,Vestfold og Telemark,2021-03-06,2,1,35691,20076,8.4599485164098,4.75867659677351,3,55767,fhi:git
county,Vestfold og Telemark,2021-03-07,0,0,35691,20076,8.4599485164098,4.75867659677351,0,55767,fhi:git
county,Vestfold og Telemark,2021-03-08,235,0,35926,20076,8.51565129585998,4.75867659677351,235,56002,fhi:git
county,Vestfold og Telemark,2021-03-09,898,124,36824,20200,8.72850702329087,4.78806870167488,1022,57024,fhi:git
county,Vestfold og Telemark,2021-03-10,1529,2225,38353,22425,9.0909306393731,5.31546735817124,3754,60778,fhi:git
county,Vestfold og Telemark,2021-03-11,288,818,38641,23243,9.15919617333757,5.50936043727867,1106,61884,fhi:git
county,Vestfold og Telemark,2021-03-12,34,112,38675,23355,9.16725529887504,5.535908144931519,146,62030,fhi:git
county,Vestfold og Telemark,2021-03-13,1,1,38676,23356,9.16749233197908,5.53614517803556,2,62032,fhi:git
county,Vestfold og Telemark,2021-03-14,0,0,38676,23356,9.16749233197908,5.53614517803556,0,62032,fhi:git
county,Vestfold og Telemark,2021-03-15,2,0,38678,23356,9.16796639818717,5.53614517803556,2,62034,fhi:git
county,Vestfold og Telemark,2021-03-16,396,11,39074,23367,9.26183150738832,5.53875254218004,407,62441,fhi:git
county,Agder,2020-12-27,0,0,0,0,0.0,0.0,0,0,fhi:git
county,Agder,2020-12-28,0,0,0,0,0.0,0.0,0,0,fhi:git
county,Agder,2020-12-29,0,0,0,0,0.0,0.0,0,0,fhi:git
county,Agder,2020-12-30,0,0,0,0,0.0,0.0,0,0,fhi:git
county,Agder,2020-12-31,0,0,0,0,0.0,0.0,0,0,fhi:git
county,Agder,2021-01-01,0,0,0,0,0.0,0.0,0,0,fhi:git
county,Agder,2021-01-02,0,0,0,0,0.0,0.0,0,0,fhi:git
county,Agder,2021-01-03,3,0,3,0,0.000976463963597423,0.0,3,3,fhi:git
county,Agder,2021-01-04,0,0,3,0,0.000971367329031255,0.0,0,3,fhi:git
county,Agder,2021-01-05,79,0,82,0,0.026550706993521002,0.0,79,82,fhi:git
county,Agder,2021-01-06,791,0,873,0,0.282667892748095,0.0,791,873,fhi:git
county,Agder,2021-01-07,230,0,1103,0,0.35713938797382505,0.0,230,1103,fhi:git
county,Agder,2021-01-08,49,0,1152,0,0.373005054348002,0.0,49,1152,fhi:git
county,Agder,2021-01-09,0,0,1152,0,0.373005054348002,0.0,0,1152,fhi:git
county,Agder,2021-01-10,0,0,1152,0,0.373005054348002,0.0,0,1152,fhi:git
county,Agder,2021-01-11,1,0,1153,0,0.3733288434576789,0.0,1,1153,fhi:git
county,Agder,2021-01-12,226,0,1379,0,0.44650518224470004,0.0,226,1379,fhi:git
county,Agder,2021-01-13,847,0,2226,0,0.7207545581411908,0.0,847,2226,fhi:git
county,Agder,2021-01-14,512,0,2738,0,0.886534582295859,0.0,512,2738,fhi:git
county,Agder,2021-01-15,119,0,2857,0,0.925065486347432,0.0,119,2857,fhi:git
county,Agder,2021-01-16,1,0,2858,0,0.925389275457109,0.0,1,2858,fhi:git
county,Agder,2021-01-17,2,0,2860,0,0.926036853676463,0.0,2,2860,fhi:git
county,Agder,2021-01-18,15,0,2875,0,0.93089369032162,0.0,15,2875,fhi:git
county,Agder,2021-01-19,347,0,3222,0,1.04324851137957,0.0,347,3222,fhi:git
county,Agder,2021-01-20,459,0,3681,0,1.19186771272135,0.0,459,3681,fhi:git
county,Agder,2021-01-21,336,0,4017,0,1.30066085357285,0.0,336,4017,fhi:git
county,Agder,2021-01-22,66,0,4083,0,1.32203093481154,0.0,66,4083,fhi:git
county,Agder,2021-01-23,2,0,4085,0,1.32267851303089,0.0,2,4085,fhi:git
county,Agder,2021-01-24,0,0,4085,0,1.32267851303089,0.0,0,4085,fhi:git
county,Agder,2021-01-25,1,0,4086,0,1.3230023021405701,0.0,1,4086,fhi:git
county,Agder,2021-01-26,63,66,4149,66,1.3434010160502299,0.0213700812386876,129,4215,fhi:git
county,Agder,2021-01-27,567,681,4716,747,1.5269894412371299,0.24187046492878303,1248,5463,fhi:git
county,Agder,2021-01-28,951,248,5667,995,1.83491288454004,0.32217016412870003,1199,6662,fhi:git
county,Agder,2021-01-29,204,61,5871,1056,1.9009658629141701,0.341921299819002,265,6927,fhi:git
county,Agder,2021-01-30,32,0,5903,1056,1.9113271144238302,0.341921299819002,32,6959,fhi:git
county,Agder,2021-01-31,24,0,5927,1056,1.91909805305608,0.341921299819002,24,6983,fhi:git
county,Agder,2021-02-01,1,2,5928,1058,1.91942184216576,0.342568878038356,3,6986,fhi:git
county,Agder,2021-02-02,203,170,6131,1228,1.9851510314302099,0.397613026683461,373,7359,fhi:git
county,Agder,2021-02-03,1331,593,7462,1821,2.41611433641041,0.5896199687219721,1924,9283,fhi:git
county,Agder,2021-02-04,1707,497,9169,2318,2.9688223466291896,0.7505431562314829,2204,11487,fhi:git
county,Agder,2021-02-05,619,135,9788,2453,3.1692478055193103,0.7942546860378901,754,12241,fhi:git
county,Agder,2021-02-06,510,2,10298,2455,3.3343802514546206,0.794902264257244,512,12753,fhi:git
county,Agder,2021-02-07,83,2,10381,2457,3.3612547475578203,0.795549842476598,85,12838,fhi:git
county,Agder,2021-02-08,13,2,10394,2459,3.3654640059836205,0.796197420695952,15,12853,fhi:git
county,Agder,2021-02-09,189,254,10583,2713,3.42666014771259,0.8784398545539319,443,13296,fhi:git
county,Agder,2021-02-10,1152,371,11735,3084,3.7996652020605897,0.9985656142441299,1523,14819,fhi:git
county,Agder,2021-02-11,1010,404,12745,3488,4.12669220283445,1.12937641455367,1414,16233,fhi:git
county,Agder,2021-02-12,354,70,13099,3558,4.24131354766014,1.1520416522310701,424,16657,fhi:git
county,Agder,2021-02-13,509,2,13608,3560,4.40612220448578,1.15268923045042,511,17168,fhi:git
county,Agder,2021-02-14,0,0,13608,3560,4.40612220448578,1.15268923045042,0,17168,fhi:git
county,Agder,2021-02-15,1,2,13609,3562,4.40644599359545,1.15333680866978,3,17171,fhi:git
county,Agder,2021-02-16,141,114,13750,3676,4.45210025805992,1.19024876717297,255,17426,fhi:git
county,Agder,2021-02-17,1218,435,14968,4111,4.84647539364661,1.3310970298825,1653,19079,fhi:git
county,Agder,2021-02-18,1089,820,16057,4931,5.19908173408496,1.59660409981771,1909,20988,fhi:git
county,Agder,2021-02-19,720,343,16777,5274,5.43220989305246,1.7076637644369501,1063,22051,fhi:git
county,Agder,2021-02-20,352,37,17129,5311,5.54618365965879,1.719643961495,389,22440,fhi:git
county,Agder,2021-02-21,52,23,17181,5334,5.563020693362,1.7270911110175702,75,22515,fhi:git
county,Agder,2021-02-22,224,1,17405,5335,5.63554945392967,1.7274149001272499,225,22740,fhi:git
county,Agder,2021-02-23,294,201,17699,5536,5.73074345217473,1.7924965111723403,495,23235,fhi:git
county,Agder,2021-02-24,975,1110,18674,6646,6.04643783410989,2.15190242291391,2085,25320,fhi:git
county,Agder,2021-02-25,718,1564,19392,8210,6.27891841485803,2.65830859044887,2282,27602,fhi:git
county,Agder,2021-02-26,398,466,19790,8676,6.40778648050952,2.80919431555839,864,28466,fhi:git
county,Agder,2021-02-27,0,1,19790,8677,6.40778648050952,2.80951810466807,1,28467,fhi:git
county,Agder,2021-02-28,10,82,19800,8759,6.41102437160629,2.8360688116615895,92,28559,fhi:git
county,Agder,2021-03-01,260,0,20060,8759,6.49520954012233,2.8360688116615895,260,28819,fhi:git
county,Agder,2021-03-02,579,192,20639,8951,6.68268343462536,2.89823632071959,771,29590,fhi:git
county,Agder,2021-03-03,630,878,21269,9829,6.88667057372192,3.18252315901607,1508,31098,fhi:git
county,Agder,2021-03-04,796,1068,22065,10897,7.14440670502488,3.5283299281512006,1864,32962,fhi:git
county,Agder,2021-03-05,954,337,23019,11234,7.453301515656821,3.6374468581123702,1291,34253,fhi:git
county,Agder,2021-03-06,14,405,23033,11639,7.4578345631923,3.7685814475315897,419,34672,fhi:git
county,Agder,2021-03-07,3,0,23036,11639,7.458805930521329,3.7685814475315897,3,34675,fhi:git
county,Agder,2021-03-08,215,0,23251,11639,7.528420589101911,3.7685814475315897,215,34890,fhi:git
county,Agder,2021-03-09,713,141,23964,11780,7.7592822243016695,3.81423571199606,854,35744,fhi:git
county,Agder,2021-03-10,1029,784,24993,12564,8.09246121815939,4.0680863739829,1813,37557,fhi:git
county,Agder,2021-03-11,639,812,25632,13376,8.29936245924305,4.33100313104069,1451,39008,fhi:git
county,Agder,2021-03-12,97,323,25729,13699,8.33077000288172,4.43558701346639,420,39428,fhi:git
county,Agder,2021-03-13,0,0,25729,13699,8.33077000288172,4.43558701346639,0,39428,fhi:git
county,Agder,2021-03-14,0,0,25729,13699,8.33077000288172,4.43558701346639,0,39428,fhi:git
county,Agder,2021-03-15,0,3,25729,13702,8.33077000288172,4.43655838079542,3,39431,fhi:git
county,Agder,2021-03-16,97,14,25826,13716,8.3621775465204,4.441091428330901,111,39542,fhi:git
county,Vestland,2020-12-27,0,0,0,0,0.0,0.0,0,0,fhi:git
county,Vestland,2020-12-28,0,0,0,0,0.0,0.0,0,0,fhi:git
county,Vestland,2020-12-29,0,0,0,0,0.0,0.0,0,0,fhi:git
county,Vestland,2020-12-30,0,0,0,0,0.0,0.0,0,0,fhi:git
county,Vestland,2020-12-31,0,0,0,0,0.0,0.0,0,0,fhi:git
county,Vestland,2021-01-01,0,0,0,0,0.0,0.0,0,0,fhi:git
county,Vestland,2021-01-02,0,0,0,0,0.0,0.0,0,0,fhi:git
county,Vestland,2021-01-03,0,0,0,0,0.0,0.0,0,0,fhi:git
county,Vestland,2021-01-04,2,0,2,0,0.000313076746068147,0.0,2,2,fhi:git
county,Vestland,2021-01-05,416,0,418,0,0.0654330399282428,0.0,416,418,fhi:git
county,Vestland,2021-01-06,1255,0,1673,0,0.261888698086005,0.0,1255,1673,fhi:git
county,Vestland,2021-01-07,715,0,2388,0,0.37381363480536794,0.0,715,2388,fhi:git
county,Vestland,2021-01-08,139,0,2527,0,0.395572468657104,0.0,139,2527,fhi:git
county,Vestland,2021-01-09,0,0,2527,0,0.395572468657104,0.0,0,2527,fhi:git
county,Vestland,2021-01-10,0,0,2527,0,0.395572468657104,0.0,0,2527,fhi:git
county,Vestland,2021-01-11,65,0,2592,0,0.40574746290431896,0.0,65,2592,fhi:git
county,Vestland,2021-01-12,855,0,3447,0,0.539587771848452,0.0,855,3447,fhi:git
county,Vestland,2021-01-13,1126,0,4573,0,0.7158499798848191,0.0,1126,4573,fhi:git
county,Vestland,2021-01-14,998,0,5571,0,0.872075276172825,0.0,998,5571,fhi:git
county,Vestland,2021-01-15,425,0,5996,0,0.9386040847123059,0.0,425,5996,fhi:git
county,Vestland,2021-01-16,2,0,5998,0,0.938917161458374,0.0,2,5998,fhi:git
county,Vestland,2021-01-17,1,0,5999,0,0.939073699831408,0.0,1,5999,fhi:git
county,Vestland,2021-01-18,62,0,6061,0,0.9487790789595211,0.0,62,6061,fhi:git
county,Vestland,2021-01-19,368,0,6429,0,1.00638520023606,0.0,368,6429,fhi:git
county,Vestland,2021-01-20,1235,0,7664,0,1.19971009093314,0.0,1235,7664,fhi:git
county,Vestland,2021-01-21,781,0,8445,0,1.32196656027275,0.0,781,8445,fhi:git
county,Vestland,2021-01-22,313,0,8758,0,1.3709630710324199,0.0,313,8758,fhi:git
county,Vestland,2021-01-23,0,0,8758,0,1.3709630710324199,0.0,0,8758,fhi:git
county,Vestland,2021-01-24,0,0,8758,0,1.3709630710324199,0.0,0,8758,fhi:git
county,Vestland,2021-01-25,2,0,8760,0,1.3712761477784898,0.0,2,8760,fhi:git
county,Vestland,2021-01-26,152,174,8912,174,1.3950699804796698,0.0272376769079288,326,9086,fhi:git
county,Vestland,2021-01-27,1590,1209,10502,1383,1.6439659936038402,0.21649256990612398,2799,11885,fhi:git
county,Vestland,2021-01-28,1940,682,12442,2065,1.94765043728995,0.32325174031536197,2622,14507,fhi:git
county,Vestland,2021-01-29,481,176,12923,2241,2.02294539471933,0.35080249396935903,657,15164,fhi:git
county,Vestland,2021-01-30,2,0,12925,2241,2.0232584714654,0.35080249396935903,2,15166,fhi:git
county,Vestland,2021-01-31,1,0,12926,2241,2.02341500983844,0.35080249396935903,1,15167,fhi:git
county,Vestland,2021-02-01,13,59,12939,2300,2.02545000868788,0.36003825797836997,72,15239,fhi:git
county,Vestland,2021-02-02,722,581,13661,2881,2.1384707140184798,0.450987052711166,1303,16542,fhi:git
county,Vestland,2021-02-03,2830,1043,16491,3924,2.58147430970491,0.6142565757857049,3873,20415,fhi:git
county,Vestland,2021-02-04,2591,1102,19082,5026,2.98706523423619,0.7867618628692541,3693,24108,fhi:git
county,Vestland,2021-02-05,911,487,19993,5513,3.1296716920702403,0.862996050536848,1398,25506,fhi:git
county,Vestland,2021-02-06,0,2,19993,5515,3.1296716920702403,0.8633091272829159,2,25508,fhi:git
county,Vestland,2021-02-07,2,1,19995,5516,3.1299847688163,0.863465665655951,3,25511,fhi:git
county,Vestland,2021-02-08,8,49,20003,5565,3.1312370758005796,0.87113604593462,57,25568,fhi:git
county,Vestland,2021-02-09,891,305,20894,5870,3.27071276617394,0.9188802497100129,1196,26764,fhi:git
county,Vestland,2021-02-10,2755,970,23649,6840,3.70197598388281,1.07072247155306,3725,30489,fhi:git
county,Vestland,2021-02-11,2697,833,26346,7673,4.12415997595571,1.20111893629045,3530,34019,fhi:git
county,Vestland,2021-02-12,617,459,26963,8132,4.22074415211773,1.27297004951309,1076,35095,fhi:git
county,Vestland,2021-02-13,0,0,26963,8132,4.22074415211773,1.27297004951309,0,35095,fhi:git
county,Vestland,2021-02-14,0,2,26963,8134,4.22074415211773,1.27328312625916,2,35097,fhi:git
county,Vestland,2021-02-15,94,1,27057,8135,4.23545875918293,1.27343966463219,95,35192,fhi:git
county,Vestland,2021-02-16,1065,56,28122,8191,4.40217212646422,1.2822058135221002,1121,36313,fhi:git
county,Vestland,2021-02-17,2682,1325,30804,9516,4.822008042941611,1.48961915779225,4007,40320,fhi:git
county,Vestland,2021-02-18,1990,1976,32794,11492,5.13351940527941,1.7989389829075801,3966,44286,fhi:git
county,Vestland,2021-02-19,1137,539,33931,12031,5.31150353541916,1.88331316597294,1676,45962,fhi:git
county,Vestland,2021-02-20,1,4,33932,12035,5.311660073792191,1.8839393194650802,5,45967,fhi:git
county,Vestland,2021-02-21,0,1,33932,12036,5.311660073792191,1.88409585783811,1,45968,fhi:git
county,Vestland,2021-02-22,48,2,33980,12038,5.31917391569782,1.88440893458418,50,46018,fhi:git
county,Vestland,2021-02-23,509,591,34489,12629,5.398851947572171,1.97692311304732,1100,47118,fhi:git
county,Vestland,2021-02-24,1322,2399,35811,15028,5.6057956767232096,2.35245866995606,3721,50839,fhi:git
county,Vestland,2021-02-25,1235,2645,37046,17673,5.7991205674203,2.76650266663118,3880,54719,fhi:git
county,Vestland,2021-02-26,1384,873,38430,18546,6.01576967569945,2.9031606662899305,2257,56976,fhi:git
county,Vestland,2021-02-27,1,0,38431,18546,6.01592621407249,2.9031606662899305,1,56977,fhi:git
county,Vestland,2021-02-28,0,7,38431,18553,6.01592621407249,2.90425643490117,7,56984,fhi:git
county,Vestland,2021-03-01,440,11,38871,18564,6.084803098207481,2.90597835700454,451,57435,fhi:git
county,Vestland,2021-03-02,1336,756,40207,19320,6.293938364581,3.0243213670183,2092,59527,fhi:git
county,Vestland,2021-03-03,1741,2040,41948,21360,6.5664716720333205,3.3436596480078102,3781,63308,fhi:git
county,Vestland,2021-03-04,1775,2816,43723,24176,6.84432728416881,3.78447170647177,4591,67899,fhi:git
county,Vestland,2021-03-05,1242,894,44965,25070,7.03874794347713,3.92441701196423,2136,70035,fhi:git
county,Vestland,2021-03-06,1,6,44966,25076,7.03890448185016,3.9253562422024304,7,70042,fhi:git
county,Vestland,2021-03-07,2,0,44968,25076,7.03921755859623,3.9253562422024304,2,70044,fhi:git
county,Vestland,2021-03-08,630,14,45598,25090,7.13783673360769,3.92754777942491,644,70688,fhi:git
county,Vestland,2021-03-09,1497,513,47095,25603,7.3721746780397,4.00785196479139,2010,72698,fhi:git
county,Vestland,2021-03-10,2412,1811,49507,27414,7.74974523379789,4.2913429583561005,4223,76921,fhi:git
county,Vestland,2021-03-11,1388,1499,50895,28913,7.96702049556918,4.52599397953417,2887,79808,fhi:git
county,Vestland,2021-03-12,173,918,51068,29831,7.99410163410408,4.6696962059794505,1091,80899,fhi:git
county,Vestland,2021-03-13,4,1,51072,29832,7.994727787596211,4.66985274435249,5,80904,fhi:git
county,Vestland,2021-03-14,0,0,51072,29832,7.994727787596211,4.66985274435249,0,80904,fhi:git
county,Vestland,2021-03-15,7,7,51079,29839,7.9958235562074504,4.67094851296373,14,80918,fhi:git
county,Vestland,2021-03-16,578,18,51657,29857,8.086302735821139,4.67376620367834,596,81514,fhi:git
county,Trøndelag,2020-12-27,0,0,0,0,0.0,0.0,0,0,fhi:git
county,Trøndelag,2020-12-28,0,0,0,0,0.0,0.0,0,0,fhi:git
county,Trøndelag,2020-12-29,0,0,0,0,0.0,0.0,0,0,fhi:git
county,Trøndelag,2020-12-30,0,0,0,0,0.0,0.0,0,0,fhi:git
county,Trøndelag,2020-12-31,0,0,0,0,0.0,0.0,0,0,fhi:git
county,Trøndelag,2021-01-01,0,0,0,0,0.0,0.0,0,0,fhi:git
county,Trøndelag,2021-01-02,0,0,0,0,0.0,0.0,0,0,fhi:git
county,Trøndelag,2021-01-03,0,0,0,0,0.0,0.0,0,0,fhi:git
county,Trøndelag,2021-01-04,3,0,3,0,0.000636775031626493,0.0,3,3,fhi:git
county,Trøndelag,2021-01-05,407,0,410,0,0.0870259209889541,0.0,407,410,fhi:git
county,Trøndelag,2021-01-06,674,0,1084,0,0.23008804476104003,0.0,674,1084,fhi:git
county,Trøndelag,2021-01-07,484,0,1568,0,0.332821083196781,0.0,484,1568,fhi:git
county,Trøndelag,2021-01-08,141,0,1709,0,0.36274950968322606,0.0,141,1709,fhi:git
county,Trøndelag,2021-01-09,0,0,1709,0,0.36274950968322606,0.0,0,1709,fhi:git
county,Trøndelag,2021-01-10,0,0,1709,0,0.36274950968322606,0.0,0,1709,fhi:git
county,Trøndelag,2021-01-11,95,0,1804,0,0.38291405235139797,0.0,95,1804,fhi:git
county,Trøndelag,2021-01-12,500,0,2304,0,0.48904322428914704,0.0,500,2304,fhi:git
county,Trøndelag,2021-01-13,860,0,3164,0,0.6715854000220749,0.0,860,3164,fhi:git
county,Trøndelag,2021-01-14,670,0,3834,0,0.813798490418659,0.0,670,3834,fhi:git
county,Trøndelag,2021-01-15,253,0,4087,0,0.867499851419159,0.0,253,4087,fhi:git
county,Trøndelag,2021-01-16,0,0,4087,0,0.867499851419159,0.0,0,4087,fhi:git
county,Trøndelag,2021-01-17,0,0,4087,0,0.867499851419159,0.0,0,4087,fhi:git
county,Trøndelag,2021-01-18,152,0,4239,0,0.899763119688235,0.0,152,4239,fhi:git
county,Trøndelag,2021-01-19,567,0,4806,0,1.0201136006656402,0.0,567,4806,fhi:git
county,Trøndelag,2021-01-20,735,0,5541,0,1.1761234834141299,0.0,735,5541,fhi:git
county,Trøndelag,2021-01-21,530,0,6071,0,1.2886204056681498,0.0,530,6071,fhi:git
county,Trøndelag,2021-01-22,283,0,6354,0,1.3486895169849098,0.0,283,6354,fhi:git
county,Trøndelag,2021-01-23,1,0,6355,0,1.34890177532879,0.0,1,6355,fhi:git
county,Trøndelag,2021-01-24,0,0,6355,0,1.34890177532879,0.0,0,6355,fhi:git
county,Trøndelag,2021-01-25,1,0,6356,0,1.34911403367266,0.0,1,6356,fhi:git
county,Trøndelag,2021-01-26,313,184,6669,184,1.41555089530569,0.0390555352730916,497,6853,fhi:git
county,Trøndelag,2021-01-27,993,591,7662,775,1.6263234307740602,0.164500216503511,1584,8437,fhi:git
county,Trøndelag,2021-01-28,727,481,8389,1256,1.7806352467715503,0.266596479907625,1208,9645,fhi:git
county,Trøndelag,2021-01-29,419,229,8808,1485,1.86957149285538,0.315203640655114,648,10293,fhi:git
county,Trøndelag,2021-01-30,1,0,8809,1485,1.86978375119926,0.315203640655114,1,10294,fhi:git
county,Trøndelag,2021-01-31,1,1,8810,1486,1.8699960095431398,0.31541589899899,2,10296,fhi:git
county,Trøndelag,2021-02-01,14,86,8824,1572,1.87296762635739,0.33367011657228196,100,10396,fhi:git
county,Trøndelag,2021-02-02,834,392,9658,1964,2.04999108514956,0.41687538737147795,1226,11622,fhi:git
county,Trøndelag,2021-02-03,2125,809,11783,2773,2.50104006588499,0.588592387566755,2934,14556,fhi:git
county,Trøndelag,2021-02-04,2130,597,13913,3370,2.9531503383397997,0.715310618860427,2727,17283,fhi:git
county,Trøndelag,2021-02-05,1293,320,15206,3690,3.2276003769708197,0.783233288900587,1613,18896,fhi:git
county,Trøndelag,2021-02-06,7,0,15213,3690,3.22908618537795,0.783233288900587,7,18903,fhi:git
county,Trøndelag,2021-02-07,1,0,15214,3690,3.22929844372182,0.783233288900587,1,18904,fhi:git
county,Trøndelag,2021-02-08,3,150,15217,3840,3.22993521875345,0.8150720404819121,153,19057,fhi:git
county,Trøndelag,2021-02-09,836,522,16053,4362,3.4073831942333697,0.9258708959849209,1358,20415,fhi:git
county,Trøndelag,2021-02-10,2225,626,18278,4988,3.8796580093563504,1.05874461925098,2851,23266,fhi:git
county,Trøndelag,2021-02-11,2342,579,20620,5567,4.376767050712759,1.1816422003548999,2921,26187,fhi:git
county,Trøndelag,2021-02-12,885,350,21505,5917,4.564615685042581,1.25593262071132,1235,27422,fhi:git
county,Trøndelag,2021-02-13,1,0,21506,5917,4.56482794338645,1.25593262071132,1,27423,fhi:git
county,Trøndelag,2021-02-14,0,0,21506,5917,4.56482794338645,1.25593262071132,0,27423,fhi:git
county,Trøndelag,2021-02-15,0,2,21506,5919,4.56482794338645,1.25635713739907,2,27425,fhi:git
county,Trøndelag,2021-02-16,343,210,21849,6129,4.63763255533575,1.30093138961293,553,27978,fhi:git
county,Trøndelag,2021-02-17,2230,906,24079,7035,5.11096866217811,1.4932374491641298,3136,31114,fhi:git
county,Trøndelag,2021-02-18,2098,751,26177,7786,5.55628666762891,1.6526434654146298,2849,33963,fhi:git
county,Trøndelag,2021-02-19,1260,410,27437,8196,5.82373218091203,1.73966938640358,1670,35633,fhi:git
county,Trøndelag,2021-02-20,0,1,27437,8197,5.82373218091203,1.7398816447474599,1,35634,fhi:git
county,Trøndelag,2021-02-21,0,3,27437,8200,5.82373218091203,1.7405184197790802,3,35637,fhi:git
county,Trøndelag,2021-02-22,17,2,27454,8202,5.82734057275792,1.74094293646683,19,35656,fhi:git
county,Trøndelag,2021-02-23,333,674,27787,8876,5.898022601268459,1.8840050602389198,1007,36663,fhi:git
county,Trøndelag,2021-02-24,989,2046,28776,10922,6.1079461033613205,2.31828563180819,3035,39698,fhi:git
county,Trøndelag,2021-02-25,475,1960,29251,12882,6.20876881670218,2.73431198580416,2435,42133,fhi:git
county,Trøndelag,2021-02-26,610,1146,29861,14028,6.33824640646624,2.97756004788548,1756,43889,fhi:git
county,Trøndelag,2021-02-27,4,1,29865,14029,6.33909543984174,2.97777230622936,5,43894,fhi:git
county,Trøndelag,2021-02-28,1,0,29866,14029,6.33930769818562,2.97777230622936,1,43895,fhi:git
county,Trøndelag,2021-03-01,529,0,30395,14029,6.4515923620957505,2.97777230622936,529,44424,fhi:git
county,Trøndelag,2021-03-02,818,783,31213,14812,6.62521968738591,3.14397058948387,1601,46025,fhi:git
county,Trøndelag,2021-03-03,1994,2079,33207,16891,7.04846282507365,3.58525568640103,4073,50098,fhi:git
county,Trøndelag,2021-03-04,1876,2271,35083,19162,7.44665947818409,4.06729438534229,4147,54245,fhi:git
county,Trøndelag,2021-03-05,1039,970,36122,20132,7.66719589747073,4.2731849789015195,2009,56254,fhi:git
county,Trøndelag,2021-03-06,0,0,36122,20132,7.66719589747073,4.2731849789015195,0,56254,fhi:git
county,Trøndelag,2021-03-07,1,0,36123,20132,7.667408155814611,4.2731849789015195,1,56255,fhi:git
county,Trøndelag,2021-03-08,433,0,36556,20132,7.759316018712701,4.2731849789015195,433,56688,fhi:git
county,Trøndelag,2021-03-09,1126,299,37682,20431,7.998318913916511,4.33665022372029,1425,58113,fhi:git
county,Trøndelag,2021-03-10,1665,1482,39347,21913,8.35172905646921,4.65121708934378,3147,61260,fhi:git
county,Trøndelag,2021-03-11,840,1150,40187,23063,8.530026065324629,4.89531418480061,1990,63250,fhi:git
county,Trøndelag,2021-03-12,122,468,40309,23531,8.55592158327744,4.99465108973434,590,63840,fhi:git
county,Trøndelag,2021-03-13,0,0,40309,23531,8.55592158327744,4.99465108973434,0,63840,fhi:git
county,Trøndelag,2021-03-14,0,0,40309,23531,8.55592158327744,4.99465108973434,0,63840,fhi:git
county,Trøndelag,2021-03-15,4,4,40313,23535,8.55677061665294,4.9955001231098395,8,63848,fhi:git
county,Trøndelag,2021-03-16,94,5,40407,23540,8.576722900977241,4.99656141482922,99,63947,fhi:git
county,Troms og Finnmark,2020-12-27,0,0,0,0,0.0,0.0,0,0,fhi:git
county,Troms og Finnmark,2020-12-28,1,0,1,0,0.00041099662571770297,0.0,1,1,fhi:git
county,Troms og Finnmark,2020-12-29,0,0,1,0,0.00041099662571770297,0.0,0,1,fhi:git
county,Troms og Finnmark,2020-12-30,0,0,1,0,0.00041099662571770297,0.0,0,1,fhi:git
county,Troms og Finnmark,2020-12-31,0,0,1,0,0.00041099662571770297,0.0,0,1,fhi:git
county,Troms og Finnmark,2021-01-01,0,0,1,0,0.00041099662571770297,0.0,0,1,fhi:git
county,Troms og Finnmark,2021-01-02,0,0,1,0,0.00041099662571770297,0.0,0,1,fhi:git
county,Troms og Finnmark,2021-01-03,0,0,1,0,0.00041099662571770297,0.0,0,1,fhi:git
county,Troms og Finnmark,2021-01-04,0,0,1,0,0.00041293647385286204,0.0,0,1,fhi:git
county,Troms og Finnmark,2021-01-05,53,0,54,0,0.0222985695880546,0.0,53,54,fhi:git
county,Troms og Finnmark,2021-01-06,530,0,584,0,0.241154900730072,0.0,530,584,fhi:git
county,Troms og Finnmark,2021-01-07,188,0,772,0,0.31878695781440997,0.0,188,772,fhi:git
county,Troms og Finnmark,2021-01-08,247,0,1019,0,0.420782266856067,0.0,247,1019,fhi:git
county,Troms og Finnmark,2021-01-09,0,0,1019,0,0.420782266856067,0.0,0,1019,fhi:git
county,Troms og Finnmark,2021-01-10,0,0,1019,0,0.420782266856067,0.0,0,1019,fhi:git
county,Troms og Finnmark,2021-01-11,1,0,1020,0,0.42119520332991994,0.0,1,1020,fhi:git
county,Troms og Finnmark,2021-01-12,188,0,1208,0,0.498827260414258,0.0,188,1208,fhi:git
county,Troms og Finnmark,2021-01-13,569,0,1777,0,0.733788114036537,0.0,569,1777,fhi:git
county,Troms og Finnmark,2021-01-14,331,0,2108,0,0.8704700868818341,0.0,331,2108,fhi:git
county,Troms og Finnmark,2021-01-15,37,0,2145,0,0.88574873641439,0.0,37,2145,fhi:git
county,Troms og Finnmark,2021-01-16,2,0,2147,0,0.8865746093620959,0.0,2,2147,fhi:git
county,Troms og Finnmark,2021-01-17,1,0,2148,0,0.8869875458359491,0.0,1,2148,fhi:git
county,Troms og Finnmark,2021-01-18,0,1,2148,1,0.8869875458359491,0.00041293647385286204,1,2149,fhi:git
county,Troms og Finnmark,2021-01-19,248,0,2396,1,0.9893957913514592,0.00041293647385286204,248,2397,fhi:git
county,Troms og Finnmark,2021-01-20,913,0,3309,1,1.36640679197912,0.00041293647385286204,913,3310,fhi:git
county,Troms og Finnmark,2021-01-21,248,0,3557,1,1.4688150374946298,0.00041293647385286204,248,3558,fhi:git
county,Troms og Finnmark,2021-01-22,81,0,3638,1,1.50226289187671,0.00041293647385286204,81,3639,fhi:git
county,Troms og Finnmark,2021-01-23,12,0,3650,1,1.5072181295629499,0.00041293647385286204,12,3651,fhi:git
county,Troms og Finnmark,2021-01-24,0,0,3650,1,1.5072181295629499,0.00041293647385286204,0,3651,fhi:git
county,Troms og Finnmark,2021-01-25,6,0,3656,1,1.5096957484060702,0.00041293647385286204,6,3657,fhi:git
county,Troms og Finnmark,2021-01-26,85,0,3741,1,1.5447953486835602,0.00041293647385286204,85,3742,fhi:git
county,Troms og Finnmark,2021-01-27,667,357,4408,358,1.82022397674342,0.14783125763932503,1024,4766,fhi:git
county,Troms og Finnmark,2021-01-28,235,276,4643,634,1.91726404809884,0.261801724422715,511,5277,fhi:git
county,Troms og Finnmark,2021-01-29,103,243,4746,877,1.95979650490569,0.36214528756896003,346,5623,fhi:git
county,Troms og Finnmark,2021-01-30,0,0,4746,877,1.95979650490569,0.36214528756896003,0,5623,fhi:git
county,Troms og Finnmark,2021-01-31,0,0,4746,877,1.95979650490569,0.36214528756896003,0,5623,fhi:git
county,Troms og Finnmark,2021-02-01,0,2,4746,879,1.95979650490569,0.362971160516666,2,5625,fhi:git
county,Troms og Finnmark,2021-02-02,121,21,4867,900,2.00976181824188,0.37164282646757596,142,5767,fhi:git
county,Troms og Finnmark,2021-02-03,1159,562,6026,1462,2.4883551914373503,0.603713124772885,1721,7488,fhi:git
county,Troms og Finnmark,2021-02-04,1149,381,7175,1843,2.96281919989429,0.7610419213108259,1530,9018,fhi:git
county,Troms og Finnmark,2021-02-05,286,140,7461,1983,3.08091903141621,0.8188530276502259,426,9444,fhi:git
county,Troms og Finnmark,2021-02-06,1,1,7462,1984,3.08133196789006,0.819265964124079,2,9446,fhi:git
county,Troms og Finnmark,2021-02-07,0,1,7462,1985,3.08133196789006,0.819678900597932,1,9447,fhi:git
county,Troms og Finnmark,2021-02-08,0,0,7462,1985,3.08133196789006,0.819678900597932,0,9447,fhi:git
county,Troms og Finnmark,2021-02-09,72,26,7534,2011,3.11106339400747,0.8304152489181059,98,9545,fhi:git
county,Troms og Finnmark,2021-02-10,1407,802,8941,2813,3.6920650127184396,1.1615903009481001,2209,11754,fhi:git
county,Troms og Finnmark,2021-02-11,996,466,9937,3279,4.10334974067589,1.3540186977635402,1462,13216,fhi:git
county,Troms og Finnmark,2021-02-12,294,113,10231,3392,4.22475306398864,1.4006805193089098,407,13623,fhi:git
county,Troms og Finnmark,2021-02-13,5,2,10236,3394,4.2268177463578995,1.4015063922566202,7,13630,fhi:git
county,Troms og Finnmark,2021-02-14,0,0,10236,3394,4.2268177463578995,1.4015063922566202,0,13630,fhi:git
county,Troms og Finnmark,2021-02-15,0,6,10236,3400,4.2268177463578995,1.40398401109973,6,13636,fhi:git
county,Troms og Finnmark,2021-02-16,132,52,10368,3452,4.28132536090648,1.4254567077400802,184,13820,fhi:git
county,Troms og Finnmark,2021-02-17,963,581,11331,4033,4.67898318522679,1.66537279904859,1544,15364,fhi:git
county,Troms og Finnmark,2021-02-18,1295,263,12626,4296,5.213735918866241,1.7739750916719,1558,16922,fhi:git
county,Troms og Finnmark,2021-02-19,234,132,12860,4428,5.3103630537478095,1.8284827062204798,366,17288,fhi:git
county,Troms og Finnmark,2021-02-20,0,0,12860,4428,5.3103630537478095,1.8284827062204798,0,17288,fhi:git
county,Troms og Finnmark,2021-02-21,0,0,12860,4428,5.3103630537478095,1.8284827062204798,0,17288,fhi:git
county,Troms og Finnmark,2021-02-22,107,0,12967,4428,5.35454725645007,1.8284827062204798,107,17395,fhi:git
county,Troms og Finnmark,2021-02-23,79,78,13046,4506,5.38716923788444,1.860691751181,157,17552,fhi:git
county,Troms og Finnmark,2021-02-24,429,988,13475,5494,5.564318985167319,2.26867298734763,1417,18969,fhi:git
county,Troms og Finnmark,2021-02-25,567,1053,14042,6547,5.7984539658419,2.70349509431469,1620,20589,fhi:git
county,Troms og Finnmark,2021-02-26,273,403,14315,6950,5.911185623203731,2.86990849327739,676,21265,fhi:git
county,Troms og Finnmark,2021-02-27,0,0,14315,6950,5.911185623203731,2.86990849327739,0,21265,fhi:git
county,Troms og Finnmark,2021-02-28,3,0,14318,6950,5.91242443262529,2.86990849327739,3,21268,fhi:git
county,Troms og Finnmark,2021-03-01,334,0,14652,6950,6.05034521489214,2.86990849327739,334,21602,fhi:git
county,Troms og Finnmark,2021-03-02,555,72,15207,7022,6.27952495788048,2.8996399193948,627,22229,fhi:git
county,Troms og Finnmark,2021-03-03,598,1178,15805,8200,6.526460969244489,3.38607908559347,1776,24005,fhi:git
county,Troms og Finnmark,2021-03-04,864,932,16669,9132,6.88323808265337,3.7709358792243397,1796,25801,fhi:git
county,Troms og Finnmark,2021-03-05,700,373,17369,9505,7.17229361435037,3.92496118397146,1073,26874,fhi:git
county,Troms og Finnmark,2021-03-06,0,1,17369,9506,7.17229361435037,3.92537412044531,1,26875,fhi:git
county,Troms og Finnmark,2021-03-07,0,0,17369,9506,7.17229361435037,3.92537412044531,0,26875,fhi:git
county,Troms og Finnmark,2021-03-08,408,0,17777,9506,7.3407716956823394,3.92537412044531,408,27283,fhi:git
county,Troms og Finnmark,2021-03-09,604,50,18381,9556,7.590185325889469,3.94602094413795,654,27937,fhi:git
county,Troms og Finnmark,2021-03-10,924,688,19305,10244,7.97173862772951,4.23012123814872,1612,29549,fhi:git
county,Troms og Finnmark,2021-03-11,790,1037,20095,11281,8.29795844207327,4.65833636153414,1827,31376,fhi:git
county,Troms og Finnmark,2021-03-12,69,207,20164,11488,8.32645105876912,4.74381421162168,276,31652,fhi:git
county,Troms og Finnmark,2021-03-13,0,0,20164,11488,8.32645105876912,4.74381421162168,0,31652,fhi:git
county,Troms og Finnmark,2021-03-14,0,0,20164,11488,8.32645105876912,4.74381421162168,0,31652,fhi:git
county,Troms og Finnmark,2021-03-15,2,5,20166,11493,8.32727693171682,4.74587889399095,7,31659,fhi:git
county,Troms og Finnmark,2021-03-16,13,1,20179,11494,8.33264510587691,4.7462918304648,14,31673,fhi:git
nation,Norge,2020-12-27,5,0,5,0,9.31518486915891e-05,0.0,5,5,fhi:git
nation,Norge,2020-12-28,603,0,608,0,0.0113272648008972,0.0,603,608,fhi:git
nation,Norge,2020-12-29,1067,0,1675,0,0.0312058693116824,0.0,1067,1675,fhi:git
nation,Norge,2020-12-30,424,0,2099,0,0.0391051460807291,0.0,424,2099,fhi:git
nation,Norge,2020-12-31,72,0,2171,0,0.040446532701888,0.0,72,2171,fhi:git
nation,Norge,2021-01-01,6,0,2177,0,0.0405583149203179,0.0,6,2177,fhi:git
nation,Norge,2021-01-02,0,0,2177,0,0.0405583149203179,0.0,0,2177,fhi:git
nation,Norge,2021-01-03,3,0,2180,0,0.0406142060295329,0.0,3,2180,fhi:git
nation,Norge,2021-01-04,6,0,2186,0,0.040546287965079,0.0,6,2186,fhi:git
nation,Norge,2021-01-05,3385,0,5571,0,0.10333182536754598,0.0,3385,5571,fhi:git
nation,Norge,2021-01-06,9064,0,14635,0,0.27145238992174303,0.0,9064,14635,fhi:git
nation,Norge,2021-01-07,6552,0,21187,0,0.39297996482896996,0.0,6552,21187,fhi:git
nation,Norge,2021-01-08,1615,0,22802,0,0.422935250768404,0.0,1615,22802,fhi:git
nation,Norge,2021-01-09,135,0,22937,0,0.425439252998635,0.0,135,22937,fhi:git
nation,Norge,2021-01-10,108,0,23045,0,0.427442454782821,0.0,108,23045,fhi:git
nation,Norge,2021-01-11,352,0,23397,0,0.43397140874609,0.0,352,23397,fhi:git
nation,Norge,2021-01-12,4254,0,27651,0,0.5128753012453791,0.0,4254,27651,fhi:git
nation,Norge,2021-01-13,9775,0,37426,0,0.6941836108787951,0.0,9775,37426,fhi:git
nation,Norge,2021-01-14,8470,0,45896,0,0.8512865656199751,0.0,8470,45896,fhi:git
nation,Norge,2021-01-15,4470,0,50366,0,0.9341968616876339,0.0,4470,50366,fhi:git
nation,Norge,2021-01-16,745,0,51111,0,0.948015244365578,0.0,745,51111,fhi:git
nation,Norge,2021-01-17,346,5,51457,5,0.954432909340837,9.27408233419007e-05,351,51462,fhi:git
nation,Norge,2021-01-18,1284,283,52741,288,0.978248752775037,0.00534187142449348,1567,53029,fhi:git
nation,Norge,2021-01-19,4583,772,57324,1060,1.0632549914502198,0.019661054548483003,5355,58384,fhi:git
nation,Norge,2021-01-20,10044,693,67368,1753,1.2495527573794298,0.0325149326636704,10737,69121,fhi:git
nation,Norge,2021-01-21,8428,169,75796,1922,1.40587668920454,0.0356495724926266,8597,77718,fhi:git
nation,Norge,2021-01-22,3315,7,79111,1929,1.4673638550802202,0.0357794096453053,3322,81040,fhi:git
nation,Norge,2021-01-23,359,0,79470,1929,1.4740226461961699,0.0357794096453053,359,81399,fhi:git
nation,Norge,2021-01-24,67,0,79537,1929,1.4752653732289498,0.0357794096453053,67,81466,fhi:git
nation,Norge,2021-01-25,579,0,80116,1929,1.48600476057194,0.0357794096453053,579,82045,fhi:git
nation,Norge,2021-01-26,2274,2142,82390,4071,1.52818328702784,0.0755095783649756,4416,86461,fhi:git
nation,Norge,2021-01-27,11396,7579,93786,11650,1.7395581715886999,0.216086118386629,18975,105436,fhi:git
nation,Norge,2021-01-28,10880,6556,104666,18206,1.9413622031806799,0.337687885952529,17436,122872,fhi:git
nation,Norge,2021-01-29,3802,2106,108468,20312,2.01188232524986,0.3767503207441379,5908,128780,fhi:git
nation,Norge,2021-01-30,143,172,108611,20484,2.01453471279744,0.37994060506709904,315,129095,fhi:git
nation,Norge,2021-01-31,96,51,108707,20535,2.0163153366056,0.380886561465186,147,129242,fhi:git
nation,Norge,2021-02-01,198,301,108905,20836,2.01998787320994,0.38646955903036895,499,129741,fhi:git
nation,Norge,2021-02-02,6353,3139,115258,23975,2.1378243633481597,0.444692247924414,9492,139233,fhi:git
nation,Norge,2021-02-03,25108,8314,140366,32289,2.60353168184185,0.5989016889773271,33422,172655,fhi:git
nation,Norge,2021-02-04,25942,8634,166308,40923,3.08470816966897,0.7590465427241209,34576,207231,fhi:git
nation,Norge,2021-02-05,10622,4860,176930,45783,3.2817267747764998,0.849190623012448,15482,222713,fhi:git
nation,Norge,2021-02-06,806,735,177736,46518,3.2966765954992097,0.862823524043708,1541,224254,fhi:git
nation,Norge,2021-02-07,320,295,178056,46813,3.3026120081931003,0.86829523262088,615,224869,fhi:git
nation,Norge,2021-02-08,119,922,178175,47735,3.30481923978863,0.885396640445126,1041,225910,fhi:git
nation,Norge,2021-02-09,5541,3234,183716,50969,3.40759462021613,0.945381404982668,8775,234685,fhi:git
nation,Norge,2021-02-10,22951,8639,206667,59608,3.83329354752012,1.1056189995528,31590,266275,fhi:git
nation,Norge,2021-02-11,20909,8558,227576,68166,4.22111712257128,1.2643541927848,29467,295742,fhi:git
nation,Norge,2021-02-12,8035,3608,235611,71774,4.37015162568171,1.3312759709083202,11643,307385,fhi:git
nation,Norge,2021-02-13,891,305,236502,72079,4.38667804040124,1.33693316113217,1196,308581,fhi:git
nation,Norge,2021-02-14,110,2,236612,72081,4.388718338514759,1.33697025746151,112,308693,fhi:git
nation,Norge,2021-02-15,802,751,237414,72832,4.4035939665788,1.35089992912746,1553,310246,fhi:git
nation,Norge,2021-02-16,5999,2173,243413,75005,4.51486440642442,1.39120509095185,8172,318418,fhi:git
nation,Norge,2021-02-17,21764,10175,265177,85180,4.91854666226704,1.57993266645262,31939,350357,fhi:git
nation,Norge,2021-02-18,18838,10782,284015,95962,5.26795698828999,1.7799189779071,29620,379977,fhi:git
nation,Norge,2021-02-19,10712,4790,294727,100752,5.466644928217679,1.8687646866686398,15502,395479,fhi:git
nation,Norge,2021-02-20,494,169,295221,100921,5.47580772156386,1.87189932649759,663,396142,fhi:git
nation,Norge,2021-02-21,58,96,295279,101017,5.476883515114619,1.87367995030576,154,396296,fhi:git
nation,Norge,2021-02-22,2567,141,297846,101158,5.52449665381835,1.876295241524,2708,399004,fhi:git
nation,Norge,2021-02-23,5705,5202,303551,106360,5.630313933251459,1.97278279412891,10907,409911,fhi:git
nation,Norge,2021-02-24,10761,22267,314312,128627,5.8299107332479,2.38579477679973,33028,442939,fhi:git
nation,Norge,2021-02-25,11054,24988,325366,153615,6.034942145492179,2.84927631553322,36042,478981,fhi:git
nation,Norge,2021-02-26,8275,9912,333641,163527,6.18842820812302,3.0331257237262004,18187,497168,fhi:git
nation,Norge,2021-02-27,440,199,334081,163726,6.1965894005771105,3.03681680849521,639,497807,fhi:git
nation,Norge,2021-02-28,538,159,334619,163885,6.2065683131687,3.03976596667748,697,498504,fhi:git
nation,Norge,2021-03-01,5888,62,340507,163947,6.31577990673612,3.04091595288692,5950,504454,fhi:git
nation,Norge,2021-03-02,10470,3817,350977,167764,6.50997919081406,3.11171429742613,14287,518741,fhi:git
nation,Norge,2021-03-03,17434,17947,368411,185711,6.8333478936426,3.4445982087295497,35381,554122,fhi:git
nation,Norge,2021-03-04,16123,18354,384534,204065,7.13239995259089,3.785031223053,34477,588599,fhi:git
nation,Norge,2021-03-05,11814,6422,396348,210487,7.35152796998314,3.90414753655333,18236,606835,fhi:git
nation,Norge,2021-03-06,293,477,396641,210964,7.356962582230969,3.9129950111001497,770,607605,fhi:git
nation,Norge,2021-03-07,91,0,396732,210964,7.35865046521579,3.9129950111001497,91,607696,fhi:git
nation,Norge,2021-03-08,4861,46,401593,211010,7.4488130936687895,3.9138482266748897,4907,612603,fhi:git
nation,Norge,2021-03-09,12134,4223,413727,215233,7.6738765237549105,3.99217712606946,16357,628960,fhi:git
nation,Norge,2021-03-10,20634,17028,434361,232261,8.05659935352227,4.30801527404264,37662,666622,fhi:git
nation,Norge,2021-03-11,11700,16370,446061,248631,8.27361288014232,4.61164872966402,28070,694692,fhi:git
nation,Norge,2021-03-12,2280,8144,448341,256775,8.31590269558622,4.762704982723309,10424,705116,fhi:git
nation,Norge,2021-03-13,28,293,448369,257068,8.31642204419694,4.76813959497115,321,705437,fhi:git
nation,Norge,2021-03-14,3,103,448372,257171,8.31647768869094,4.77005005593199,106,705543,fhi:git
nation,Norge,2021-03-15,103,416,448475,257587,8.31838814965179,4.777766092434041,519,706062,fhi:git
nation,Norge,2021-03-16,2833,264,451308,257851,8.37093510015731,4.78266280790649,3097,709159,fhi:git
