granularity_geo,location_name,date,new_dose_1,new_dose_2,total_dose_1,total_dose_2,total_pr100_dose_1,total_pr100_dose_2,new_doses,total_doses,source
county,Oslo,2020-12-27,5,0,5,0,0.00072098677133472,0.0,5,5,fhi:git
county,Oslo,2020-12-28,264,0,269,0,0.0387890882978079,0.0,264,269,fhi:git
county,Oslo,2020-12-29,118,0,387,0,0.0558043761013073,0.0,118,387,fhi:git
county,Oslo,2020-12-30,58,0,445,0,0.06416782264879001,0.0,58,445,fhi:git
county,Oslo,2020-12-31,5,0,450,0,0.0648888094201248,0.0,5,450,fhi:git
county,Oslo,2021-01-01,6,0,456,0,0.0657539935457264,0.0,6,456,fhi:git
county,Oslo,2021-01-02,0,0,456,0,0.0657539935457264,0.0,0,456,fhi:git
county,Oslo,2021-01-03,0,0,456,0,0.0657539935457264,0.0,0,456,fhi:git
county,Oslo,2021-01-04,0,0,456,0,0.0657539935457264,0.0,0,456,fhi:git
county,Oslo,2021-01-05,480,0,936,0,0.13496872359386,0.0,480,936,fhi:git
county,Oslo,2021-01-06,605,0,1541,0,0.22220812292536102,0.0,605,1541,fhi:git
county,Oslo,2021-01-07,967,0,2508,0,0.36164696450149497,0.0,967,2508,fhi:git
county,Oslo,2021-01-08,449,0,2957,0,0.42639157656735294,0.0,449,2957,fhi:git
county,Oslo,2021-01-09,126,0,3083,0,0.44456044320498794,0.0,126,3083,fhi:git
county,Oslo,2021-01-10,100,0,3183,0,0.458980178631683,0.0,100,3183,fhi:git
county,Oslo,2021-01-11,76,0,3259,0,0.46993917755597,0.0,76,3259,fhi:git
county,Oslo,2021-01-12,242,0,3501,0,0.5048349372885711,0.0,242,3501,fhi:git
county,Oslo,2021-01-13,489,0,3990,0,0.5753474435251059,0.0,489,3990,fhi:git
county,Oslo,2021-01-14,1232,0,5222,0,0.7529985839819809,0.0,1232,5222,fhi:git
county,Oslo,2021-01-15,1640,0,6862,0,0.989482244979769,0.0,1640,6862,fhi:git
county,Oslo,2021-01-16,643,0,7505,0,1.08220114377341,0.0,643,7505,fhi:git
county,Oslo,2021-01-17,274,5,7779,5,1.12171121884256,0.00072098677133472,279,7784,fhi:git
county,Oslo,2021-01-18,760,231,8539,236,1.23130120808543,0.0340305756069988,991,8775,fhi:git
county,Oslo,2021-01-19,809,69,9348,305,1.3479568676873899,0.0439801930514179,878,9653,fhi:git
county,Oslo,2021-01-20,991,99,10339,404,1.49085644576593,0.0582557311238453,1090,10743,fhi:git
county,Oslo,2021-01-21,1020,21,11359,425,1.63793774711822,0.0612838755634512,1041,11784,fhi:git
county,Oslo,2021-01-22,669,6,12028,431,1.7344057771228,0.0621490596890528,675,12459,fhi:git
county,Oslo,2021-01-23,232,0,12260,431,1.7678595633127299,0.0621490596890528,232,12691,fhi:git
county,Oslo,2021-01-24,67,0,12327,431,1.77752078604862,0.0621490596890528,67,12758,fhi:git
county,Oslo,2021-01-25,258,0,12585,431,1.81472370344949,0.0621490596890528,258,13016,fhi:git
county,Oslo,2021-01-26,314,403,12899,834,1.86000167268931,0.12026059345863101,717,13733,fhi:git
county,Oslo,2021-01-27,1030,529,13929,1363,2.00852494758426,0.196540993865845,1559,15292,fhi:git
county,Oslo,2021-01-28,871,842,14800,2205,2.13412084315077,0.317955166158611,1713,17005,fhi:git
county,Oslo,2021-01-29,423,501,15223,2706,2.19511632400569,0.39019804064635,924,17929,fhi:git
county,Oslo,2021-01-30,92,151,15315,2857,2.20838248059825,0.411971841140659,243,18172,fhi:git
county,Oslo,2021-01-31,60,45,15375,2902,2.2170343218542596,0.418460722082671,105,18277,fhi:git
county,Oslo,2021-02-01,52,46,15427,2948,2.22453258427614,0.425093800378951,98,18375,fhi:git
county,Oslo,2021-02-02,1524,150,16951,3098,2.4442893521789704,0.446723403518992,1674,20049,fhi:git
county,Oslo,2021-02-03,2440,458,19391,3556,2.79613089659031,0.512765791773253,2898,22947,fhi:git
county,Oslo,2021-02-04,2037,1228,21428,4784,3.08986090723207,0.6898401428130599,3265,26212,fhi:git
county,Oslo,2021-02-05,1379,1569,22807,6353,3.28870905876619,0.9160857916578949,2948,29160,fhi:git
county,Oslo,2021-02-06,241,631,23048,6984,3.32346062114452,1.00707432220034,872,30032,fhi:git
county,Oslo,2021-02-07,215,269,23263,7253,3.35446305231192,1.04586341049814,484,30516,fhi:git
county,Oslo,2021-02-08,45,443,23308,7696,3.36095193325393,1.1097428384383998,488,31004,fhi:git
county,Oslo,2021-02-09,1163,243,24471,7939,3.5286534562663903,1.1447827955252698,1406,32410,fhi:git
county,Oslo,2021-02-10,1834,808,26305,8747,3.7931114039919596,1.26129425777296,2642,35052,fhi:git
county,Oslo,2021-02-11,1585,742,27890,9489,4.02166421050507,1.36828869463903,2327,37379,fhi:git
county,Oslo,2021-02-12,1351,428,29241,9917,4.21647483611971,1.4300051622652798,1779,39158,fhi:git
county,Oslo,2021-02-13,272,193,29513,10110,4.25569651648032,1.4578352516388,465,39623,fhi:git
county,Oslo,2021-02-14,103,0,29616,10110,4.27054884396981,1.4578352516388,103,39726,fhi:git
county,Oslo,2021-02-15,259,442,29875,10552,4.30789595872495,1.5215704822247902,701,40427,fhi:git
county,Oslo,2021-02-16,701,745,30576,11297,4.40897830406608,1.6289975111536699,1446,41873,fhi:git
county,Oslo,2021-02-17,1388,1044,31964,12341,4.609124231788599,1.7795395490083603,2432,44305,fhi:git
county,Oslo,2021-02-18,991,870,32955,13211,4.752023809867139,1.9049912472205999,1861,46166,fhi:git
county,Oslo,2021-02-19,1328,880,34283,14091,4.943517896333639,2.03188491897551,2208,48374,fhi:git
county,Oslo,2021-02-20,98,111,34381,14202,4.9576492370517995,2.04789082529914,209,48583,fhi:git
county,Oslo,2021-02-21,5,61,34386,14263,4.95837022382313,2.0566868639094196,66,48649,fhi:git
county,Oslo,2021-02-22,580,109,34966,14372,5.0420046892979595,2.07240437552452,689,49338,fhi:git
county,Oslo,2021-02-23,271,1392,35237,15764,5.0810821723043,2.2731270926641,1663,51001,fhi:git
county,Rogaland,2020-12-27,0,0,0,0,0.0,0.0,0,0,fhi:git
county,Rogaland,2020-12-28,1,0,1,0,0.00020838021888258202,0.0,1,1,fhi:git
county,Rogaland,2020-12-29,0,0,1,0,0.00020838021888258202,0.0,0,1,fhi:git
county,Rogaland,2020-12-30,0,0,1,0,0.00020838021888258202,0.0,0,1,fhi:git
county,Rogaland,2020-12-31,0,0,1,0,0.00020838021888258202,0.0,0,1,fhi:git
county,Rogaland,2021-01-01,0,0,1,0,0.00020838021888258202,0.0,0,1,fhi:git
county,Rogaland,2021-01-02,0,0,1,0,0.00020838021888258202,0.0,0,1,fhi:git
county,Rogaland,2021-01-03,0,0,1,0,0.00020838021888258202,0.0,0,1,fhi:git
county,Rogaland,2021-01-04,0,0,1,0,0.00020838021888258202,0.0,0,1,fhi:git
county,Rogaland,2021-01-05,548,0,549,0,0.11440074016653698,0.0,548,549,fhi:git
county,Rogaland,2021-01-06,641,0,1190,0,0.24797246047027302,0.0,641,1190,fhi:git
county,Rogaland,2021-01-07,211,0,1401,0,0.291940686654497,0.0,211,1401,fhi:git
county,Rogaland,2021-01-08,20,0,1421,0,0.296108291032149,0.0,20,1421,fhi:git
county,Rogaland,2021-01-09,1,0,1422,0,0.296316671251032,0.0,1,1422,fhi:git
county,Rogaland,2021-01-10,0,0,1422,0,0.296316671251032,0.0,0,1422,fhi:git
county,Rogaland,2021-01-11,1,0,1423,0,0.29652505146991404,0.0,1,1423,fhi:git
county,Rogaland,2021-01-12,117,0,1540,0,0.320905537079176,0.0,117,1540,fhi:git
county,Rogaland,2021-01-13,761,0,2301,0,0.479482883648821,0.0,761,2301,fhi:git
county,Rogaland,2021-01-14,536,0,2837,0,0.591174680969885,0.0,536,2837,fhi:git
county,Rogaland,2021-01-15,289,0,3126,0,0.651396564226951,0.0,289,3126,fhi:git
county,Rogaland,2021-01-16,0,0,3126,0,0.651396564226951,0.0,0,3126,fhi:git
county,Rogaland,2021-01-17,0,0,3126,0,0.651396564226951,0.0,0,3126,fhi:git
county,Rogaland,2021-01-18,71,0,3197,0,0.666191559767614,0.0,71,3197,fhi:git
county,Rogaland,2021-01-19,512,0,3709,0,0.772882231835496,0.0,512,3709,fhi:git
county,Rogaland,2021-01-20,656,0,4365,0,0.90957965542247,0.0,656,4365,fhi:git
county,Rogaland,2021-01-21,426,0,4791,0,0.9983496286664499,0.0,426,4791,fhi:git
county,Rogaland,2021-01-22,274,0,5065,0,1.05544580864028,0.0,274,5065,fhi:git
county,Rogaland,2021-01-23,0,0,5065,0,1.05544580864028,0.0,0,5065,fhi:git
county,Rogaland,2021-01-24,0,0,5065,0,1.05544580864028,0.0,0,5065,fhi:git
county,Rogaland,2021-01-25,149,0,5214,0,1.08649446125378,0.0,149,5214,fhi:git
county,Rogaland,2021-01-26,339,381,5553,381,1.15713535545498,0.0793928633942637,720,5934,fhi:git
county,Rogaland,2021-01-27,861,603,6414,984,1.3365507239128798,0.20504613538046104,1464,7398,fhi:git
county,Rogaland,2021-01-28,521,282,6935,1266,1.4451168179507101,0.26380935710534903,803,8201,fhi:git
county,Rogaland,2021-01-29,410,22,7345,1288,1.53055270769256,0.268393721920766,432,8633,fhi:git
county,Rogaland,2021-01-30,2,1,7347,1289,1.53096946813033,0.268602102139648,3,8636,fhi:git
county,Rogaland,2021-01-31,0,0,7347,1289,1.53096946813033,0.268602102139648,0,8636,fhi:git
county,Rogaland,2021-02-01,12,5,7359,1294,1.53347003075692,0.269644003234061,17,8653,fhi:git
county,Rogaland,2021-02-02,450,75,7809,1369,1.62724112925408,0.285272519650255,525,9178,fhi:git
county,Rogaland,2021-02-03,2402,635,10211,2004,2.12777041501004,0.41759395864069393,3037,12215,fhi:git
county,Rogaland,2021-02-04,1864,546,12075,2550,2.51619114300718,0.531369558150584,2410,14625,fhi:git
county,Rogaland,2021-02-05,657,279,12732,2829,2.6530969468130294,0.589507639218824,936,15561,fhi:git
county,Rogaland,2021-02-06,0,0,12732,2829,2.6530969468130294,0.589507639218824,0,15561,fhi:git
county,Rogaland,2021-02-07,0,0,12732,2829,2.6530969468130294,0.589507639218824,0,15561,fhi:git
county,Rogaland,2021-02-08,7,71,12739,2900,2.65455560834521,0.6043026347594879,78,15639,fhi:git
county,Rogaland,2021-02-09,586,394,13325,3294,2.7766664166104,0.6864044409992249,980,16619,fhi:git
county,Rogaland,2021-02-10,1910,680,15235,3974,3.17467263467614,0.828102989839381,2590,19209,fhi:git
county,Rogaland,2021-02-11,1171,490,16406,4464,3.41868587098764,0.930209297091846,1661,20870,fhi:git
county,Rogaland,2021-02-12,482,265,16888,4729,3.5191251364890404,0.98543005509573,747,21617,fhi:git
county,Rogaland,2021-02-13,0,0,16888,4729,3.5191251364890404,0.98543005509573,0,21617,fhi:git
county,Rogaland,2021-02-14,0,0,16888,4729,3.5191251364890404,0.98543005509573,0,21617,fhi:git
county,Rogaland,2021-02-15,0,146,16888,4875,3.5191251364890404,1.01585356705259,146,21763,fhi:git
county,Rogaland,2021-02-16,475,315,17363,5190,3.61810574045827,1.0814933360006,790,22553,fhi:git
county,Rogaland,2021-02-17,1467,779,18830,5969,3.9237995215590202,1.2438215265101298,2246,24799,fhi:git
county,Rogaland,2021-02-18,1080,438,19910,6407,4.14885015795221,1.3350920623806999,1518,26317,fhi:git
county,Rogaland,2021-02-19,432,405,20342,6812,4.23887041250948,1.41948605102815,837,27154,fhi:git
county,Rogaland,2021-02-20,1,0,20343,6812,4.2390787927283595,1.41948605102815,1,27155,fhi:git
county,Rogaland,2021-02-21,0,0,20343,6812,4.2390787927283595,1.41948605102815,0,27155,fhi:git
county,Rogaland,2021-02-22,251,13,20594,6825,4.29138222766789,1.42219499387362,264,27419,fhi:git
county,Rogaland,2021-02-23,334,386,20928,7211,4.360981220774669,1.5026297583623,720,28139,fhi:git
county,Møre og Romsdal,2020-12-27,0,0,0,0,0.0,0.0,0,0,fhi:git
county,Møre og Romsdal,2020-12-28,0,0,0,0,0.0,0.0,0,0,fhi:git
county,Møre og Romsdal,2020-12-29,0,0,0,0,0.0,0.0,0,0,fhi:git
county,Møre og Romsdal,2020-12-30,0,0,0,0,0.0,0.0,0,0,fhi:git
county,Møre og Romsdal,2020-12-31,0,0,0,0,0.0,0.0,0,0,fhi:git
county,Møre og Romsdal,2021-01-01,0,0,0,0,0.0,0.0,0,0,fhi:git
county,Møre og Romsdal,2021-01-02,0,0,0,0,0.0,0.0,0,0,fhi:git
county,Møre og Romsdal,2021-01-03,0,0,0,0,0.0,0.0,0,0,fhi:git
county,Møre og Romsdal,2021-01-04,0,0,0,0,0.0,0.0,0,0,fhi:git
county,Møre og Romsdal,2021-01-05,186,0,186,0,0.0701256984293352,0.0,186,186,fhi:git
county,Møre og Romsdal,2021-01-06,497,0,683,0,0.257504580791591,0.0,497,683,fhi:git
county,Møre og Romsdal,2021-01-07,457,0,1140,0,0.429802667792699,0.0,457,1140,fhi:git
county,Møre og Romsdal,2021-01-08,35,0,1175,0,0.442998363733703,0.0,35,1175,fhi:git
county,Møre og Romsdal,2021-01-09,1,0,1176,0,0.4433753836177321,0.0,1,1176,fhi:git
county,Møre og Romsdal,2021-01-10,0,0,1176,0,0.4433753836177321,0.0,0,1176,fhi:git
county,Møre og Romsdal,2021-01-11,1,0,1177,0,0.443752403501761,0.0,1,1177,fhi:git
county,Møre og Romsdal,2021-01-12,227,0,1404,0,0.529335917176272,0.0,227,1404,fhi:git
county,Møre og Romsdal,2021-01-13,387,0,1791,0,0.6752426122953721,0.0,387,1791,fhi:git
county,Møre og Romsdal,2021-01-14,410,0,2201,0,0.829820764747133,0.0,410,2201,fhi:git
county,Møre og Romsdal,2021-01-15,152,0,2353,0,0.8871277871194929,0.0,152,2353,fhi:git
county,Møre og Romsdal,2021-01-16,1,0,2354,0,0.887504807003522,0.0,1,2354,fhi:git
county,Møre og Romsdal,2021-01-17,1,0,2355,0,0.88788182688755,0.0,1,2355,fhi:git
county,Møre og Romsdal,2021-01-18,11,0,2366,0,0.892029045611866,0.0,11,2366,fhi:git
county,Møre og Romsdal,2021-01-19,203,0,2569,0,0.968564082069688,0.0,203,2569,fhi:git
county,Møre og Romsdal,2021-01-20,500,0,3069,0,1.15707402408403,0.0,500,3069,fhi:git
county,Møre og Romsdal,2021-01-21,801,0,3870,0,1.45906695119101,0.0,801,3870,fhi:git
county,Møre og Romsdal,2021-01-22,212,0,4082,0,1.5389951666050903,0.0,212,4082,fhi:git
county,Møre og Romsdal,2021-01-23,0,0,4082,0,1.5389951666050903,0.0,0,4082,fhi:git
county,Møre og Romsdal,2021-01-24,0,0,4082,0,1.5389951666050903,0.0,0,4082,fhi:git
county,Møre og Romsdal,2021-01-25,3,0,4085,0,1.5401262262571698,0.0,3,4085,fhi:git
county,Møre og Romsdal,2021-01-26,78,129,4163,129,1.5695337772114097,0.0486355650397002,207,4292,fhi:git
county,Møre og Romsdal,2021-01-27,539,359,4702,488,1.7727474947028703,0.183985703405998,898,5190,fhi:git
county,Møre og Romsdal,2021-01-28,487,509,5189,997,1.9563561782248402,0.37588882437659793,996,6186,fhi:git
county,Møre og Romsdal,2021-01-29,93,77,5282,1074,1.9914190274395098,0.404919355446806,170,6356,fhi:git
county,Møre og Romsdal,2021-01-30,0,1,5282,1075,1.9914190274395098,0.40529637533083496,1,6357,fhi:git
county,Møre og Romsdal,2021-01-31,0,0,5282,1075,1.9914190274395098,0.40529637533083496,0,6357,fhi:git
county,Møre og Romsdal,2021-02-01,0,0,5282,1075,1.9914190274395098,0.40529637533083496,0,6357,fhi:git
county,Møre og Romsdal,2021-02-02,279,195,5561,1270,2.09660757508351,0.47881525271642794,474,6831,fhi:git
county,Møre og Romsdal,2021-02-03,1045,312,6606,1582,2.49059335389348,0.5964454565333779,1357,8188,fhi:git
county,Møre og Romsdal,2021-02-04,1531,463,8137,2045,3.0678107963414,0.7710056628386579,1994,10182,fhi:git
county,Møre og Romsdal,2021-02-05,203,156,8340,2201,3.14434583279922,0.829820764747133,359,10541,fhi:git
county,Møre og Romsdal,2021-02-06,1,2,8341,2203,3.1447228526832496,0.83057480451519,3,10544,fhi:git
county,Møre og Romsdal,2021-02-07,0,1,8341,2204,3.1447228526832496,0.8309518243992191,1,10545,fhi:git
county,Møre og Romsdal,2021-02-08,0,2,8341,2206,3.1447228526832496,0.8317058641672759,2,10547,fhi:git
county,Møre og Romsdal,2021-02-09,317,183,8658,2389,3.26423815592034,0.900700502944526,500,11047,fhi:git
county,Møre og Romsdal,2021-02-10,1172,435,9830,2824,3.7061054600019596,1.064704152497,1607,12654,fhi:git
county,Møre og Romsdal,2021-02-11,1225,805,11055,3629,4.1679548179371,1.36820515914009,2030,14684,fhi:git
county,Møre og Romsdal,2021-02-12,304,207,11359,3836,4.28256886268182,1.44624827513403,511,15195,fhi:git
county,Møre og Romsdal,2021-02-13,24,0,11383,3836,4.29161733989851,1.44624827513403,24,15219,fhi:git
county,Møre og Romsdal,2021-02-14,0,0,11383,3836,4.29161733989851,1.44624827513403,0,15219,fhi:git
county,Møre og Romsdal,2021-02-15,1,8,11384,3844,4.29199435978253,1.4492644342062602,9,15228,fhi:git
county,Møre og Romsdal,2021-02-16,342,58,11726,3902,4.42093516012034,1.4711315874799198,400,15628,fhi:git
county,Møre og Romsdal,2021-02-17,1162,410,12888,4312,4.85903226536168,1.62570973993168,1572,17200,fhi:git
county,Møre og Romsdal,2021-02-18,1152,505,14040,4817,5.29335917176272,1.8161047813661702,1657,18857,fhi:git
county,Møre og Romsdal,2021-02-19,492,70,14532,4887,5.478852954704831,1.84249617324818,562,19419,fhi:git
county,Møre og Romsdal,2021-02-20,9,0,14541,4887,5.48224613366109,1.84249617324818,9,19428,fhi:git
county,Møre og Romsdal,2021-02-21,0,0,14541,4887,5.48224613366109,1.84249617324818,0,19428,fhi:git
county,Møre og Romsdal,2021-02-22,5,0,14546,4887,5.4841312330812295,1.84249617324818,5,19433,fhi:git
county,Møre og Romsdal,2021-02-23,362,171,14908,5058,5.6206124310996195,1.90696657341708,533,19966,fhi:git
county,Nordland,2020-12-27,0,0,0,0,0.0,0.0,0,0,fhi:git
county,Nordland,2020-12-28,0,0,0,0,0.0,0.0,0,0,fhi:git
county,Nordland,2020-12-29,0,0,0,0,0.0,0.0,0,0,fhi:git
county,Nordland,2020-12-30,1,0,1,0,0.00041453354612722,0.0,1,1,fhi:git
county,Nordland,2020-12-31,0,0,1,0,0.00041453354612722,0.0,0,1,fhi:git
county,Nordland,2021-01-01,0,0,1,0,0.00041453354612722,0.0,0,1,fhi:git
county,Nordland,2021-01-02,0,0,1,0,0.00041453354612722,0.0,0,1,fhi:git
county,Nordland,2021-01-03,0,0,1,0,0.00041453354612722,0.0,0,1,fhi:git
county,Nordland,2021-01-04,0,0,1,0,0.00041453354612722,0.0,0,1,fhi:git
county,Nordland,2021-01-05,200,0,201,0,0.0833212427715713,0.0,200,201,fhi:git
county,Nordland,2021-01-06,686,0,887,0,0.367691255414845,0.0,686,887,fhi:git
county,Nordland,2021-01-07,238,0,1125,0,0.46635023939312303,0.0,238,1125,fhi:git
county,Nordland,2021-01-08,115,0,1240,0,0.514021597197753,0.0,115,1240,fhi:git
county,Nordland,2021-01-09,0,0,1240,0,0.514021597197753,0.0,0,1240,fhi:git
county,Nordland,2021-01-10,0,0,1240,0,0.514021597197753,0.0,0,1240,fhi:git
county,Nordland,2021-01-11,0,0,1240,0,0.514021597197753,0.0,0,1240,fhi:git
county,Nordland,2021-01-12,291,0,1531,0,0.6346508591207739,0.0,291,1531,fhi:git
county,Nordland,2021-01-13,626,0,2157,0,0.894148858996414,0.0,626,2157,fhi:git
county,Nordland,2021-01-14,273,0,2430,0,1.00731651708915,0.0,273,2430,fhi:git
county,Nordland,2021-01-15,69,0,2499,0,1.03591933177192,0.0,69,2499,fhi:git
county,Nordland,2021-01-16,0,0,2499,0,1.03591933177192,0.0,0,2499,fhi:git
county,Nordland,2021-01-17,1,0,2500,0,1.03633386531805,0.0,1,2500,fhi:git
county,Nordland,2021-01-18,0,0,2500,0,1.03633386531805,0.0,0,2500,fhi:git
county,Nordland,2021-01-19,313,0,2813,0,1.1660828652558701,0.0,313,2813,fhi:git
county,Nordland,2021-01-20,783,0,3596,0,1.4906626318734801,0.0,783,3596,fhi:git
county,Nordland,2021-01-21,611,0,4207,0,1.7439426285572202,0.0,611,4207,fhi:git
county,Nordland,2021-01-22,166,0,4373,0,1.81275519721433,0.0,166,4373,fhi:git
county,Nordland,2021-01-23,4,0,4377,0,1.81441333139884,0.0,4,4377,fhi:git
county,Nordland,2021-01-24,0,0,4377,0,1.81441333139884,0.0,0,4377,fhi:git
county,Nordland,2021-01-25,51,0,4428,0,1.83555454225133,0.0,51,4428,fhi:git
county,Nordland,2021-01-26,119,90,4547,90,1.88488403424047,0.0373080191514498,209,4637,fhi:git
county,Nordland,2021-01-27,624,528,5171,618,2.1435529670238602,0.256181731506622,1152,5789,fhi:git
county,Nordland,2021-01-28,471,365,5642,983,2.33879826724978,0.407486475843058,836,6625,fhi:git
county,Nordland,2021-01-29,212,145,5854,1128,2.42667937902875,0.467593840031505,357,6982,fhi:git
county,Nordland,2021-01-30,0,0,5854,1128,2.42667937902875,0.467593840031505,0,6982,fhi:git
county,Nordland,2021-01-31,0,0,5854,1128,2.42667937902875,0.467593840031505,0,6982,fhi:git
county,Nordland,2021-02-01,9,4,5863,1132,2.4304101809438903,0.46925197421601295,13,6995,fhi:git
county,Nordland,2021-02-02,110,199,5973,1331,2.4760088710178905,0.5517441498953299,309,7304,fhi:git
county,Nordland,2021-02-03,1386,446,7359,1777,3.0505523659502103,0.7366261114680709,1832,9136,fhi:git
county,Nordland,2021-02-04,1664,347,9023,2124,3.74033618670591,0.880469251974216,2011,11147,fhi:git
county,Nordland,2021-02-05,328,125,9351,2249,3.87630318983564,0.932285945240119,453,11600,fhi:git
county,Nordland,2021-02-06,0,0,9351,2249,3.87630318983564,0.932285945240119,0,11600,fhi:git
county,Nordland,2021-02-07,1,0,9352,2249,3.8767177233817596,0.932285945240119,1,11601,fhi:git
county,Nordland,2021-02-08,6,1,9358,2250,3.87920492465853,0.9327004787862461,7,11608,fhi:git
county,Nordland,2021-02-09,69,262,9427,2512,3.9078077393413104,1.04130826787158,331,11939,fhi:git
county,Nordland,2021-02-10,1995,589,11422,3101,4.73480216386511,1.2854685265405101,2584,14523,fhi:git
county,Nordland,2021-02-11,1195,560,12617,3661,5.230169751487139,1.51760731237175,1755,16278,fhi:git
county,Nordland,2021-02-12,280,230,12897,3891,5.34623914440276,1.61295002798101,510,16788,fhi:git
county,Nordland,2021-02-13,52,3,12949,3894,5.36779488880138,1.6141936286193999,55,16843,fhi:git
county,Nordland,2021-02-14,0,0,12949,3894,5.36779488880138,1.6141936286193999,0,16843,fhi:git
county,Nordland,2021-02-15,0,1,12949,3895,5.36779488880138,1.61460816216552,1,16844,fhi:git
county,Nordland,2021-02-16,219,70,13168,3965,5.45857773540324,1.64362551039443,289,17133,fhi:git
county,Nordland,2021-02-17,1463,504,14631,4469,6.06504031338736,1.8525504176425502,1967,19100,fhi:git
county,Nordland,2021-02-18,838,596,15469,5065,6.41241942504197,2.09961241113437,1434,20534,fhi:git
county,Nordland,2021-02-19,304,224,15773,5289,6.538437623064651,2.19246792546687,528,21062,fhi:git
county,Nordland,2021-02-20,0,0,15773,5289,6.538437623064651,2.19246792546687,0,21062,fhi:git
county,Nordland,2021-02-21,0,0,15773,5289,6.538437623064651,2.19246792546687,0,21062,fhi:git
county,Nordland,2021-02-22,268,0,16041,5289,6.64953261342674,2.19246792546687,268,21330,fhi:git
county,Nordland,2021-02-23,305,36,16346,5325,6.775965344995541,2.20739113312745,341,21671,fhi:git
county,Viken,2020-12-27,0,0,0,0,0.0,0.0,0,0,fhi:git
county,Viken,2020-12-28,65,0,65,0,0.00523701522360041,0.0,65,65,fhi:git
county,Viken,2020-12-29,689,0,754,0,0.0607493765937647,0.0,689,754,fhi:git
county,Viken,2020-12-30,216,0,970,0,0.0781523810291138,0.0,216,970,fhi:git
county,Viken,2020-12-31,67,0,1037,0,0.0835505351826711,0.0,67,1037,fhi:git
county,Viken,2021-01-01,0,0,1037,0,0.0835505351826711,0.0,0,1037,fhi:git
county,Viken,2021-01-02,0,0,1037,0,0.0835505351826711,0.0,0,1037,fhi:git
county,Viken,2021-01-03,0,0,1037,0,0.0835505351826711,0.0,0,1037,fhi:git
county,Viken,2021-01-04,0,0,1037,0,0.0835505351826711,0.0,0,1037,fhi:git
county,Viken,2021-01-05,524,0,1561,0,0.12576893483138799,0.0,524,1561,fhi:git
county,Viken,2021-01-06,1645,0,3206,0,0.25830570472096803,0.0,1645,3206,fhi:git
county,Viken,2021-01-07,1916,0,5122,0,0.412676799619712,0.0,1916,5122,fhi:git
county,Viken,2021-01-08,280,0,5402,0,0.435236249813683,0.0,280,5402,fhi:git
county,Viken,2021-01-09,6,0,5408,0,0.435719666603554,0.0,6,5408,fhi:git
county,Viken,2021-01-10,5,0,5413,0,0.43612251392844603,0.0,5,5413,fhi:git
county,Viken,2021-01-11,56,0,5469,0,0.44063440396724,0.0,56,5469,fhi:git
county,Viken,2021-01-12,787,0,6256,0,0.504042572905295,0.0,787,6256,fhi:git
county,Viken,2021-01-13,1942,0,8198,0,0.660508473893479,0.0,1942,8198,fhi:git
county,Viken,2021-01-14,1952,0,10150,0,0.817780069531448,0.0,1952,10150,fhi:git
county,Viken,2021-01-15,1042,0,11192,0,0.901733452039012,0.0,1042,11192,fhi:git
county,Viken,2021-01-16,87,0,11279,0,0.908742995492138,0.0,87,11279,fhi:git
county,Viken,2021-01-17,22,0,11301,0,0.910515523721665,0.0,22,11301,fhi:git
county,Viken,2021-01-18,141,51,11442,51,0.921875818283629,0.00410904271390186,192,11493,fhi:git
county,Viken,2021-01-19,643,384,12085,435,0.9736819842647829,0.0350477172656335,1027,12520,fhi:git
county,Viken,2021-01-20,1489,342,13574,777,1.09364991761772,0.0626024742882695,1831,14351,fhi:git
county,Viken,2021-01-21,1998,99,15572,876,1.2546277086447,0.0705788513211378,2097,16448,fhi:git
county,Viken,2021-01-22,818,1,16390,877,1.32053353099709,0.0706594207861163,819,17267,fhi:git
county,Viken,2021-01-23,97,0,16487,877,1.3283487691,0.0706594207861163,97,17364,fhi:git
county,Viken,2021-01-24,0,0,16487,877,1.3283487691,0.0706594207861163,0,17364,fhi:git
county,Viken,2021-01-25,59,0,16546,877,1.33310236753373,0.0706594207861163,59,17423,fhi:git
county,Viken,2021-01-26,559,391,17105,1268,1.37814069845669,0.102162081592697,950,18373,fhi:git
county,Viken,2021-01-27,1932,1145,19037,2413,1.53380090479509,0.194414118993043,3077,21450,fhi:git
county,Viken,2021-01-28,3103,1704,22140,4117,1.7838079546232801,0.331704487316352,4807,26257,fhi:git
county,Viken,2021-01-29,1031,420,23171,4537,1.86687507301608,0.3655436626073089,1451,27708,fhi:git
county,Viken,2021-01-30,5,17,23176,4554,1.86727792034097,0.36691334351194205,22,27730,fhi:git
county,Viken,2021-01-31,1,3,23177,4557,1.8673584898059499,0.36715505190687797,4,27734,fhi:git
county,Viken,2021-02-01,24,45,23201,4602,1.8692921569654297,0.37078067783090896,69,27803,fhi:git
county,Viken,2021-02-02,1015,685,24216,5287,1.9510701639185801,0.42597076134115897,1700,29503,fhi:git
county,Viken,2021-02-03,4717,1710,28933,6997,2.33111633022201,0.5637445464543389,6427,35930,fhi:git
county,Viken,2021-02-04,6623,1750,35556,8747,2.8647278967744,0.704741110166658,8373,44303,fhi:git
county,Viken,2021-02-05,3128,1092,38684,9839,3.1167491832270495,0.792722965923145,4220,48523,fhi:git
county,Viken,2021-02-06,37,87,38721,9926,3.11973025343125,0.799732509376271,124,48647,fhi:git
county,Viken,2021-02-07,15,19,38736,9945,3.12093879540593,0.801263329210863,34,48681,fhi:git
county,Viken,2021-02-08,17,95,38753,10040,3.12230847631056,0.8089174283838171,112,48793,fhi:git
county,Viken,2021-02-09,784,564,39537,10604,3.18547493685368,0.854358606631673,1348,50141,fhi:git
county,Viken,2021-02-10,3420,1327,42957,11931,3.46102250708004,0.9612742866580991,4747,54888,fhi:git
county,Viken,2021-02-11,4812,1898,47769,13829,3.84872277255643,1.11419513118723,6710,61598,fhi:git
county,Viken,2021-02-12,2411,970,50180,14799,4.04297575261951,1.19234751221635,3381,64979,fhi:git
county,Viken,2021-02-13,21,96,50201,14895,4.04466771138406,1.20008218085428,117,65096,fhi:git
county,Viken,2021-02-14,6,0,50207,14895,4.04515112817393,1.20008218085428,6,65102,fhi:git
county,Viken,2021-02-15,352,123,50559,15018,4.07351157984635,1.20999222504663,475,65577,fhi:git
county,Viken,2021-02-16,1354,315,51913,15333,4.1826026354272,1.2353716065148501,1669,67246,fhi:git
county,Viken,2021-02-17,4296,1643,56209,16976,4.5287290569747,1.36774723747447,5939,73185,fhi:git
county,Viken,2021-02-18,4771,2794,60980,19770,4.91312597438697,1.59285832262431,7565,80750,fhi:git
county,Viken,2021-02-19,3703,1129,64683,20899,5.211474703202231,1.683821248585,4832,85582,fhi:git
county,Viken,2021-02-20,23,4,64706,20903,5.21332780089674,1.6841435264449098,27,85609,fhi:git
county,Viken,2021-02-21,0,1,64706,20904,5.21332780089674,1.68422409590989,1,85610,fhi:git
county,Viken,2021-02-22,584,7,65290,20911,5.26038036844416,1.68478808216474,591,86201,fhi:git
county,Viken,2021-02-23,1862,716,67152,21627,5.41040071223407,1.74247581908932,2578,88779,fhi:git
county,Innlandet,2020-12-27,0,0,0,0,0.0,0.0,0,0,fhi:git
county,Innlandet,2020-12-28,271,0,271,0,0.07297009841539098,0.0,271,271,fhi:git
county,Innlandet,2020-12-29,260,0,531,0,0.142978310917242,0.0,260,531,fhi:git
county,Innlandet,2020-12-30,149,0,680,0,0.18309840192791801,0.0,149,680,fhi:git
county,Innlandet,2020-12-31,0,0,680,0,0.18309840192791801,0.0,0,680,fhi:git
county,Innlandet,2021-01-01,0,0,680,0,0.18309840192791801,0.0,0,680,fhi:git
county,Innlandet,2021-01-02,0,0,680,0,0.18309840192791801,0.0,0,680,fhi:git
county,Innlandet,2021-01-03,0,0,680,0,0.18309840192791801,0.0,0,680,fhi:git
county,Innlandet,2021-01-04,0,0,680,0,0.18309840192791801,0.0,0,680,fhi:git
county,Innlandet,2021-01-05,271,0,951,0,0.25606850034331,0.0,271,951,fhi:git
county,Innlandet,2021-01-06,703,0,1654,0,0.445359936454084,0.0,703,1654,fhi:git
county,Innlandet,2021-01-07,717,0,2371,0,0.638421045545727,0.0,717,2371,fhi:git
county,Innlandet,2021-01-08,76,0,2447,0,0.65888498458473,0.0,76,2447,fhi:git
county,Innlandet,2021-01-09,0,0,2447,0,0.65888498458473,0.0,0,2447,fhi:git
county,Innlandet,2021-01-10,0,0,2447,0,0.65888498458473,0.0,0,2447,fhi:git
county,Innlandet,2021-01-11,50,0,2497,0,0.672348102373548,0.0,50,2497,fhi:git
county,Innlandet,2021-01-12,403,0,2900,0,0.780860831751417,0.0,403,2900,fhi:git
county,Innlandet,2021-01-13,994,0,3894,0,1.04850761339311,0.0,994,3894,fhi:git
county,Innlandet,2021-01-14,958,0,4852,0,1.30646095022685,0.0,958,4852,fhi:git
county,Innlandet,2021-01-15,279,0,5131,0,1.38158514748846,0.0,279,5131,fhi:git
county,Innlandet,2021-01-16,4,0,5135,0,1.38266219691156,0.0,4,5135,fhi:git
county,Innlandet,2021-01-17,0,0,5135,0,1.38266219691156,0.0,0,5135,fhi:git
county,Innlandet,2021-01-18,62,0,5197,0,1.39935646296969,0.0,62,5197,fhi:git
county,Innlandet,2021-01-19,332,318,5529,318,1.48875156508744,0.0856254291368795,650,5847,fhi:git
county,Innlandet,2021-01-20,665,252,6194,570,1.66781103167872,0.15347954279252,917,6764,fhi:git
county,Innlandet,2021-01-21,832,48,7026,618,1.8918373116846396,0.166404135869785,880,7644,fhi:git
county,Innlandet,2021-01-22,238,0,7264,618,1.95592175235941,0.166404135869785,238,7882,fhi:git
county,Innlandet,2021-01-23,5,0,7269,618,1.95726806413829,0.166404135869785,5,7887,fhi:git
county,Innlandet,2021-01-24,0,0,7269,618,1.95726806413829,0.166404135869785,0,7887,fhi:git
county,Innlandet,2021-01-25,1,0,7270,618,1.95753732649407,0.166404135869785,1,7888,fhi:git
county,Innlandet,2021-01-26,148,131,7418,749,1.9973881551489698,0.201677504476487,279,8167,fhi:git
county,Innlandet,2021-01-27,932,603,8350,1352,2.2483406707325297,0.364042705009626,1535,9702,fhi:git
county,Innlandet,2021-01-28,903,707,9253,2059,2.4914845779985697,0.554411190543506,1610,11312,fhi:git
county,Innlandet,2021-01-29,319,132,9572,2191,2.57737926949123,0.589953821505984,451,11763,fhi:git
county,Innlandet,2021-01-30,1,0,9573,2191,2.5776485318470095,0.589953821505984,1,11764,fhi:git
county,Innlandet,2021-01-31,0,0,9573,2191,2.5776485318470095,0.589953821505984,0,11764,fhi:git
county,Innlandet,2021-02-01,9,49,9582,2240,2.5800718930489905,0.6031476769390259,58,11822,fhi:git
county,Innlandet,2021-02-02,608,341,10190,2581,2.7437834053610097,0.694966140258761,949,12771,fhi:git
county,Innlandet,2021-02-03,2293,872,12483,3453,3.3612019871561896,0.929762914495739,3165,15936,fhi:git
county,Innlandet,2021-02-04,2639,994,15122,4447,4.07178534404998,1.1974096961374299,3633,19569,fhi:git
county,Innlandet,2021-02-05,807,269,15929,4716,4.289080065161491,1.26984126984127,1076,20645,fhi:git
county,Innlandet,2021-02-06,7,4,15936,4720,4.29096490165192,1.2709183192643798,11,20656,fhi:git
county,Innlandet,2021-02-07,0,0,15936,4720,4.29096490165192,1.2709183192643798,0,20656,fhi:git
county,Innlandet,2021-02-08,2,62,15938,4782,4.29150342636348,1.28761258532251,64,20720,fhi:git
county,Innlandet,2021-02-09,256,269,16194,5051,4.36043458944222,1.3600441590263501,525,21245,fhi:git
county,Innlandet,2021-02-10,2069,578,18263,5629,4.917538403543491,1.51567780066508,2647,23892,fhi:git
county,Innlandet,2021-02-11,2215,844,20478,6473,5.5139545215881105,1.74293522894032,3059,26951,fhi:git
county,Innlandet,2021-02-12,430,279,20908,6752,5.629737334571941,1.8180594262019198,709,27660,fhi:git
county,Innlandet,2021-02-13,0,5,20908,6757,5.629737334571941,1.8194057379808,5,27665,fhi:git
county,Innlandet,2021-02-14,1,0,20909,6757,5.63000659692772,1.8194057379808,1,27666,fhi:git
county,Innlandet,2021-02-15,87,14,20996,6771,5.653432421880259,1.82317541096167,101,27767,fhi:git
county,Innlandet,2021-02-16,518,91,21514,6862,5.7929103221724105,1.84767828533732,609,28376,fhi:git
county,Innlandet,2021-02-17,1500,760,23014,7622,6.196803855836941,2.05231767572735,2260,30636,fhi:git
county,Innlandet,2021-02-18,1429,888,24443,8510,6.58157976224134,2.29142264765674,2317,32953,fhi:git
county,Innlandet,2021-02-19,537,294,24980,8804,6.72617364729324,2.37058578025499,831,33784,fhi:git
county,Innlandet,2021-02-20,0,0,24980,8804,6.72617364729324,2.37058578025499,0,33784,fhi:git
county,Innlandet,2021-02-21,0,0,24980,8804,6.72617364729324,2.37058578025499,0,33784,fhi:git
county,Innlandet,2021-02-22,250,3,25230,8807,6.79348923623733,2.3713935673223197,253,34037,fhi:git
county,Innlandet,2021-02-23,275,262,25505,9069,6.86753638407583,2.4419403045357204,537,34574,fhi:git
county,Vestfold og Telemark,2020-12-27,0,0,0,0,0.0,0.0,0,0,fhi:git
county,Vestfold og Telemark,2020-12-28,0,0,0,0,0.0,0.0,0,0,fhi:git
county,Vestfold og Telemark,2020-12-29,0,0,0,0,0.0,0.0,0,0,fhi:git
county,Vestfold og Telemark,2020-12-30,0,0,0,0,0.0,0.0,0,0,fhi:git
county,Vestfold og Telemark,2020-12-31,0,0,0,0,0.0,0.0,0,0,fhi:git
county,Vestfold og Telemark,2021-01-01,0,0,0,0,0.0,0.0,0,0,fhi:git
county,Vestfold og Telemark,2021-01-02,0,0,0,0,0.0,0.0,0,0,fhi:git
county,Vestfold og Telemark,2021-01-03,0,0,0,0,0.0,0.0,0,0,fhi:git
county,Vestfold og Telemark,2021-01-04,1,0,1,0,0.00023843813484153399,0.0,1,1,fhi:git
county,Vestfold og Telemark,2021-01-05,218,0,219,0,0.052217951530296,0.0,218,219,fhi:git
county,Vestfold og Telemark,2021-01-06,1026,0,1245,0,0.29685547787771,0.0,1026,1245,fhi:git
county,Vestfold og Telemark,2021-01-07,442,0,1687,0,0.40224513347766794,0.0,442,1687,fhi:git
county,Vestfold og Telemark,2021-01-08,64,0,1751,0,0.417505174107526,0.0,64,1751,fhi:git
county,Vestfold og Telemark,2021-01-09,0,0,1751,0,0.417505174107526,0.0,0,1751,fhi:git
county,Vestfold og Telemark,2021-01-10,2,0,1753,0,0.417982050377209,0.0,2,1753,fhi:git
county,Vestfold og Telemark,2021-01-11,3,0,1756,0,0.41869736478173397,0.0,3,1756,fhi:git
county,Vestfold og Telemark,2021-01-12,418,0,2174,0,0.518364505145495,0.0,418,2174,fhi:git
county,Vestfold og Telemark,2021-01-13,1166,0,3340,0,0.796383370370724,0.0,1166,3340,fhi:git
county,Vestfold og Telemark,2021-01-14,582,0,3922,0,0.935154364848496,0.0,582,3922,fhi:git
county,Vestfold og Telemark,2021-01-15,157,0,4079,0,0.9725891520186171,0.0,157,4079,fhi:git
county,Vestfold og Telemark,2021-01-16,3,0,4082,0,0.9733044664231421,0.0,3,4082,fhi:git
county,Vestfold og Telemark,2021-01-17,41,0,4123,0,0.983080429951645,0.0,41,4123,fhi:git
county,Vestfold og Telemark,2021-01-18,7,0,4130,0,0.984749496895535,0.0,7,4130,fhi:git
county,Vestfold og Telemark,2021-01-19,233,0,4363,0,1.04030558231361,0.0,233,4363,fhi:git
county,Vestfold og Telemark,2021-01-20,1606,0,5969,0,1.42323722686912,0.0,1606,5969,fhi:git
county,Vestfold og Telemark,2021-01-21,829,0,6798,0,1.6209024406527501,0.0,829,6798,fhi:git
county,Vestfold og Telemark,2021-01-22,179,0,6977,0,1.66358286678938,0.0,179,6977,fhi:git
county,Vestfold og Telemark,2021-01-23,3,0,6980,0,1.66429818119391,0.0,3,6980,fhi:git
county,Vestfold og Telemark,2021-01-24,0,0,6980,0,1.66429818119391,0.0,0,6980,fhi:git
county,Vestfold og Telemark,2021-01-25,44,0,7024,0,1.67478945912693,0.0,44,7024,fhi:git
county,Vestfold og Telemark,2021-01-26,103,178,7127,178,1.69934858701561,0.0424419880017931,281,7305,fhi:git
county,Vestfold og Telemark,2021-01-27,1623,898,8750,1076,2.08633367986342,0.25655943308949103,2521,9826,fhi:git
county,Vestfold og Telemark,2021-01-28,652,449,9402,1525,2.2417953437801,0.363618155633339,1101,10927,fhi:git
county,Vestfold og Telemark,2021-01-29,87,91,9489,1616,2.2625394615113197,0.38531602590391906,178,11105,fhi:git
county,Vestfold og Telemark,2021-01-30,0,0,9489,1616,2.2625394615113197,0.38531602590391906,0,11105,fhi:git
county,Vestfold og Telemark,2021-01-31,0,1,9489,1617,2.2625394615113197,0.385554464038761,1,11106,fhi:git
county,Vestfold og Telemark,2021-02-01,49,1,9538,1618,2.2742229301185497,0.38579290217360207,50,11156,fhi:git
county,Vestfold og Telemark,2021-02-02,462,327,10000,1945,2.38438134841534,0.463762172266784,789,11945,fhi:git
county,Vestfold og Telemark,2021-02-03,3207,847,13207,2792,3.1490524468521404,0.665719272477563,4054,15999,fhi:git
county,Vestfold og Telemark,2021-02-04,1895,708,15102,3500,3.6008927123768504,0.834533471945369,2603,18602,fhi:git
county,Vestfold og Telemark,2021-02-05,952,244,16054,3744,3.8278858167459906,0.892712376846703,1196,19798,fhi:git
county,Vestfold og Telemark,2021-02-06,0,4,16054,3748,3.8278858167459906,0.8936661293860699,4,19802,fhi:git
county,Vestfold og Telemark,2021-02-07,2,1,16056,3749,3.82836269301567,0.893904567520911,3,19805,fhi:git
county,Vestfold og Telemark,2021-02-08,17,46,16073,3795,3.83241614130798,0.9048727217236221,63,19868,fhi:git
county,Vestfold og Telemark,2021-02-09,351,208,16424,4003,3.91610792663736,0.9544678537706609,559,20427,fhi:git
county,Vestfold og Telemark,2021-02-10,2878,1395,19302,5398,4.60233287871129,1.2870890518746,4273,24700,fhi:git
county,Vestfold og Telemark,2021-02-11,1529,875,20831,6273,4.966904786883999,1.49572241986094,2404,27104,fhi:git
county,Vestfold og Telemark,2021-02-12,604,213,21435,6486,5.11092142032828,1.54650974258219,817,27921,fhi:git
county,Vestfold og Telemark,2021-02-13,2,2,21437,6488,5.11139829659796,1.54698661885187,4,27925,fhi:git
county,Vestfold og Telemark,2021-02-14,0,0,21437,6488,5.11139829659796,1.54698661885187,0,27925,fhi:git
county,Vestfold og Telemark,2021-02-15,4,2,21441,6490,5.11235204913733,1.54746349512156,6,27931,fhi:git
county,Vestfold og Telemark,2021-02-16,571,74,22012,6564,5.248500224131849,1.56510791709983,645,28576,fhi:git
county,Vestfold og Telemark,2021-02-17,3006,1516,25018,8080,5.9652452574655,1.9265801295196,4522,33098,fhi:git
county,Vestfold og Telemark,2021-02-18,1793,612,26811,8692,6.39276483323637,2.07250426804261,2405,35503,fhi:git
county,Vestfold og Telemark,2021-02-19,277,73,27088,8765,6.45881219658747,2.08991025188605,350,35853,fhi:git
county,Vestfold og Telemark,2021-02-20,0,1,27088,8766,6.45881219658747,2.09014869002089,1,35854,fhi:git
county,Vestfold og Telemark,2021-02-21,0,0,27088,8766,6.45881219658747,2.09014869002089,0,35854,fhi:git
county,Vestfold og Telemark,2021-02-22,42,0,27130,8766,6.46882659825082,2.09014869002089,42,35896,fhi:git
county,Vestfold og Telemark,2021-02-23,569,204,27699,8970,6.6044978969756505,2.13879006952856,773,36669,fhi:git
county,Agder,2020-12-27,0,0,0,0,0.0,0.0,0,0,fhi:git
county,Agder,2020-12-28,0,0,0,0,0.0,0.0,0,0,fhi:git
county,Agder,2020-12-29,0,0,0,0,0.0,0.0,0,0,fhi:git
county,Agder,2020-12-30,0,0,0,0,0.0,0.0,0,0,fhi:git
county,Agder,2020-12-31,0,0,0,0,0.0,0.0,0,0,fhi:git
county,Agder,2021-01-01,0,0,0,0,0.0,0.0,0,0,fhi:git
county,Agder,2021-01-02,0,0,0,0,0.0,0.0,0,0,fhi:git
county,Agder,2021-01-03,3,0,3,0,0.000976463963597423,0.0,3,3,fhi:git
county,Agder,2021-01-04,0,0,3,0,0.000976463963597423,0.0,0,3,fhi:git
county,Agder,2021-01-05,79,0,82,0,0.0266900150049962,0.0,79,82,fhi:git
county,Agder,2021-01-06,791,0,873,0,0.28415101340685,0.0,791,873,fhi:git
county,Agder,2021-01-07,230,0,1103,0,0.359013250615986,0.0,230,1103,fhi:git
county,Agder,2021-01-08,49,0,1152,0,0.37496216202141097,0.0,49,1152,fhi:git
county,Agder,2021-01-09,0,0,1152,0,0.37496216202141097,0.0,0,1152,fhi:git
county,Agder,2021-01-10,0,0,1152,0,0.37496216202141097,0.0,0,1152,fhi:git
county,Agder,2021-01-11,0,0,1152,0,0.37496216202141097,0.0,0,1152,fhi:git
county,Agder,2021-01-12,225,0,1377,0,0.44819695929121706,0.0,225,1377,fhi:git
county,Agder,2021-01-13,851,0,2228,0,0.72518723696502,0.0,851,2228,fhi:git
county,Agder,2021-01-14,519,0,2747,0,0.894115502667374,0.0,519,2747,fhi:git
county,Agder,2021-01-15,118,0,2865,0,0.9325230852355391,0.0,118,2865,fhi:git
county,Agder,2021-01-16,1,0,2866,0,0.9328485732234051,0.0,1,2866,fhi:git
county,Agder,2021-01-17,2,0,2868,0,0.9334995491991371,0.0,2,2868,fhi:git
county,Agder,2021-01-18,15,0,2883,0,0.9383818690171241,0.0,15,2883,fhi:git
county,Agder,2021-01-19,347,0,3230,0,1.05132620080656,0.0,347,3230,fhi:git
county,Agder,2021-01-20,459,0,3689,0,1.20072518723697,0.0,459,3689,fhi:git
county,Agder,2021-01-21,342,0,4031,0,1.3120420790870702,0.0,342,4031,fhi:git
county,Agder,2021-01-22,62,0,4093,0,1.3322223343347501,0.0,62,4093,fhi:git
county,Agder,2021-01-23,1,0,4094,0,1.3325478223226201,0.0,1,4094,fhi:git
county,Agder,2021-01-24,0,0,4094,0,1.3325478223226201,0.0,0,4094,fhi:git
county,Agder,2021-01-25,1,0,4095,0,1.33287331031048,0.0,1,4095,fhi:git
county,Agder,2021-01-26,62,66,4157,66,1.35305356555816,0.0214822071991433,128,4223,fhi:git
county,Agder,2021-01-27,564,681,4721,747,1.53662879071448,0.243139526935758,1245,5468,fhi:git
county,Agder,2021-01-28,961,248,5682,995,1.84942274705352,0.323860547926479,1209,6677,fhi:git
county,Agder,2021-01-29,205,61,5887,1056,1.91614778456601,0.34371531518629306,266,6943,fhi:git
county,Agder,2021-01-30,29,0,5916,1056,1.92558693621412,0.34371531518629306,29,6972,fhi:git
county,Agder,2021-01-31,20,0,5936,1056,1.93209669597144,0.34371531518629306,20,6992,fhi:git
county,Agder,2021-02-01,0,1,5936,1057,1.93209669597144,0.344040803174159,1,6993,fhi:git
county,Agder,2021-02-02,202,170,6138,1227,1.9978452695203301,0.39937376111134604,372,7365,fhi:git
county,Agder,2021-02-03,1323,592,7461,1819,2.42846587746679,0.592062649927905,1915,9280,fhi:git
county,Agder,2021-02-04,1703,500,9164,2319,2.98277192080226,0.754806643860808,2203,11483,fhi:git
county,Agder,2021-02-05,617,133,9781,2452,3.1835980093154705,0.7980965462469609,750,12233,fhi:git
county,Agder,2021-02-06,508,2,10289,2454,3.3489459071513,0.7987475222226921,510,12743,fhi:git
county,Agder,2021-02-07,83,2,10372,2456,3.37596141014416,0.7993984981984241,85,12828,fhi:git
county,Agder,2021-02-08,13,2,10385,2458,3.38019275398641,0.8000494741741558,15,12843,fhi:git
county,Agder,2021-02-09,188,254,10573,2712,3.4413844957051896,0.882723423092071,442,13285,fhi:git
county,Agder,2021-02-10,1148,371,11721,3083,3.8150447057751298,1.00347946659029,1519,14804,fhi:git
county,Agder,2021-02-11,1000,413,12721,3496,4.140532693640941,1.1379060055788601,1413,16217,fhi:git
county,Agder,2021-02-12,352,69,13073,3565,4.25510446536971,1.1603646767416,421,16638,fhi:git
county,Agder,2021-02-13,424,1,13497,3566,4.39311137222481,1.16069016472947,425,17063,fhi:git
county,Agder,2021-02-14,0,0,13497,3566,4.39311137222481,1.16069016472947,0,17063,fhi:git
county,Agder,2021-02-15,1,2,13498,3568,4.39343686021267,1.1613411407052,3,17066,fhi:git
county,Agder,2021-02-16,139,112,13637,3680,4.438679690526019,1.19779579534617,251,17317,fhi:git
county,Agder,2021-02-17,1184,434,14821,4114,4.82405746815914,1.3390575820799298,1618,18935,fhi:git
county,Agder,2021-02-18,1061,790,15882,4904,5.169400223284759,1.59619309249392,1851,20786,fhi:git
county,Agder,2021-02-19,712,330,16594,5234,5.40114767064522,1.7036041284896397,1042,21828,fhi:git
county,Agder,2021-02-20,9,22,16603,5256,5.404077062536009,1.7107648642226898,31,21859,fhi:git
county,Agder,2021-02-21,53,20,16656,5276,5.4213279258929,1.71727462398,73,21932,fhi:git
county,Agder,2021-02-22,214,0,16870,5276,5.49098235529618,1.71727462398,214,22146,fhi:git
county,Agder,2021-02-23,263,200,17133,5476,5.57658569610489,1.7823722215531599,463,22609,fhi:git
county,Vestland,2020-12-27,0,0,0,0,0.0,0.0,0,0,fhi:git
county,Vestland,2020-12-28,0,0,0,0,0.0,0.0,0,0,fhi:git
county,Vestland,2020-12-29,0,0,0,0,0.0,0.0,0,0,fhi:git
county,Vestland,2020-12-30,0,0,0,0,0.0,0.0,0,0,fhi:git
county,Vestland,2020-12-31,0,0,0,0,0.0,0.0,0,0,fhi:git
county,Vestland,2021-01-01,0,0,0,0,0.0,0.0,0,0,fhi:git
county,Vestland,2021-01-02,0,0,0,0,0.0,0.0,0,0,fhi:git
county,Vestland,2021-01-03,0,0,0,0,0.0,0.0,0,0,fhi:git
county,Vestland,2021-01-04,2,0,2,0,0.00031420307887597003,0.0,2,2,fhi:git
county,Vestland,2021-01-05,416,0,418,0,0.0656684434850777,0.0,416,418,fhi:git
county,Vestland,2021-01-06,1254,0,1672,0,0.262673773940311,0.0,1254,1672,fhi:git
county,Vestland,2021-01-07,718,0,2390,0,0.375472679256784,0.0,718,2390,fhi:git
county,Vestland,2021-01-08,139,0,2529,0,0.39730979323866394,0.0,139,2529,fhi:git
county,Vestland,2021-01-09,0,0,2529,0,0.39730979323866394,0.0,0,2529,fhi:git
county,Vestland,2021-01-10,0,0,2529,0,0.39730979323866394,0.0,0,2529,fhi:git
county,Vestland,2021-01-11,65,0,2594,0,0.407521393302133,0.0,65,2594,fhi:git
county,Vestland,2021-01-12,855,0,3449,0,0.54184320952161,0.0,855,3449,fhi:git
county,Vestland,2021-01-13,1125,0,4574,0,0.718582441389343,0.0,1125,4574,fhi:git
county,Vestland,2021-01-14,996,0,5570,0,0.875055574669576,0.0,996,5570,fhi:git
county,Vestland,2021-01-15,424,0,5994,0,0.941666627391282,0.0,424,5994,fhi:git
county,Vestland,2021-01-16,2,0,5996,0,0.941980830470158,0.0,2,5996,fhi:git
county,Vestland,2021-01-17,1,0,5997,0,0.942137932009596,0.0,1,5997,fhi:git
county,Vestland,2021-01-18,62,0,6059,0,0.951878227454751,0.0,62,6059,fhi:git
county,Vestland,2021-01-19,368,0,6427,0,1.00969159396793,0.0,368,6427,fhi:git
county,Vestland,2021-01-20,1234,0,7661,0,1.2035548936343998,0.0,1234,7661,fhi:git
county,Vestland,2021-01-21,782,0,8443,0,1.3264082974749098,0.0,782,8443,fhi:git
county,Vestland,2021-01-22,312,0,8755,0,1.37542397777956,0.0,312,8755,fhi:git
county,Vestland,2021-01-23,0,0,8755,0,1.37542397777956,0.0,0,8755,fhi:git
county,Vestland,2021-01-24,0,0,8755,0,1.37542397777956,0.0,0,8755,fhi:git
county,Vestland,2021-01-25,1,0,8756,0,1.375581079319,0.0,1,8756,fhi:git
county,Vestland,2021-01-26,151,174,8907,174,1.3993034117741299,0.0273356678622094,325,9081,fhi:git
county,Vestland,2021-01-27,1590,1208,10497,1382,1.64909485948053,0.217114327503295,2798,11879,fhi:git
county,Vestland,2021-01-28,1930,677,12427,2059,1.9523008305958403,0.323472069702811,2607,14486,fhi:git
county,Vestland,2021-01-29,481,176,12908,2235,2.0278666710655098,0.351121940643896,657,15143,fhi:git
county,Vestland,2021-01-30,1,0,12909,2235,2.02802377260495,0.351121940643896,1,15144,fhi:git
county,Vestland,2021-01-31,1,0,12910,2235,2.02818087414439,0.351121940643896,1,15145,fhi:git
county,Vestland,2021-02-01,12,59,12922,2294,2.03006609261764,0.3603909314707371,71,15216,fhi:git
county,Vestland,2021-02-02,712,581,13634,2875,2.1419223886974903,0.45166692588420704,1293,16509,fhi:git
county,Vestland,2021-02-03,2811,1038,16445,3913,2.5835348160576603,0.6147383238208349,3849,20358,fhi:git
county,Vestland,2021-02-04,2543,1056,18988,4969,2.9830440308484603,0.7806375494673471,3599,23957,fhi:git
county,Vestland,2021-02-05,878,485,19866,5454,3.1209791824750095,0.85683179609477,1363,25320,fhi:git
county,Vestland,2021-02-06,0,2,19866,5456,3.1209791824750095,0.857145999173646,2,25322,fhi:git
county,Vestland,2021-02-07,2,1,19868,5457,3.12129338555389,0.857303100713084,3,25325,fhi:git
county,Vestland,2021-02-08,8,49,19876,5506,3.12255019786939,0.8650010761455451,57,25382,fhi:git
county,Vestland,2021-02-09,870,305,20746,5811,3.25922853718044,0.9129170456741309,1175,26557,fhi:git
county,Vestland,2021-02-10,2740,967,23486,6778,3.6896867552405204,1.06483423431066,3707,30264,fhi:git
county,Vestland,2021-02-11,2679,833,26165,7611,4.11056177939488,1.1956998166625001,3512,33776,fhi:git
county,Vestland,2021-02-12,607,457,26772,8068,4.20592241383373,1.26749522018566,1064,34840,fhi:git
county,Vestland,2021-02-13,0,0,26772,8068,4.20592241383373,1.26749522018566,0,34840,fhi:git
county,Vestland,2021-02-14,0,2,26772,8070,4.20592241383373,1.26780942326454,2,34842,fhi:git
county,Vestland,2021-02-15,92,1,26864,8071,4.22037575546203,1.26796652480398,93,34935,fhi:git
county,Vestland,2021-02-16,1058,56,27922,8127,4.38658918418742,1.2767642110125,1114,36049,fhi:git
county,Vestland,2021-02-17,2668,1322,30590,9449,4.80573609140796,1.4844524461495199,3990,40039,fhi:git
county,Vestland,2021-02-18,1893,1939,32483,11388,5.10312930556407,1.78907233111977,3832,43871,fhi:git
county,Vestland,2021-02-19,1090,518,33573,11906,5.27436998355147,1.87045092854865,1608,45479,fhi:git
county,Vestland,2021-02-20,0,3,33573,11909,5.27436998355147,1.87092223316696,3,45482,fhi:git
county,Vestland,2021-02-21,0,1,33573,11910,5.27436998355147,1.8710793347064,1,45483,fhi:git
county,Vestland,2021-02-22,46,2,33619,11912,5.28159665436562,1.87139353778528,48,45531,fhi:git
county,Vestland,2021-02-23,457,581,34076,12493,5.35339205788878,1.9626695321987502,1038,46569,fhi:git
county,Trøndelag,2020-12-27,0,0,0,0,0.0,0.0,0,0,fhi:git
county,Trøndelag,2020-12-28,0,0,0,0,0.0,0.0,0,0,fhi:git
county,Trøndelag,2020-12-29,0,0,0,0,0.0,0.0,0,0,fhi:git
county,Trøndelag,2020-12-30,0,0,0,0,0.0,0.0,0,0,fhi:git
county,Trøndelag,2020-12-31,0,0,0,0,0.0,0.0,0,0,fhi:git
county,Trøndelag,2021-01-01,0,0,0,0,0.0,0.0,0,0,fhi:git
county,Trøndelag,2021-01-02,0,0,0,0,0.0,0.0,0,0,fhi:git
county,Trøndelag,2021-01-03,0,0,0,0,0.0,0.0,0,0,fhi:git
county,Trøndelag,2021-01-04,3,0,3,0,0.000640065542711574,0.0,3,3,fhi:git
county,Trøndelag,2021-01-05,407,0,410,0,0.0874756241705817,0.0,407,410,fhi:git
county,Trøndelag,2021-01-06,674,0,1084,0,0.231277016099782,0.0,674,1084,fhi:git
county,Trøndelag,2021-01-07,484,0,1568,0,0.33454092365724897,0.0,484,1568,fhi:git
county,Trøndelag,2021-01-08,141,0,1709,0,0.364624004164693,0.0,141,1709,fhi:git
county,Trøndelag,2021-01-09,0,0,1709,0,0.364624004164693,0.0,0,1709,fhi:git
county,Trøndelag,2021-01-10,0,0,1709,0,0.364624004164693,0.0,0,1709,fhi:git
county,Trøndelag,2021-01-11,95,0,1804,0,0.38489274635056,0.0,95,1804,fhi:git
county,Trøndelag,2021-01-12,500,0,2304,0,0.491570336802489,0.0,500,2304,fhi:git
county,Trøndelag,2021-01-13,859,0,3163,0,0.6748424371989019,0.0,859,3163,fhi:git
county,Trøndelag,2021-01-14,669,0,3832,0,0.817577053223583,0.0,669,3832,fhi:git
county,Trøndelag,2021-01-15,253,0,4085,0,0.87155591399226,0.0,253,4085,fhi:git
county,Trøndelag,2021-01-16,0,0,4085,0,0.87155591399226,0.0,0,4085,fhi:git
county,Trøndelag,2021-01-17,0,0,4085,0,0.87155591399226,0.0,0,4085,fhi:git
county,Trøndelag,2021-01-18,152,0,4237,0,0.903985901489646,0.0,152,4237,fhi:git
county,Trøndelag,2021-01-19,568,0,4805,0,1.02517164424304,0.0,568,4805,fhi:git
county,Trøndelag,2021-01-20,729,0,5534,0,1.18070757112195,0.0,729,5534,fhi:git
county,Trøndelag,2021-01-21,525,0,6059,0,1.29271904109648,0.0,525,6059,fhi:git
county,Trøndelag,2021-01-22,282,0,6341,0,1.3528852021113602,0.0,282,6341,fhi:git
county,Trøndelag,2021-01-23,1,0,6342,0,1.35309855729227,0.0,1,6342,fhi:git
county,Trøndelag,2021-01-24,0,0,6342,0,1.35309855729227,0.0,0,6342,fhi:git
county,Trøndelag,2021-01-25,1,0,6343,0,1.3533119124731698,0.0,1,6343,fhi:git
county,Trøndelag,2021-01-26,313,184,6656,184,1.42009208409608,0.0392573532863098,497,6840,fhi:git
county,Trøndelag,2021-01-27,987,590,7643,774,1.63067364764819,0.165136910019586,1577,8417,fhi:git
county,Trøndelag,2021-01-28,725,479,8368,1253,1.78535615380348,0.267334041672534,1204,9621,fhi:git
county,Trøndelag,2021-01-29,418,229,8786,1482,1.8745386194213,0.31619237809951695,647,10268,fhi:git
county,Trøndelag,2021-01-30,1,0,8787,1482,1.8747519746022,0.31619237809951695,1,10269,fhi:git
county,Trøndelag,2021-01-31,0,1,8787,1483,1.8747519746022,0.316405733280421,1,10270,fhi:git
county,Trøndelag,2021-02-01,13,86,8800,1569,1.87752559195395,0.334754278838153,99,10369,fhi:git
county,Trøndelag,2021-02-02,834,392,9634,1961,2.05546381282777,0.418389509752465,1226,11595,fhi:git
county,Trøndelag,2021-02-03,2020,808,11654,2769,2.48644127825356,0.5907804959227829,2828,14423,fhi:git
county,Trøndelag,2021-02-04,2099,594,13753,3363,2.93427380297076,0.7175134733796741,2693,17116,fhi:git
county,Trøndelag,2021-02-05,1288,319,15041,3682,3.20907527597493,0.785573776088005,1607,18723,fhi:git
county,Trøndelag,2021-02-06,7,0,15048,3682,3.2105687622412504,0.785573776088005,7,18730,fhi:git
county,Trøndelag,2021-02-07,1,0,15049,3682,3.21078211742216,0.785573776088005,1,18731,fhi:git
county,Trøndelag,2021-02-08,3,150,15052,3832,3.21142218296487,0.817577053223583,153,18884,fhi:git
county,Trøndelag,2021-02-09,833,523,15885,4355,3.3891470486577795,0.9291618128363008,1356,20240,fhi:git
county,Trøndelag,2021-02-10,2095,612,17980,4967,3.83612615265136,1.05973518354946,2707,22947,fhi:git
county,Trøndelag,2021-02-11,2289,575,20269,5542,4.3244961617403,1.18241441256918,2864,25811,fhi:git
county,Trøndelag,2021-02-12,880,342,21149,5884,4.51224872093569,1.2553818844383,1222,27033,fhi:git
county,Trøndelag,2021-02-13,1,0,21150,5884,4.51246207611659,1.2553818844383,1,27034,fhi:git
county,Trøndelag,2021-02-14,0,0,21150,5884,4.51246207611659,1.2553818844383,0,27034,fhi:git
county,Trøndelag,2021-02-15,0,2,21150,5886,4.51246207611659,1.25580859480011,2,27036,fhi:git
county,Trøndelag,2021-02-16,338,210,21488,6096,4.5845761272621,1.3006131827899199,548,27584,fhi:git
county,Trøndelag,2021-02-17,2044,888,23532,6984,5.020674117029579,1.49007258343254,2932,30516,fhi:git
county,Trøndelag,2021-02-18,1791,747,25323,7731,5.40279324602839,1.64944890356773,2538,33054,fhi:git
county,Trøndelag,2021-02-19,1010,408,26333,8139,5.61828197874129,1.7364978173765,1418,34472,fhi:git
county,Trøndelag,2021-02-20,0,1,26333,8140,5.61828197874129,1.7367111725573998,1,34473,fhi:git
county,Trøndelag,2021-02-21,0,0,26333,8140,5.61828197874129,1.7367111725573998,0,34473,fhi:git
county,Trøndelag,2021-02-22,16,0,26349,8140,5.6216956616357505,1.7367111725573998,16,34489,fhi:git
county,Trøndelag,2021-02-23,305,635,26654,8775,5.686768991811429,1.87219171243135,940,35429,fhi:git
county,Troms og Finnmark,2020-12-27,0,0,0,0,0.0,0.0,0,0,fhi:git
county,Troms og Finnmark,2020-12-28,1,0,1,0,0.00041099662571770297,0.0,1,1,fhi:git
county,Troms og Finnmark,2020-12-29,0,0,1,0,0.00041099662571770297,0.0,0,1,fhi:git
county,Troms og Finnmark,2020-12-30,0,0,1,0,0.00041099662571770297,0.0,0,1,fhi:git
county,Troms og Finnmark,2020-12-31,0,0,1,0,0.00041099662571770297,0.0,0,1,fhi:git
county,Troms og Finnmark,2021-01-01,0,0,1,0,0.00041099662571770297,0.0,0,1,fhi:git
county,Troms og Finnmark,2021-01-02,0,0,1,0,0.00041099662571770297,0.0,0,1,fhi:git
county,Troms og Finnmark,2021-01-03,0,0,1,0,0.00041099662571770297,0.0,0,1,fhi:git
county,Troms og Finnmark,2021-01-04,0,0,1,0,0.00041099662571770297,0.0,0,1,fhi:git
county,Troms og Finnmark,2021-01-05,53,0,54,0,0.022193817788756,0.0,53,54,fhi:git
county,Troms og Finnmark,2021-01-06,530,0,584,0,0.24002202941913797,0.0,530,584,fhi:git
county,Troms og Finnmark,2021-01-07,188,0,772,0,0.317289395054067,0.0,188,772,fhi:git
county,Troms og Finnmark,2021-01-08,247,0,1019,0,0.41880556160633897,0.0,247,1019,fhi:git
county,Troms og Finnmark,2021-01-09,0,0,1019,0,0.41880556160633897,0.0,0,1019,fhi:git
county,Troms og Finnmark,2021-01-10,0,0,1019,0,0.41880556160633897,0.0,0,1019,fhi:git
county,Troms og Finnmark,2021-01-11,1,0,1020,0,0.419216558232057,0.0,1,1020,fhi:git
county,Troms og Finnmark,2021-01-12,188,0,1208,0,0.496483923866985,0.0,188,1208,fhi:git
county,Troms og Finnmark,2021-01-13,569,0,1777,0,0.7303410039003579,0.0,569,1777,fhi:git
county,Troms og Finnmark,2021-01-14,329,0,2106,0,0.8655588937614821,0.0,329,2106,fhi:git
county,Troms og Finnmark,2021-01-15,37,0,2143,0,0.880765768913037,0.0,37,2143,fhi:git
county,Troms og Finnmark,2021-01-16,2,0,2145,0,0.8815877621644731,0.0,2,2145,fhi:git
county,Troms og Finnmark,2021-01-17,1,0,2146,0,0.88199875879019,0.0,1,2146,fhi:git
county,Troms og Finnmark,2021-01-18,0,1,2146,1,0.88199875879019,0.00041099662571770297,1,2147,fhi:git
county,Troms og Finnmark,2021-01-19,249,0,2395,1,0.9843369185938979,0.00041099662571770297,249,2396,fhi:git
county,Troms og Finnmark,2021-01-20,914,0,3309,1,1.3599878344998797,0.00041099662571770297,914,3310,fhi:git
county,Troms og Finnmark,2021-01-21,249,0,3558,1,1.46232599430359,0.00041099662571770297,249,3559,fhi:git
county,Troms og Finnmark,2021-01-22,81,0,3639,1,1.49561672098672,0.00041099662571770297,81,3640,fhi:git
county,Troms og Finnmark,2021-01-23,12,0,3651,1,1.50054868049533,0.00041099662571770297,12,3652,fhi:git
county,Troms og Finnmark,2021-01-24,0,0,3651,1,1.50054868049533,0.00041099662571770297,0,3652,fhi:git
county,Troms og Finnmark,2021-01-25,6,0,3657,1,1.5030146602496397,0.00041099662571770297,6,3658,fhi:git
county,Troms og Finnmark,2021-01-26,84,0,3741,1,1.53753837680993,0.00041099662571770297,84,3742,fhi:git
county,Troms og Finnmark,2021-01-27,668,357,4409,358,1.81208412278935,0.14713679200693802,1025,4767,fhi:git
county,Troms og Finnmark,2021-01-28,234,276,4643,634,1.90825733320729,0.260571860705024,510,5277,fhi:git
county,Troms og Finnmark,2021-01-29,103,243,4746,877,1.95058998565622,0.360444040754425,346,5623,fhi:git
county,Troms og Finnmark,2021-01-30,0,0,4746,877,1.95058998565622,0.360444040754425,0,5623,fhi:git
county,Troms og Finnmark,2021-01-31,0,0,4746,877,1.95058998565622,0.360444040754425,0,5623,fhi:git
county,Troms og Finnmark,2021-02-01,0,2,4746,879,1.95058998565622,0.36126603400586105,2,5625,fhi:git
county,Troms og Finnmark,2021-02-02,120,21,4866,900,1.9999095807423402,0.369896963145933,141,5766,fhi:git
county,Troms og Finnmark,2021-02-03,1156,564,6022,1464,2.4750216800720097,0.601699060050717,1720,7486,fhi:git
county,Troms og Finnmark,2021-02-04,1142,378,7164,1842,2.9443798266416206,0.757055784572009,1520,9006,fhi:git
county,Troms og Finnmark,2021-02-05,280,140,7444,1982,3.0594588818425796,0.814595312172487,420,9426,fhi:git
county,Troms og Finnmark,2021-02-06,1,1,7445,1983,3.0598698784682994,0.8150063087982049,2,9428,fhi:git
county,Troms og Finnmark,2021-02-07,0,1,7445,1984,3.0598698784682994,0.815417305423923,1,9429,fhi:git
county,Troms og Finnmark,2021-02-08,0,0,7445,1984,3.0598698784682994,0.815417305423923,0,9429,fhi:git
county,Troms og Finnmark,2021-02-09,72,26,7517,2010,3.08946163551997,0.8261032176925831,98,9527,fhi:git
county,Troms og Finnmark,2021-02-10,1402,804,8919,2814,3.6656789047761897,1.1565445047696201,2206,11733,fhi:git
county,Troms og Finnmark,2021-02-11,989,466,9908,3280,4.072154567611,1.34806893235407,1455,13188,fhi:git
county,Troms og Finnmark,2021-02-12,265,113,10173,3393,4.18106867342619,1.39451155106017,378,13566,fhi:git
county,Troms og Finnmark,2021-02-13,5,2,10178,3395,4.18312365655478,1.3953335443116,7,13573,fhi:git
county,Troms og Finnmark,2021-02-14,0,0,10178,3395,4.18312365655478,1.3953335443116,0,13573,fhi:git
county,Troms og Finnmark,2021-02-15,0,6,10178,3401,4.18312365655478,1.39779952406591,6,13579,fhi:git
county,Troms og Finnmark,2021-02-16,131,52,10309,3453,4.2369642145238,1.41917134860323,183,13762,fhi:git
county,Troms og Finnmark,2021-02-17,938,581,11247,4034,4.622479049447,1.6579603881452099,1519,15281,fhi:git
county,Troms og Finnmark,2021-02-18,1244,252,12491,4286,5.13375885183983,1.76153153782607,1496,16777,fhi:git
county,Troms og Finnmark,2021-02-19,221,128,12712,4414,5.224589106123441,1.81413910591794,349,17126,fhi:git
county,Troms og Finnmark,2021-02-20,0,0,12712,4414,5.224589106123441,1.81413910591794,0,17126,fhi:git
county,Troms og Finnmark,2021-02-21,0,0,12712,4414,5.224589106123441,1.81413910591794,0,17126,fhi:git
county,Troms og Finnmark,2021-02-22,102,0,12814,4414,5.26651076194665,1.81413910591794,102,17228,fhi:git
county,Troms og Finnmark,2021-02-23,54,70,12868,4484,5.288704579735401,1.84290886971818,124,17352,fhi:git
nation,Norge,2020-12-27,5,0,5,0,9.31518486915891e-05,0.0,5,5,fhi:git
nation,Norge,2020-12-28,602,0,607,0,0.0113086344311589,0.0,602,607,fhi:git
nation,Norge,2020-12-29,1067,0,1674,0,0.031187238941944,0.0,1067,1674,fhi:git
nation,Norge,2020-12-30,424,0,2098,0,0.0390865157109908,0.0,424,2098,fhi:git
nation,Norge,2020-12-31,72,0,2170,0,0.0404279023321497,0.0,72,2170,fhi:git
nation,Norge,2021-01-01,6,0,2176,0,0.0405396845505796,0.0,6,2176,fhi:git
nation,Norge,2021-01-02,0,0,2176,0,0.0405396845505796,0.0,0,2176,fhi:git
nation,Norge,2021-01-03,3,0,2179,0,0.0405955756597945,0.0,3,2179,fhi:git
nation,Norge,2021-01-04,6,0,2185,0,0.0405277398004106,0.0,6,2185,fhi:git
nation,Norge,2021-01-05,3384,0,5569,0,0.10329472903820901,0.0,3384,5569,fhi:git
nation,Norge,2021-01-06,9062,0,14631,0,0.27137819726307,0.0,9062,14631,fhi:git
nation,Norge,2021-01-07,6570,0,21201,0,0.3932396391343279,0.0,6570,21201,fhi:git
nation,Norge,2021-01-08,1615,0,22816,0,0.423194925073761,0.0,1615,22816,fhi:git
nation,Norge,2021-01-09,134,0,22950,0,0.425680379139324,0.0,134,22950,fhi:git
nation,Norge,2021-01-10,107,0,23057,0,0.427665032758841,0.0,107,23057,fhi:git
nation,Norge,2021-01-11,349,0,23406,0,0.43413834222810604,0.0,349,23406,fhi:git
nation,Norge,2021-01-12,4254,0,27660,0,0.5130422347273951,0.0,4254,27660,fhi:git
nation,Norge,2021-01-13,9774,0,37434,0,0.6943319961961422,0.0,9774,37434,fhi:git
nation,Norge,2021-01-14,8471,0,45905,0,0.8514534991019909,0.0,8471,45905,fhi:git
nation,Norge,2021-01-15,4470,0,50375,0,0.9343637951696501,0.0,4470,50375,fhi:git
nation,Norge,2021-01-16,743,0,51118,0,0.9481450815182559,0.0,743,51118,fhi:git
nation,Norge,2021-01-17,343,5,51461,5,0.9545071019995109,9.27408233419007e-05,348,51466,fhi:git
nation,Norge,2021-01-18,1282,283,52743,288,0.9782858491043741,0.00534187142449348,1565,53031,fhi:git
nation,Norge,2021-01-19,4583,771,57326,1059,1.0632920877795602,0.0196425063838146,5354,58385,fhi:git
nation,Norge,2021-01-20,10037,693,67363,1752,1.24946001655609,0.032496384499002,10730,69115,fhi:git
nation,Norge,2021-01-21,8424,168,75787,1920,1.40570975572253,0.0356124761632899,8592,77707,fhi:git
nation,Norge,2021-01-22,3299,7,79086,1927,1.46690015096351,0.0357423133159685,3306,81013,fhi:git
nation,Norge,2021-01-23,356,0,79442,1927,1.4735032975854598,0.0357423133159685,356,81369,fhi:git
nation,Norge,2021-01-24,67,0,79509,1927,1.47474602461824,0.0357423133159685,67,81436,fhi:git
nation,Norge,2021-01-25,574,0,80083,1927,1.48539267113789,0.0357423133159685,574,82010,fhi:git
nation,Norge,2021-01-26,2270,2129,82353,4056,1.5274970049351102,0.0752313558949499,4399,86409,fhi:git
nation,Norge,2021-01-27,11360,7507,93713,11563,1.7382041555679097,0.21447242806048003,18867,105276,fhi:git
nation,Norge,2021-01-28,10866,6542,104579,18105,1.93974851285453,0.335814521321023,17408,122684,fhi:git
nation,Norge,2021-01-29,3789,2098,108368,20203,2.01002750878302,0.374728570795284,5887,128571,fhi:git
nation,Norge,2021-01-30,131,170,108499,20373,2.01245731835458,0.377881758788909,301,128872,fhi:git
nation,Norge,2021-01-31,82,50,108581,20423,2.01397826785738,0.3788091670223279,132,129004,fhi:git
nation,Norge,2021-02-01,180,299,108761,20722,2.01731693749769,0.38435506825817295,479,129483,fhi:git
nation,Norge,2021-02-02,6320,3136,115081,23858,2.1345413382018603,0.44252211265821395,9456,138939,fhi:git
nation,Norge,2021-02-03,24817,8286,139898,32144,2.59485114077705,0.5962122051004111,33103,172042,fhi:git
nation,Norge,2021-02-04,25769,8576,165667,40720,3.07281879611653,0.75528126529644,34345,206387,fhi:git
nation,Norge,2021-02-05,10524,4822,176191,45542,3.26801968108657,0.844720515327369,15346,221733,fhi:git
nation,Norge,2021-02-06,802,734,176993,46276,3.28289530915061,0.8583348681939599,1536,223269,fhi:git
nation,Norge,2021-02-07,320,294,177313,46570,3.2888307218444903,0.8637880286064631,614,223883,fhi:git
nation,Norge,2021-02-08,119,922,177432,47492,3.29103795344003,0.8808894364307099,1041,224924,fhi:git
nation,Norge,2021-02-09,5490,3232,182922,50724,3.39286737746943,0.940837104638914,8722,233646,fhi:git
nation,Norge,2021-02-10,22675,8575,205597,59299,3.8134470113249503,1.09988761667027,31250,264896,fhi:git
nation,Norge,2021-02-11,20695,8510,226292,67809,4.19730127913708,1.2577324979981899,29205,294101,fhi:git
nation,Norge,2021-02-12,7967,3580,234259,71389,4.34507450705006,1.3241349275109902,11547,305648,fhi:git
nation,Norge,2021-02-13,801,303,235060,71692,4.35993158694944,1.32975502140551,1104,306752,fhi:git
nation,Norge,2021-02-14,110,2,235170,71694,4.361971885062959,1.32979211773485,112,306864,fhi:git
nation,Norge,2021-02-15,797,747,235967,72441,4.37675477230366,1.34364759674213,1544,308408,fhi:git
nation,Norge,2021-02-16,5851,2099,241818,74540,4.48528008377835,1.38258019438106,7950,316358,fhi:git
nation,Norge,2021-02-17,21137,9889,262955,84429,4.877332640373901,1.5660029947866698,31026,347384,fhi:git
nation,Norge,2021-02-18,18056,10435,281011,94864,5.2122383016261695,1.75955309310121,28491,375875,fhi:git
nation,Norge,2021-02-19,10109,4465,291120,99329,5.39974169825883,1.84237064834553,14574,390449,fhi:git
nation,Norge,2021-02-20,140,142,291260,99471,5.4023384413124,1.84500448772844,282,390731,fhi:git
nation,Norge,2021-02-21,58,83,291318,99554,5.40341423486317,1.84654398539592,141,390872,fhi:git
nation,Norge,2021-02-22,2361,134,293679,99688,5.44720645164521,1.8490294394614801,2495,393367,fhi:git
nation,Norge,2021-02-23,5063,4655,298742,104343,5.541115809361219,1.9353711459927903,9718,403085,fhi:git
